open_time,open,high,low,close,volume,close_time,quote_volume,count,taker_buy_volume,taker_buy_quote_volume,ignore
1668816000000,273.880,273.910,273.760,273.850,1759.21,1668816059999,481741.45840,444,301.04,82437.77060,0
1668816060000,273.850,274.340,273.850,274.130,2481.44,1668816119999,680370.84530,681,983.97,269752.05440,0
1668816120000,274.130,274.340,273.990,274.320,3537.93,1668816179999,970030.45430,816,1491.43,408964.34470,0
1668816180000,274.330,274.350,273.990,274.050,1485.33,1668816239999,407199.10230,534,341.99,93753.45580,0
1668816240000,274.050,274.230,274.020,274.040,444.09,1668816299999,121743.85860,299,194.64,53355.21070,0
1668816300000,274.040,274.150,273.880,273.940,880.25,1668816359999,241205.46530,360,607.03,166343.83030,0
1668816360000,273.940,274.000,273.870,273.950,342.72,1668816419999,93887.89680,247,144.80,39668.17410,0
1668816420000,273.960,274.030,273.910,273.920,638.96,1668816479999,175051.49690,313,310.04,84940.33340,0
1668816480000,273.920,274.170,273.910,274.100,943.99,1668816539999,258718.77560,380,678.83,186038.84940,0
1668816540000,274.100,274.170,274.080,274.140,203.05,1668816599999,55660.98290,196,132.85,36418.56290,0
1668816600000,274.140,274.280,274.120,274.210,675.79,1668816659999,185298.92840,307,401.61,110115.45980,0
1668816660000,274.210,274.240,274.130,274.200,355.40,1668816719999,97448.49420,257,158.50,43460.64400,0
1668816720000,274.200,274.470,274.190,274.430,1089.02,1668816779999,298786.37180,492,898.21,246441.23950,0
1668816780000,274.430,274.500,274.390,274.430,847.20,1668816839999,232516.74230,373,626.60,171979.57980,0
1668816840000,274.430,274.470,274.380,274.380,228.19,1668816899999,62621.96830,192,100.32,27530.88420,0
1668816900000,274.390,274.390,274.260,274.340,856.50,1668816959999,234957.42790,374,304.60,83557.78510,0
1668816960000,274.350,274.350,274.050,274.050,579.66,1668817019999,158924.71160,318,118.24,32416.52930,0
1668817020000,274.050,274.420,274.050,274.370,872.36,1668817079999,239253.67420,353,673.12,184606.64940,0
1668817080000,274.370,274.370,274.210,274.240,507.19,1668817139999,139126.10110,290,129.35,35483.53830,0
1668817140000,274.240,274.300,274.130,274.160,360.54,1668817199999,98874.30600,239,141.07,38689.22540,0
1668817200000,274.170,274.250,274.160,274.170,279.45,1668817259999,76625.05310,246,167.93,46046.33530,0
1668817260000,274.170,274.270,274.130,274.270,604.48,1668817319999,165758.92900,239,482.65,132348.34830,0
1668817320000,274.270,274.320,274.210,274.290,612.33,1668817379999,167952.32300,247,440.92,120941.97900,0
1668817380000,274.300,274.320,274.070,274.090,319.09,1668817439999,87489.91520,248,145.73,39958.05620,0
1668817440000,274.090,274.090,273.830,273.890,957.11,1668817499999,262197.51620,408,358.79,98287.12890,0
1668817500000,273.900,273.980,273.890,273.910,372.47,1668817559999,102031.47110,260,206.49,56564.10540,0
1668817560000,273.910,273.950,273.850,273.930,355.67,1668817619999,97419.66590,176,127.27,34861.52840,0
1668817620000,273.930,274.170,273.920,274.100,1230.90,1668817679999,337321.89580,245,831.97,227982.94300,0
1668817680000,274.100,274.200,274.090,274.200,468.86,1668817739999,128539.77340,204,301.16,82567.20560,0
1668817740000,274.210,274.230,274.140,274.150,268.48,1668817799999,73611.11840,178,128.94,35352.21540,0
1668817800000,274.140,274.220,274.110,274.120,366.93,1668817859999,100600.34210,214,235.04,64441.14370,0
1668817860000,274.120,274.120,273.720,273.750,1135.50,1668817919999,311006.31320,386,266.29,72903.67770,0
1668817920000,273.750,273.750,273.600,273.640,543.66,1668817979999,148781.80660,334,190.43,52113.08240,0
1668817980000,273.640,273.780,273.570,273.780,832.04,1668818039999,227715.88180,293,589.39,161313.50910,0
1668818040000,273.780,273.780,273.600,273.610,557.40,1668818099999,152543.54640,268,101.23,27701.89640,0
1668818100000,273.610,273.630,273.530,273.550,381.21,1668818159999,104289.84170,206,212.01,58001.15700,0
1668818160000,273.560,273.590,273.290,273.480,2464.42,1668818219999,673858.23160,651,608.89,166498.89500,0
1668818220000,273.480,273.670,273.470,273.570,436.83,1668818279999,119517.98250,184,358.08,97973.04200,0
1668818280000,273.570,273.570,273.420,273.510,423.62,1668818339999,115859.64920,205,297.59,81392.46480,0
1668818340000,273.520,273.600,273.510,273.600,279.78,1668818399999,76535.60580,161,245.38,67125.20660,0
1668818400000,273.590,273.690,273.380,273.430,876.47,1668818459999,239710.88830,306,405.83,111001.92660,0
1668818460000,273.430,273.560,273.380,273.400,747.52,1668818519999,204424.64450,265,417.73,114232.54180,0
1668818520000,273.420,273.460,273.230,273.240,546.70,1668818579999,149440.31380,296,210.73,57605.08570,0
1668818580000,273.240,273.420,273.230,273.350,694.50,1668818639999,189847.02720,262,484.48,132437.59450,0
1668818640000,273.360,273.420,273.180,273.220,698.39,1668818699999,190836.16230,299,161.85,44231.00530,0
1668818700000,273.210,273.350,273.210,273.270,476.64,1668818759999,130266.03600,205,263.80,72093.31900,0
1668818760000,273.270,273.340,273.190,273.210,438.98,1668818819999,119956.63700,209,138.83,37939.30570,0
1668818820000,273.210,273.270,273.100,273.130,374.25,1668818879999,102243.80060,242,118.41,32352.85870,0
1668818880000,273.120,273.180,273.020,273.040,368.57,1668818939999,100651.77290,250,135.88,37107.68370,0
1668818940000,273.050,273.160,273.040,273.130,578.77,1668818999999,158066.84100,221,481.94,131620.41380,0
1668819000000,273.130,273.140,273.010,273.070,430.55,1668819059999,117572.99240,265,261.93,71526.60980,0
1668819060000,273.080,273.120,272.840,272.870,1229.78,1668819119999,335681.34360,477,198.65,54219.09920,0
1668819120000,272.860,272.950,272.860,272.910,435.03,1668819179999,118720.41160,268,203.55,55548.20290,0
1668819180000,272.920,272.970,272.850,272.900,210.31,1668819239999,57397.37330,194,153.31,41841.72560,0
1668819240000,272.900,272.910,272.670,272.830,1226.40,1668819299999,334523.85510,451,432.20,117896.69580,0
1668819300000,272.820,272.870,272.790,272.840,282.87,1668819359999,77174.98000,172,177.98,48558.55950,0
1668819360000,272.840,272.880,272.650,272.880,961.16,1668819419999,262182.62170,311,709.76,193612.99130,0
1668819420000,272.870,272.900,272.790,272.840,201.08,1668819479999,54865.46430,163,63.00,17190.62820,0
1668819480000,272.830,272.930,272.730,272.910,601.05,1668819539999,164000.64030,241,312.72,85335.72730,0
1668819540000,272.910,273.090,272.910,273.090,818.21,1668819599999,223385.55160,290,769.97,210216.08870,0
1668819600000,273.080,273.190,273.050,273.090,673.93,1668819659999,184058.49320,343,446.82,122030.80280,0
1668819660000,273.090,273.160,273.090,273.150,194.90,1668819719999,53231.50860,160,113.69,31051.65070,0
1668819720000,273.160,273.210,273.060,273.100,570.58,1668819779999,155858.12740,266,158.81,43378.18670,0
1668819780000,273.090,273.130,272.800,272.800,516.35,1668819839999,140958.29580,262,86.92,23737.30950,0
1668819840000,272.810,273.000,272.800,272.990,560.04,1668819899999,152846.77560,231,493.95,134810.00900,0
1668819900000,272.980,273.050,272.960,272.960,322.83,1668819959999,88132.23400,168,143.77,39249.30720,0
1668819960000,272.960,272.970,272.840,272.860,505.45,1668820019999,137939.10260,230,199.96,54571.79800,0
1668820020000,272.870,272.930,272.860,272.900,166.37,1668820079999,45402.41280,136,120.65,32925.33890,0
1668820080000,272.890,272.900,272.760,272.770,400.40,1668820139999,109241.72990,194,123.73,33763.67640,0
1668820140000,272.760,272.830,272.750,272.780,333.56,1668820199999,90993.56690,259,158.41,43213.27730,0
1668820200000,272.780,272.820,272.720,272.730,168.99,1668820259999,46095.73780,193,83.59,22800.49180,0
1668820260000,272.730,272.730,272.560,272.720,955.19,1668820319999,260422.02870,343,231.41,63086.63400,0
1668820320000,272.720,272.750,272.200,272.560,3522.51,1668820379999,959456.13030,1047,779.49,212321.25470,0
1668820380000,272.560,272.640,272.500,272.640,301.36,1668820439999,82139.11680,225,108.38,29543.36840,0
1668820440000,272.640,272.660,272.550,272.550,422.08,1668820499999,115067.05400,240,156.05,42541.59710,0
1668820500000,272.550,272.610,272.540,272.550,340.07,1668820559999,92692.22400,191,196.39,53529.12460,0
1668820560000,272.550,272.570,272.490,272.540,501.79,1668820619999,136749.77580,294,245.84,66996.80960,0
1668820620000,272.550,272.640,272.540,272.600,298.81,1668820679999,81457.27760,213,173.43,47277.06680,0
1668820680000,272.610,272.760,272.600,272.750,249.02,1668820739999,67904.05370,182,169.64,46258.34040,0
1668820740000,272.770,272.780,272.670,272.720,261.00,1668820799999,71182.21690,233,102.72,28017.42620,0
1668820800000,272.730,272.740,272.620,272.650,227.26,1668820859999,61966.99890,184,102.90,28057.11690,0
1668820860000,272.630,272.660,272.570,272.600,233.65,1668820919999,63696.01700,125,180.21,49127.16760,0
1668820920000,272.590,272.640,272.590,272.640,206.66,1668820979999,56340.14300,92,137.02,37354.34330,0
1668820980000,272.640,272.680,272.630,272.660,222.00,1668821039999,60531.48070,179,124.31,33894.90400,0
1668821040000,272.660,272.930,272.660,272.860,1030.81,1668821099999,281225.07910,292,837.04,228346.63510,0
1668821100000,272.870,273.270,272.870,273.240,1370.95,1668821159999,374389.09020,601,960.17,262179.65710,0
1668821160000,273.230,273.240,272.990,273.050,1131.20,1668821219999,308945.07070,409,250.44,68390.17810,0
1668821220000,273.050,273.240,272.970,273.230,597.18,1668821279999,163089.29120,198,402.67,109973.45580,0
1668821280000,273.240,273.500,273.230,273.370,1124.03,1668821339999,307308.86510,445,747.20,204280.31650,0
1668821340000,273.370,273.430,273.370,273.430,263.00,1668821399999,71903.76340,173,224.14,61279.78980,0
1668821400000,273.420,273.530,273.320,273.330,726.54,1668821459999,198676.73230,352,289.41,79149.07600,0
1668821460000,273.330,273.460,273.320,273.460,393.48,1668821519999,107574.08290,182,347.03,94877.04230,0
1668821520000,273.460,273.540,273.360,273.500,965.60,1668821579999,264061.21130,425,709.59,194052.72160,0
1668821580000,273.500,273.510,273.310,273.310,440.27,1668821639999,120369.76380,208,42.93,11738.92520,0
1668821640000,273.310,273.390,273.240,273.350,576.20,1668821699999,157492.41330,289,393.68,107606.46100,0
1668821700000,273.340,273.350,273.130,273.210,686.69,1668821759999,187613.33020,313,274.69,75043.25650,0
1668821760000,273.210,273.230,273.200,273.200,183.29,1668821819999,50077.85570,108,69.55,19002.65100,0
1668821820000,273.200,273.230,273.160,273.190,220.92,1668821879999,60355.46310,168,75.76,20698.91840,0
1668821880000,273.210,273.230,273.200,273.220,89.84,1668821939999,24545.95490,112,43.62,11917.73850,0
1668821940000,273.220,273.560,273.160,273.560,908.80,1668821999999,248417.79970,363,722.63,197527.56360,0
1668822000000,273.560,273.610,273.400,273.510,806.39,1668822059999,220572.48640,331,375.50,102711.30850,0
1668822060000,273.550,273.600,273.230,273.270,2253.30,1668822119999,616049.15330,532,662.94,181226.19670,0
1668822120000,273.270,273.470,273.270,273.390,498.19,1668822179999,136192.26010,258,291.78,79763.41030,0
1668822180000,273.400,273.440,273.390,273.390,111.94,1668822239999,30606.48920,110,26.88,7349.35470,0
1668822240000,273.390,273.410,273.390,273.400,15.19,1668822299999,4152.89290,40,6.34,1733.35620,0
1668822300000,273.410,273.470,273.400,273.400,309.80,1668822359999,84706.13190,155,63.47,17355.41880,0
1668822360000,273.400,273.410,273.340,273.400,289.66,1668822419999,79185.12810,151,200.68,54860.38970,0
1668822420000,273.400,273.490,273.400,273.460,220.00,1668822479999,60159.46250,181,118.37,32368.39280,0
1668822480000,273.460,273.500,273.380,273.380,216.11,1668822539999,59098.61750,177,59.77,16346.42830,0
1668822540000,273.370,273.510,273.370,273.440,530.18,1668822599999,144984.07180,174,291.39,79684.43320,0
1668822600000,273.450,273.490,273.450,273.490,88.14,1668822659999,24104.82880,68,38.45,10515.60760,0
1668822660000,273.480,273.480,273.440,273.450,85.63,1668822719999,23416.88420,77,4.30,1175.83500,0
1668822720000,273.450,273.670,273.440,273.620,1704.58,1668822779999,466307.82590,254,1530.88,418782.27460,0
1668822780000,273.620,273.660,273.600,273.650,81.30,1668822839999,22244.37990,65,10.23,2799.05840,0
1668822840000,273.660,273.720,273.650,273.690,231.09,1668822899999,63246.84300,147,163.80,44830.35090,0
1668822900000,273.680,273.690,273.590,273.590,467.71,1668822959999,127986.64850,136,55.67,15233.14560,0
1668822960000,273.600,273.600,273.550,273.570,169.02,1668823019999,46238.84250,108,71.67,19606.76350,0
1668823020000,273.560,273.630,273.550,273.590,226.26,1668823079999,61902.70000,134,142.34,38942.50120,0
1668823080000,273.580,273.610,273.570,273.590,292.91,1668823139999,80137.17370,158,167.86,45925.13360,0
1668823140000,273.590,273.630,273.560,273.590,266.74,1668823199999,72979.77290,193,76.97,21060.06480,0
1668823200000,273.600,273.620,273.560,273.580,440.68,1668823259999,120568.99380,217,178.72,48895.69150,0
1668823260000,273.590,273.590,273.580,273.580,90.48,1668823319999,24753.85850,91,34.01,9304.79590,0
1668823320000,273.580,273.670,273.580,273.670,156.52,1668823379999,42827.74610,178,91.69,25089.62070,0
1668823380000,273.670,273.670,273.640,273.670,241.93,1668823439999,66206.32200,170,39.39,10779.45090,0
1668823440000,273.670,273.670,273.400,273.400,880.22,1668823499999,240796.35310,320,152.81,41790.38490,0
1668823500000,273.400,273.400,272.800,272.900,2692.06,1668823559999,734940.78700,805,998.87,272631.10080,0
1668823560000,272.900,273.140,272.680,272.820,1472.13,1668823619999,401660.35700,553,740.70,202083.97000,0
1668823620000,272.820,273.020,272.820,272.940,1524.80,1668823679999,416191.40700,456,672.86,183656.85280,0
1668823680000,272.940,273.020,272.910,272.960,576.91,1668823739999,157479.01360,269,163.74,44694.18580,0
1668823740000,272.960,273.070,272.880,272.910,1210.15,1668823799999,330338.37040,408,566.25,154580.17870,0
1668823800000,272.910,273.150,272.900,273.120,814.02,1668823859999,222265.74210,300,569.90,155592.54380,0
1668823860000,273.120,273.280,273.120,273.230,681.31,1668823919999,186150.00700,312,226.35,61841.52760,0
1668823920000,273.240,273.550,273.230,273.390,980.64,1668823979999,268125.97710,377,639.92,174963.41740,0
1668823980000,273.390,273.390,273.290,273.350,313.91,1668824039999,85805.00020,304,129.78,35474.26050,0
1668824040000,273.340,273.440,273.170,273.180,578.78,1668824099999,158192.87880,286,241.74,66078.22500,0
1668824100000,273.180,273.300,273.040,273.040,1096.94,1668824159999,299667.58680,305,630.81,172334.62090,0
1668824160000,273.040,273.040,272.800,272.820,890.97,1668824219999,243127.62520,371,429.33,117145.43240,0
1668824220000,272.820,272.960,272.600,272.640,1336.28,1668824279999,364492.06280,525,596.46,162704.87280,0
1668824280000,272.640,272.660,272.270,272.450,1749.96,1668824339999,476786.37630,717,664.71,181112.73210,0
1668824340000,272.440,272.580,272.310,272.400,1243.65,1668824399999,338861.17020,460,613.02,167025.51600,0
1668824400000,272.400,272.520,272.310,272.520,939.63,1668824459999,255948.29840,328,542.03,147658.12350,0
1668824460000,272.530,272.700,272.520,272.550,690.21,1668824519999,188165.64410,260,284.78,77638.60460,0
1668824520000,272.560,272.640,272.460,272.460,462.49,1668824579999,126047.98030,228,109.51,29847.07590,0
1668824580000,272.460,272.590,272.380,272.500,595.52,1668824639999,162273.54700,263,426.06,116098.21930,0
1668824640000,272.490,272.600,272.490,272.570,294.06,1668824699999,80152.73840,157,86.14,23478.62370,0
1668824700000,272.570,272.660,272.380,272.380,3420.00,1668824759999,932035.08460,588,2092.73,570388.20360,0
1668824760000,272.390,272.460,272.260,272.420,510.56,1668824819999,139052.90270,289,252.62,68798.87170,0
1668824820000,272.430,272.600,272.430,272.510,624.03,1668824879999,170077.16160,221,321.63,87652.33340,0
1668824880000,272.520,272.660,272.380,272.660,448.70,1668824939999,122272.90960,237,325.03,88574.47330,0
1668824940000,272.650,272.800,272.630,272.740,537.03,1668824999999,146453.47030,329,415.28,113249.26040,0
1668825000000,272.740,272.790,272.440,272.520,836.61,1668825059999,228085.81290,382,377.39,102881.07980,0
1668825060000,272.530,272.530,272.310,272.340,486.33,1668825119999,132464.42350,288,206.78,56316.27140,0
1668825120000,272.340,272.340,271.690,271.960,4051.58,1668825179999,1101828.05390,1609,732.62,199222.05630,0
1668825180000,271.950,272.150,271.930,272.150,1236.08,1668825239999,336228.21740,509,566.39,154076.63980,0
1668825240000,272.150,272.200,271.970,272.160,705.44,1668825299999,191942.30830,390,415.17,112959.45720,0
1668825300000,272.150,272.210,271.820,271.840,1046.87,1668825359999,284792.17570,427,464.09,126254.58010,0
1668825360000,271.850,272.100,271.850,272.020,674.53,1668825419999,183458.92360,332,422.51,114910.49320,0
1668825420000,272.020,272.170,272.010,272.140,316.46,1668825479999,86105.49770,220,203.79,55449.86630,0
1668825480000,272.140,272.200,272.050,272.200,481.08,1668825539999,130909.48250,222,389.20,105908.91110,0
1668825540000,272.200,272.330,272.060,272.070,816.93,1668825599999,222350.18740,367,156.51,42605.55740,0
1668825600000,272.080,272.280,272.080,272.110,775.00,1668825659999,210957.16100,265,556.32,151437.08140,0
1668825660000,272.120,272.400,272.110,272.350,588.54,1668825719999,160265.68800,285,450.11,122567.90930,0
1668825720000,272.350,272.390,272.250,272.250,221.89,1668825779999,60427.01480,136,69.45,18913.72710,0
1668825780000,272.240,272.440,272.230,272.230,836.34,1668825839999,227752.53790,244,258.33,70356.71190,0
1668825840000,272.210,272.430,272.210,272.430,723.77,1668825899999,197099.94110,230,656.06,178666.18750,0
1668825900000,272.430,272.520,272.420,272.500,427.67,1668825959999,116532.29450,284,268.57,73180.86310,0
1668825960000,272.500,272.530,272.370,272.370,604.70,1668826019999,164748.94940,208,114.68,31247.15550,0
1668826020000,272.370,272.500,272.360,272.500,291.31,1668826079999,79362.00880,195,195.22,53186.21630,0
1668826080000,272.490,272.550,272.490,272.510,106.50,1668826139999,29023.56570,123,52.63,14342.59860,0
1668826140000,272.520,272.740,272.480,272.600,412.67,1668826199999,112510.79660,250,240.27,65510.74980,0
1668826200000,272.600,272.760,272.600,272.680,491.33,1668826259999,133979.62990,229,305.45,83288.76720,0
1668826260000,272.690,272.810,272.690,272.790,448.77,1668826319999,122414.34900,233,355.01,96840.07700,0
1668826320000,272.790,272.820,272.740,272.820,165.90,1668826379999,45252.64810,136,103.81,28316.43560,0
1668826380000,272.800,272.800,272.720,272.800,315.64,1668826439999,86098.62910,190,255.50,69695.53020,0
1668826440000,272.800,272.820,272.690,272.820,386.34,1668826499999,105382.98290,171,216.10,58949.86610,0
1668826500000,272.810,272.840,272.710,272.750,473.66,1668826559999,129200.41180,216,168.72,46021.02140,0
1668826560000,272.740,272.810,272.650,272.680,641.96,1668826619999,175109.34940,243,295.42,80584.81500,0
1668826620000,272.680,272.840,272.680,272.820,558.23,1668826679999,152272.23300,189,512.48,139792.34060,0
1668826680000,272.810,272.860,272.710,272.710,347.07,1668826739999,94677.15220,206,55.80,15223.50920,0
1668826740000,272.710,272.760,272.670,272.710,300.08,1668826799999,81836.74620,200,99.71,27191.54260,0
1668826800000,272.710,272.760,272.650,272.750,669.37,1668826859999,182539.34490,288,278.20,75864.72220,0
1668826860000,272.760,272.950,272.750,272.950,438.72,1668826919999,119713.25000,197,404.44,110358.38570,0
1668826920000,272.950,272.950,272.820,272.820,1218.06,1668826979999,332436.24720,392,586.30,160024.27410,0
1668826980000,272.820,272.930,272.780,272.820,550.15,1668827039999,150110.02230,280,231.36,63130.84100,0
1668827040000,272.820,272.920,272.820,272.900,326.64,1668827099999,89137.64600,188,246.64,67306.27730,0
1668827100000,272.890,272.920,272.820,272.920,479.01,1668827159999,130705.55670,208,265.32,72397.52270,0
1668827160000,272.920,272.920,272.860,272.900,99.67,1668827219999,27199.27670,116,33.43,9122.75460,0
1668827220000,272.900,273.020,272.900,273.020,502.46,1668827279999,137155.80360,240,396.40,108204.68570,0
1668827280000,273.020,273.090,273.020,273.070,519.03,1668827339999,141720.76500,224,363.96,99377.86020,0
1668827340000,273.060,273.090,272.900,272.970,2624.21,1668827399999,716369.79310,368,141.09,38516.60150,0
1668827400000,272.980,273.130,272.920,272.950,1020.47,1668827459999,278642.21680,254,715.18,195279.06510,0
1668827460000,272.940,272.990,272.890,272.980,222.65,1668827519999,60768.99770,165,108.57,29632.79460,0
1668827520000,272.980,273.120,272.980,273.060,696.16,1668827579999,190099.72790,185,397.49,108537.40040,0
1668827580000,273.050,273.200,273.050,273.140,345.84,1668827639999,94466.36580,158,262.13,71599.82940,0
1668827640000,273.130,273.190,273.120,273.180,267.46,1668827699999,73061.30140,172,78.03,21315.49380,0
1668827700000,273.190,273.270,273.060,273.070,723.56,1668827759999,197684.71180,299,288.52,78831.84380,0
1668827760000,273.060,273.090,273.030,273.080,282.82,1668827819999,77228.33870,198,201.63,55059.05390,0
1668827820000,273.090,273.110,273.030,273.040,374.92,1668827879999,102379.18620,221,139.83,38183.98570,0
1668827880000,273.040,273.150,273.040,273.100,197.44,1668827939999,53919.85190,137,136.42,37254.52220,0
1668827940000,273.100,273.110,273.000,273.040,193.82,1668827999999,52921.23930,149,78.58,21455.37520,0
1668828000000,273.040,273.050,272.840,272.840,401.76,1668828059999,109655.86910,236,114.96,31375.11730,0
1668828060000,272.840,272.880,272.770,272.870,365.88,1668828119999,99821.47790,191,243.83,66522.50940,0
1668828120000,272.870,272.880,272.840,272.840,30.94,1668828179999,8442.33710,64,10.01,2731.41630,0
1668828180000,272.840,272.860,272.800,272.840,155.31,1668828239999,42372.55470,140,48.22,13155.80280,0
1668828240000,272.840,272.840,272.600,272.610,362.89,1668828299999,98971.65630,217,124.24,33887.13230,0
1668828300000,272.610,272.680,272.470,272.470,424.03,1668828359999,115561.15920,242,140.68,38340.54560,0
1668828360000,272.480,272.490,272.310,272.340,927.32,1668828419999,252569.52000,299,638.24,173827.96370,0
1668828420000,272.350,272.450,272.330,272.370,478.81,1668828479999,130417.72680,232,336.99,91789.98640,0
1668828480000,272.380,272.400,272.260,272.270,890.79,1668828539999,242588.87330,310,146.19,39811.57690,0
1668828540000,272.270,272.270,272.180,272.230,489.32,1668828599999,133201.00000,298,276.18,75182.04730,0
1668828600000,272.220,272.400,272.170,272.400,470.17,1668828659999,128011.59680,327,328.63,89478.59170,0
1668828660000,272.400,272.480,272.350,272.460,1297.42,1668828719999,353435.85070,228,962.75,262267.23270,0
1668828720000,272.470,272.520,272.390,272.500,303.62,1668828779999,82727.50450,224,156.39,42612.96380,0
1668828780000,272.460,272.470,272.340,272.390,467.61,1668828839999,127370.92170,235,210.72,57396.85760,0
1668828840000,272.380,272.410,272.290,272.300,137.15,1668828899999,37352.75760,125,37.41,10188.24830,0
1668828900000,272.290,272.290,272.050,272.050,487.66,1668828959999,132720.60610,249,159.94,43528.82670,0
1668828960000,272.060,272.150,272.040,272.150,297.76,1668829019999,81011.28240,180,222.13,60434.80480,0
1668829020000,272.150,272.330,272.130,272.320,399.14,1668829079999,108658.48810,165,351.05,95568.49870,0
1668829080000,272.320,272.360,272.270,272.270,241.78,1668829139999,65842.58090,121,179.28,48821.47940,0
1668829140000,272.280,272.360,272.120,272.150,1163.10,1668829199999,316603.06180,291,106.45,28973.20540,0
1668829200000,272.130,272.130,272.080,272.090,151.21,1668829259999,41144.72050,96,44.19,12024.99030,0
1668829260000,272.080,272.090,272.030,272.060,212.24,1668829319999,57740.59470,131,89.73,24410.95260,0
1668829320000,272.060,272.210,272.060,272.180,234.36,1668829379999,63776.61080,146,174.95,47608.50450,0
1668829380000,272.180,272.210,272.140,272.180,209.37,1668829439999,56985.93060,134,184.26,50151.71960,0
1668829440000,272.180,272.420,272.140,272.420,202.96,1668829499999,55267.21280,159,151.64,41289.74900,0
1668829500000,272.410,272.500,272.410,272.470,249.38,1668829559999,67945.88940,163,223.50,60894.69400,0
1668829560000,272.470,272.510,272.370,272.390,256.65,1668829619999,69923.29770,163,126.49,34465.35330,0
1668829620000,272.390,272.520,272.390,272.480,411.69,1668829679999,112180.54850,182,188.93,51482.40860,0
1668829680000,272.470,272.530,272.380,272.380,235.27,1668829739999,64110.70460,169,133.08,36265.16270,0
1668829740000,272.380,272.510,272.360,272.490,272.43,1668829799999,74213.27280,179,89.26,24314.86470,0
1668829800000,272.460,272.500,272.350,272.390,189.17,1668829859999,51533.64050,190,95.85,26108.95800,0
1668829860000,272.380,272.430,272.330,272.430,246.96,1668829919999,67263.95530,151,52.31,14249.54600,0
1668829920000,272.430,272.540,272.350,272.390,252.43,1668829979999,68771.76150,135,83.17,22661.35090,0
1668829980000,272.390,272.400,272.350,272.350,160.90,1668830039999,43827.13880,109,125.09,34073.06920,0
1668830040000,272.360,272.500,272.350,272.500,272.64,1668830099999,74278.67850,156,215.39,58680.31910,0
1668830100000,272.500,272.590,272.430,272.430,519.72,1668830159999,141642.07400,228,136.04,37077.89860,0
1668830160000,272.430,272.430,272.360,272.360,127.39,1668830219999,34698.23100,85,81.15,22102.91850,0
1668830220000,272.370,272.440,272.350,272.440,72.78,1668830279999,19822.89640,88,53.31,14520.01680,0
1668830280000,272.440,272.560,272.430,272.490,623.44,1668830339999,169886.05990,207,326.11,88859.73810,0
1668830340000,272.470,272.560,272.440,272.530,122.22,1668830399999,33302.55940,104,27.17,7402.83390,0
1668830400000,272.540,272.560,272.440,272.480,328.17,1668830459999,89428.39800,207,126.70,34522.63510,0
1668830460000,272.480,272.790,272.470,272.620,753.20,1668830519999,205375.93610,382,314.86,85840.81680,0
1668830520000,272.620,272.760,272.600,272.730,315.25,1668830579999,85975.98050,258,132.24,36064.26760,0
1668830580000,272.750,272.750,272.600,272.630,248.71,1668830639999,67815.86220,225,91.52,24952.48860,0
1668830640000,272.630,272.680,272.630,272.640,87.77,1668830699999,23930.63480,144,69.28,18889.46040,0
1668830700000,272.640,272.640,272.520,272.610,380.79,1668830759999,103792.67210,223,110.80,30200.15420,0
1668830760000,272.610,272.610,272.380,272.420,272.48,1668830819999,74251.22290,165,59.32,16161.75770,0
1668830820000,272.420,272.600,272.420,272.490,666.16,1668830879999,181538.72320,243,586.46,159818.01840,0
1668830880000,272.480,272.490,272.390,272.480,372.99,1668830939999,101618.16370,150,135.12,36810.85690,0
1668830940000,272.480,272.520,272.400,272.400,106.39,1668830999999,28987.38180,143,25.75,7016.21390,0
1668831000000,272.410,272.520,272.400,272.400,319.68,1668831059999,87103.51380,178,116.51,31747.21630,0
1668831060000,272.410,272.650,272.410,272.620,336.32,1668831119999,91661.80230,213,187.73,51161.22880,0
1668831120000,272.630,272.760,272.630,272.730,106.73,1668831179999,29105.27980,99,70.38,19192.12290,0
1668831180000,272.740,272.800,272.710,272.770,153.88,1668831239999,41972.07120,173,83.31,22724.84170,0
1668831240000,272.770,272.770,272.660,272.660,202.59,1668831299999,55247.24060,180,108.51,29591.78170,0
1668831300000,272.660,272.740,272.650,272.740,300.87,1668831359999,82044.34660,210,232.56,63416.88930,0
1668831360000,272.750,272.750,272.640,272.730,458.53,1668831419999,125035.30030,192,154.77,42199.77510,0
1668831420000,272.730,272.730,272.660,272.660,212.70,1668831479999,58002.88010,172,60.71,16555.22800,0
1668831480000,272.670,272.810,272.670,272.810,65.13,1668831539999,17764.73900,88,53.24,14521.31440,0
1668831540000,272.810,272.950,272.810,272.950,479.18,1668831599999,130763.20430,236,437.53,119396.75570,0
1668831600000,272.940,272.950,272.860,272.880,640.31,1668831659999,174745.04190,254,321.38,87710.15490,0
1668831660000,272.880,273.010,272.880,273.000,873.74,1668831719999,238497.75470,231,681.41,185996.42890,0
1668831720000,273.000,273.110,272.940,273.020,472.00,1668831779999,128866.18690,220,182.75,49896.87390,0
1668831780000,273.010,273.010,272.950,273.000,176.48,1668831839999,48178.47390,140,50.08,13671.41940,0
1668831840000,272.990,273.170,272.990,273.160,420.45,1668831899999,114824.65750,233,298.34,81474.63520,0
1668831900000,273.120,273.130,273.020,273.040,358.15,1668831959999,97801.90610,201,208.71,56993.73910,0
1668831960000,273.040,273.180,273.040,273.100,358.26,1668832019999,97845.80630,192,204.01,55715.62290,0
1668832020000,273.090,273.140,272.990,273.050,540.92,1668832079999,147697.88400,227,136.55,37288.05220,0
1668832080000,273.060,273.160,272.980,272.980,594.79,1668832139999,162404.90860,240,258.80,70670.62370,0
1668832140000,272.980,273.100,272.940,273.080,599.78,1668832199999,163763.77980,227,364.82,99612.34160,0
1668832200000,273.080,273.210,273.040,273.170,555.87,1668832259999,151833.70320,307,406.31,110982.19110,0
1668832260000,273.170,273.170,273.020,273.050,485.34,1668832319999,132538.21650,222,57.57,15721.53660,0
1668832320000,273.050,273.070,273.040,273.060,190.88,1668832379999,52120.33690,172,74.55,20356.04450,0
1668832380000,273.060,273.130,273.040,273.040,320.11,1668832439999,87412.64760,151,86.18,23534.09280,0
1668832440000,273.040,273.040,272.900,272.920,1172.40,1668832499999,320050.35630,172,27.25,7437.31350,0
1668832500000,272.920,272.930,272.830,272.890,772.96,1668832559999,210929.05840,239,394.47,107648.31620,0
1668832560000,272.890,272.900,272.770,272.770,344.26,1668832619999,93929.98420,120,17.92,4889.99380,0
1668832620000,272.770,272.830,272.760,272.790,264.43,1668832679999,72134.05190,183,191.04,52114.12740,0
1668832680000,272.790,272.790,272.780,272.790,31.43,1668832739999,8573.68200,76,19.90,5428.52100,0
1668832740000,272.780,272.800,272.750,272.770,320.34,1668832799999,87383.42910,124,197.56,53892.18220,0
1668832800000,272.770,272.970,272.750,272.960,263.00,1668832859999,71763.35520,172,213.35,58216.69550,0
1668832860000,272.950,273.000,272.930,272.960,227.51,1668832919999,62101.53680,164,73.29,20005.98680,0
1668832920000,272.960,273.050,272.960,273.010,382.31,1668832979999,104372.39670,170,243.31,66423.04590,0
1668832980000,273.000,273.010,272.980,272.980,84.20,1668833039999,22986.68700,83,26.27,7171.95630,0
1668833040000,272.980,272.990,272.950,272.980,131.34,1668833099999,35853.03130,92,72.57,19810.77730,0
1668833100000,272.990,273.140,272.990,273.140,726.53,1668833159999,198385.94170,186,703.68,192146.68840,0
1668833160000,273.130,273.140,273.020,273.050,435.35,1668833219999,118889.72720,226,147.19,40197.98870,0
1668833220000,273.050,273.050,272.930,272.960,435.01,1668833279999,118750.09410,239,158.15,43170.69310,0
1668833280000,272.960,273.030,272.860,272.940,700.71,1668833339999,191249.15200,282,364.28,99431.13990,0
1668833340000,272.930,272.930,272.760,272.770,861.10,1668833399999,234924.34750,316,252.77,68954.24030,0
1668833400000,272.760,272.800,272.630,272.640,533.01,1668833459999,145352.93030,279,203.02,55363.80650,0
1668833460000,272.640,272.650,272.290,272.370,1374.89,1668833519999,374614.72820,509,261.62,71286.18740,0
1668833520000,272.370,272.560,272.360,272.430,473.15,1668833579999,128916.48240,251,305.63,83278.09440,0
1668833580000,272.430,272.540,272.430,272.460,155.54,1668833639999,42383.40950,150,100.25,27317.48900,0
1668833640000,272.460,272.530,272.420,272.420,152.69,1668833699999,41604.80740,144,64.65,17616.33530,0
1668833700000,272.430,272.450,272.340,272.380,781.04,1668833759999,212755.17770,297,320.10,87201.83640,0
1668833760000,272.380,272.570,272.370,272.570,559.83,1668833819999,152560.37010,223,434.97,118535.25390,0
1668833820000,272.570,272.680,272.530,272.680,642.73,1668833879999,175222.01850,327,264.77,72179.87670,0
1668833880000,272.690,272.750,272.450,272.460,1033.45,1668833939999,281767.32930,369,428.86,116931.12720,0
1668833940000,272.460,272.660,272.360,272.640,828.20,1668833999999,225654.56060,310,558.64,152215.16610,0
1668834000000,272.650,272.650,272.450,272.590,548.87,1668834059999,149596.52070,263,203.09,55351.33880,0
1668834060000,272.590,272.700,272.590,272.670,266.89,1668834119999,72770.81070,210,186.50,50849.87620,0
1668834120000,272.670,272.690,272.650,272.650,204.52,1668834179999,55767.75520,194,152.25,41515.51260,0
1668834180000,272.660,272.700,272.620,272.680,197.62,1668834239999,53881.90950,240,83.91,22878.90460,0
1668834240000,272.690,272.710,272.560,272.580,427.70,1668834299999,116613.71580,226,51.39,14010.87900,0
1668834300000,272.570,272.580,272.260,272.300,875.31,1668834359999,238423.71210,359,360.87,98272.16210,0
1668834360000,272.290,272.400,272.270,272.320,2857.27,1668834419999,778111.48080,441,2230.63,607456.24480,0
1668834420000,272.320,272.320,272.110,272.130,554.38,1668834479999,150902.48730,325,66.33,18053.72480,0
1668834480000,272.140,272.490,272.140,272.490,888.20,1668834539999,241841.72940,288,821.45,223663.40740,0
1668834540000,272.490,272.660,272.470,272.650,625.32,1668834599999,170453.50990,233,547.93,149359.05630,0
1668834600000,272.650,272.900,272.640,272.730,1005.58,1668834659999,274304.40980,391,667.67,182128.58860,0
1668834660000,272.740,272.790,272.710,272.740,312.95,1668834719999,85355.60100,176,224.53,61239.07510,0
1668834720000,272.750,272.770,272.020,272.170,1223.31,1668834779999,333002.71540,504,345.32,93964.62380,0
1668834780000,272.170,272.220,271.870,271.900,2090.84,1668834839999,568822.86970,825,892.16,242735.55280,0
1668834840000,271.910,272.110,271.150,271.280,5609.85,1668834899999,1523078.27851,1646,1136.72,308820.52200,0
1668834900000,271.280,272.150,271.210,271.790,5926.30,1668834959999,1610443.89790,1646,3698.89,1005245.69900,0
1668834960000,271.780,271.900,271.560,271.600,1671.92,1668835019999,454273.95760,577,556.63,151236.44770,0
1668835020000,271.600,271.600,270.930,271.210,3479.66,1668835079999,943391.95560,1653,1264.44,342805.16580,0
1668835080000,271.210,271.280,270.520,271.170,6339.28,1668835139999,1716446.16930,2372,2318.62,627876.99190,0
1668835140000,271.180,271.220,270.740,271.140,1937.84,1668835199999,525154.98760,853,781.50,211743.84360,0
1668835200000,271.140,271.690,271.130,271.340,1832.90,1668835259999,497480.11890,849,1181.17,320597.12690,0
1668835260000,271.340,271.640,270.970,271.590,2179.40,1668835319999,591197.64520,821,1076.30,291958.80350,0
1668835320000,271.580,271.650,271.290,271.650,1187.06,1668835379999,322199.41700,595,702.53,190679.63200,0
1668835380000,271.650,271.900,271.600,271.760,901.17,1668835439999,244902.82380,533,519.08,141057.26610,0
1668835440000,271.760,271.920,271.610,271.850,669.98,1668835499999,182098.81140,439,242.94,66026.70660,0
1668835500000,271.850,271.860,271.520,271.770,1284.62,1668835559999,348999.67700,525,640.72,174056.54670,0
1668835560000,271.770,272.130,271.770,271.990,1510.75,1668835619999,410839.09160,723,701.16,190665.84330,0
1668835620000,271.990,272.120,271.870,272.010,758.05,1668835679999,206186.44300,467,343.94,93547.40830,0
1668835680000,272.010,272.310,271.990,272.220,1149.63,1668835739999,312898.84480,719,672.03,182900.82850,0
1668835740000,272.210,272.400,272.150,272.280,1142.50,1668835799999,311064.97700,414,614.71,167357.18770,0
1668835800000,272.270,272.330,272.100,272.100,1423.61,1668835859999,387530.86390,609,818.64,222847.09220,0
1668835860000,272.100,272.340,272.010,272.340,896.02,1668835919999,243830.45250,374,529.98,144229.20080,0
1668835920000,272.340,272.450,272.310,272.310,878.65,1668835979999,239326.28940,468,517.85,141051.15150,0
1668835980000,272.310,272.410,272.180,272.180,601.00,1668836039999,163651.29930,331,142.67,38854.30940,0
1668836040000,272.180,272.270,272.130,272.150,429.32,1668836099999,116859.20880,320,227.94,62044.85810,0
1668836100000,272.150,272.150,271.800,271.880,718.05,1668836159999,195260.17970,459,333.87,90777.41630,0
1668836160000,271.890,272.080,271.600,272.020,1087.67,1668836219999,295615.75450,514,555.01,150850.66700,0
1668836220000,272.020,272.190,271.970,272.010,489.72,1668836279999,133236.87010,270,177.82,48383.08090,0
1668836280000,272.000,272.170,271.890,272.170,698.33,1668836339999,189955.54040,330,526.12,143111.81140,0
1668836340000,272.170,272.230,272.000,272.090,367.49,1668836399999,99995.73170,268,118.74,32309.85520,0
1668836400000,272.080,272.100,271.950,271.960,768.52,1668836459999,209076.25400,324,269.91,73429.71300,0
1668836460000,271.960,272.210,271.930,272.190,692.52,1668836519999,188430.39030,272,579.22,157594.36120,0
1668836520000,272.180,272.210,272.010,272.010,367.70,1668836579999,100052.38860,222,85.69,23322.75030,0
1668836580000,272.000,272.200,271.930,272.180,612.01,1668836639999,166497.87270,247,361.20,98267.22890,0
1668836640000,272.190,272.210,272.140,272.190,248.29,1668836699999,67579.12560,198,133.87,36436.41040,0
1668836700000,272.180,272.230,272.140,272.200,539.73,1668836759999,146914.59480,329,408.26,111128.41080,0
1668836760000,272.200,272.200,272.100,272.150,315.76,1668836819999,85935.44130,164,146.99,40002.36630,0
1668836820000,272.140,272.160,272.000,272.000,357.12,1668836879999,97175.19950,228,93.74,25508.71720,0
1668836880000,272.000,272.110,271.970,272.060,260.52,1668836939999,70871.90450,186,203.18,55273.75640,0
1668836940000,272.060,272.190,272.060,272.160,242.58,1668836999999,66015.97200,166,157.02,42730.82350,0
1668837000000,272.160,272.250,272.150,272.240,426.77,1668837059999,116164.67530,221,287.50,78256.00190,0
1668837060000,272.240,272.240,272.060,272.110,200.90,1668837119999,54669.57580,180,66.84,18186.99520,0
1668837120000,272.120,272.270,272.120,272.260,507.75,1668837179999,138213.69340,237,422.74,115072.09890,0
1668837180000,272.250,272.310,272.200,272.270,255.69,1668837239999,69611.12130,145,104.42,28428.10070,0
1668837240000,272.270,272.300,272.180,272.240,250.97,1668837299999,68330.01110,164,157.23,42809.42980,0
1668837300000,272.240,272.240,271.860,271.860,1219.89,1668837359999,331768.79660,342,140.99,38348.16150,0
1668837360000,271.860,272.090,271.860,272.050,394.45,1668837419999,107273.91880,158,373.49,101571.75800,0
1668837420000,272.060,272.120,271.990,272.020,768.31,1668837479999,209035.34590,261,632.75,172157.02910,0
1668837480000,272.010,272.170,271.930,272.160,307.68,1668837539999,83703.31170,173,145.72,39643.71810,0
1668837540000,272.150,272.200,272.090,272.160,284.18,1668837599999,77338.62200,194,182.06,49545.94900,0
1668837600000,272.150,272.270,271.790,271.800,1801.51,1668837659999,490172.95230,556,968.85,263711.41980,0
1668837660000,271.790,272.140,271.790,272.130,520.65,1668837719999,141578.60780,292,408.59,111098.01610,0
1668837720000,272.140,272.190,271.930,271.950,457.31,1668837779999,124434.67030,293,158.37,43083.32270,0
1668837780000,271.950,272.040,271.810,272.000,981.33,1668837839999,266828.46120,384,292.38,79512.36120,0
1668837840000,271.980,272.090,271.930,271.990,243.29,1668837899999,66177.07050,217,114.66,31189.68200,0
1668837900000,271.990,272.120,271.970,271.990,601.32,1668837959999,163591.18270,316,362.78,98696.32820,0
1668837960000,271.990,272.100,271.820,271.880,901.19,1668838019999,245076.17770,395,500.51,136115.00550,0
1668838020000,271.890,271.890,271.790,271.810,432.05,1668838079999,117448.73290,263,124.92,33960.86340,0
1668838080000,271.800,271.940,271.720,271.750,911.02,1668838139999,247624.26080,322,356.94,97028.50050,0
1668838140000,271.740,271.900,271.710,271.890,494.50,1668838199999,134405.30250,241,333.02,90516.21470,0
1668838200000,271.890,272.000,271.670,271.670,483.66,1668838259999,131490.65510,238,162.29,44131.55780,0
1668838260000,271.660,271.670,271.480,271.580,649.12,1668838319999,176272.96040,383,225.12,61135.29530,0
1668838320000,271.570,271.680,271.570,271.660,286.99,1668838379999,77956.75100,232,201.96,54858.34980,0
1668838380000,271.660,271.710,271.540,271.590,377.54,1668838439999,102555.77540,225,93.30,25345.57660,0
1668838440000,271.580,271.650,271.430,271.550,809.06,1668838499999,219688.16680,339,199.37,54143.58340,0
1668838500000,271.550,271.600,271.210,271.370,1315.84,1668838559999,357069.29000,488,626.09,169860.80520,0
1668838560000,271.380,271.840,271.380,271.840,597.52,1668838619999,162324.29130,400,422.58,114798.61290,0
1668838620000,271.840,271.990,271.760,271.990,556.11,1668838679999,151187.89480,299,382.63,104028.11630,0
1668838680000,272.000,272.100,271.940,271.990,1803.03,1668838739999,490443.65510,444,1397.35,380091.21560,0
1668838740000,271.990,272.070,271.910,272.050,651.30,1668838799999,177133.62790,301,142.38,38727.05770,0
1668838800000,272.040,272.040,271.970,271.980,294.46,1668838859999,80090.29740,224,177.05,48155.52960,0
1668838860000,271.980,272.000,271.950,271.950,245.49,1668838919999,66766.73860,148,125.36,34094.32160,0
1668838920000,271.960,272.000,271.960,271.990,177.05,1668838979999,48154.42230,107,105.36,28655.45920,0
1668838980000,272.000,272.150,272.000,272.120,828.41,1668839039999,225419.11500,396,514.38,139968.84520,0
1668839040000,272.120,272.480,272.120,272.420,1138.92,1668839099999,310157.30600,450,853.10,232344.39320,0
1668839100000,272.420,272.490,272.290,272.450,691.63,1668839159999,188385.29350,325,386.41,105246.24610,0
1668839160000,272.440,272.520,272.400,272.450,669.97,1668839219999,182554.00300,345,333.57,90893.54120,0
1668839220000,272.460,272.520,272.410,272.450,218.79,1668839279999,59614.06850,195,88.55,24128.02370,0
1668839280000,272.440,272.540,272.420,272.520,168.45,1668839339999,45901.26800,141,88.80,24197.52800,0
1668839340000,272.520,272.520,272.430,272.440,276.66,1668839399999,75382.20970,210,61.46,16747.68340,0
1668839400000,272.440,272.500,272.230,272.230,725.14,1668839459999,197501.05760,338,263.75,71838.23360,0
1668839460000,272.220,272.220,272.110,272.110,652.41,1668839519999,177560.09990,312,270.76,73687.85460,0
1668839520000,272.110,272.160,272.020,272.040,457.70,1668839579999,124529.05070,254,125.90,34258.55330,0
1668839580000,272.060,272.090,271.820,271.920,536.00,1668839639999,145749.04520,346,280.69,76314.23090,0
1668839640000,271.920,272.040,271.900,272.030,272.33,1668839699999,74062.12500,201,132.27,35972.55520,0
1668839700000,272.030,272.280,272.030,272.260,691.12,1668839759999,188123.62820,264,426.17,116002.94660,0
1668839760000,272.260,272.290,272.180,272.250,453.83,1668839819999,123551.73030,248,165.81,45142.19220,0
1668839820000,272.250,272.350,272.180,272.340,186.01,1668839879999,50641.23460,138,128.65,35026.87260,0
1668839880000,272.350,272.470,272.190,272.200,606.84,1668839939999,165276.58710,228,129.48,35267.90620,0
1668839940000,272.190,272.320,272.150,272.270,296.59,1668839999999,80747.82440,179,250.10,68092.24470,0
1668840000000,272.270,272.350,272.260,272.330,231.35,1668840059999,62999.65440,155,84.90,23118.30420,0
1668840060000,272.330,272.470,272.330,272.460,242.83,1668840119999,66142.49730,179,170.75,46510.15920,0
1668840120000,272.460,272.470,271.830,271.830,2492.79,1668840179999,678264.40730,660,763.44,207746.80200,0
1668840180000,271.820,271.860,271.210,271.290,5359.28,1668840239999,1454865.67700,1219,1533.46,416202.73310,0
1668840240000,271.290,271.340,270.360,270.690,11360.51,1668840299999,3075818.48640,2882,4957.57,1342044.31220,0
1668840300000,270.680,270.810,270.300,270.810,2846.14,1668840359999,769970.85470,1124,1474.68,399023.40380,0
1668840360000,270.810,271.070,270.310,270.450,2571.10,1668840419999,696074.82200,979,1577.76,427235.28590,0
1668840420000,270.460,270.460,269.220,269.590,16199.94,1668840479999,4371228.50900,5094,5245.40,1415254.21350,0
1668840480000,269.630,269.710,268.830,269.200,9697.50,1668840539999,2610167.79070,3176,3652.17,982997.08420,0
1668840540000,269.200,269.360,269.130,269.310,2876.99,1668840599999,774686.72390,1364,1308.61,352381.35390,0
1668840600000,269.320,269.620,269.310,269.600,3713.92,1668840659999,1000924.11450,1300,2370.01,638722.47990,0
1668840660000,269.600,269.770,269.550,269.650,1681.62,1668840719999,453443.76310,796,1188.86,320568.68340,0
1668840720000,269.650,269.850,269.620,269.800,909.30,1668840779999,245265.62560,515,631.46,170323.64580,0
1668840780000,269.790,269.930,269.700,269.820,1999.47,1668840839999,539492.33480,755,1231.27,332226.88210,0
1668840840000,269.810,270.000,269.760,269.770,2196.80,1668840899999,592902.39110,766,1268.96,342506.05030,0
1668840900000,269.770,270.220,269.710,269.980,1996.65,1668840959999,539068.50510,780,1225.47,330866.73380,0
1668840960000,269.990,270.260,269.980,270.170,2028.79,1668841019999,548021.54930,696,1180.80,318987.52730,0
1668841020000,270.190,270.370,270.180,270.280,1404.78,1668841079999,379697.55280,528,912.36,246608.67070,0
1668841080000,270.300,270.310,270.110,270.140,1168.22,1668841139999,315663.13580,428,142.96,38626.61050,0
1668841140000,270.130,270.370,270.110,270.340,726.64,1668841199999,196373.54840,357,538.16,145443.69270,0
1668841200000,270.320,270.390,270.230,270.380,983.71,1668841259999,265933.34260,478,390.49,105570.29280,0
1668841260000,270.370,270.390,270.020,270.200,2151.03,1668841319999,581202.41560,647,924.36,249740.66010,0
1668841320000,270.200,270.260,270.050,270.250,1060.07,1668841379999,286369.63330,480,661.41,178681.69630,0
1668841380000,270.260,270.310,270.180,270.260,528.48,1668841439999,142819.04410,332,190.41,51456.17530,0
1668841440000,270.260,270.390,270.200,270.340,918.97,1668841499999,248393.16200,381,492.40,133096.26750,0
1668841500000,270.340,270.380,270.340,270.380,485.96,1668841559999,131382.58710,251,390.32,105525.81880,0
1668841560000,270.380,270.410,270.340,270.370,553.54,1668841619999,149661.41550,282,384.46,103947.38690,0
1668841620000,270.370,270.570,270.370,270.550,1153.37,1668841679999,311976.33860,517,762.16,206150.57930,0
1668841680000,270.550,270.630,270.530,270.620,558.19,1668841739999,151039.37000,330,372.31,100742.31630,0
1668841740000,270.610,270.640,270.520,270.540,750.51,1668841799999,203081.30700,361,284.58,77005.79370,0
1668841800000,270.550,270.660,270.400,270.410,721.27,1668841859999,195138.76360,375,340.38,92097.29140,0
1668841860000,270.400,270.420,270.350,270.350,514.95,1668841919999,139241.78170,315,260.94,70559.04660,0
1668841920000,270.350,270.420,270.340,270.410,595.36,1668841979999,160966.57270,367,258.09,69779.63760,0
1668841980000,270.420,270.490,270.410,270.480,370.63,1668842039999,100239.45040,227,233.70,63204.83250,0
1668842040000,270.480,270.650,270.480,270.570,517.65,1668842099999,140070.19860,333,373.20,100980.63630,0
1668842100000,270.560,270.570,270.340,270.470,1360.52,1668842159999,367949.47610,554,688.16,186112.63400,0
1668842160000,270.480,270.550,270.450,270.520,266.17,1668842219999,71996.38010,249,139.54,37744.39570,0
1668842220000,270.520,270.540,270.370,270.430,384.93,1668842279999,104104.91920,249,91.25,24676.92300,0
1668842280000,270.430,270.610,270.430,270.540,674.89,1668842339999,182578.18380,315,356.27,96377.97880,0
1668842340000,270.550,270.660,270.550,270.620,545.35,1668842399999,147580.60640,282,469.93,127171.47890,0
1668842400000,270.620,270.640,270.490,270.510,846.24,1668842459999,228936.08170,298,436.14,117984.33830,0
1668842460000,270.520,270.640,270.480,270.510,676.90,1668842519999,183142.89470,256,272.30,73670.18470,0
1668842520000,270.510,270.550,270.370,270.400,817.04,1668842579999,220984.93600,350,140.54,38014.63910,0
1668842580000,270.400,270.600,270.400,270.540,597.71,1668842639999,161694.79720,222,436.66,118128.47020,0
1668842640000,270.540,270.580,270.450,270.530,386.76,1668842699999,104625.68050,185,207.42,56113.20190,0
1668842700000,270.520,270.530,270.460,270.500,284.04,1668842759999,76830.53160,157,250.26,67693.26600,0
1668842760000,270.500,270.550,270.350,270.350,376.09,1668842819999,101714.71770,261,130.37,35261.77600,0
1668842820000,270.360,270.480,270.340,270.440,381.95,1668842879999,103282.08250,284,245.60,66412.23870,0
1668842880000,270.450,270.510,270.450,270.490,186.71,1668842939999,50499.53090,205,133.88,36210.53380,0
1668842940000,270.490,270.490,270.400,270.440,232.58,1668842999999,62896.89370,209,88.70,23988.72340,0
1668843000000,270.450,270.480,270.290,270.320,567.16,1668843059999,153336.56400,329,233.75,63191.15640,0
1668843060000,270.330,270.630,270.310,270.560,1654.46,1668843119999,447459.95820,421,1568.23,424135.91580,0
1668843120000,270.560,270.570,270.500,270.550,127.70,1668843179999,34547.22940,168,68.19,18447.63810,0
1668843180000,270.540,270.630,270.450,270.490,1024.66,1668843239999,277225.89460,385,704.16,190518.90220,0
1668843240000,270.480,270.590,270.440,270.570,124.50,1668843299999,33682.23700,167,91.47,24746.34140,0
1668843300000,270.570,270.600,270.470,270.600,765.93,1668843359999,207214.97660,275,591.64,160065.14560,0
1668843360000,270.600,270.770,270.590,270.720,1204.42,1668843419999,326003.11660,420,882.83,238957.03680,0
1668843420000,270.730,270.810,270.690,270.760,606.78,1668843479999,164285.39990,283,359.89,97442.65630,0
1668843480000,270.750,270.760,270.670,270.700,570.92,1668843539999,154565.54780,246,158.84,43004.45830,0
1668843540000,270.700,270.710,270.410,270.410,612.93,1668843599999,165808.55540,317,216.21,58492.43530,0
1668843600000,270.420,270.560,270.420,270.520,425.89,1668843659999,115208.19400,223,144.31,39037.38580,0
1668843660000,270.520,270.530,270.460,270.480,392.47,1668843719999,106156.91530,212,229.83,62164.80110,0
1668843720000,270.490,270.490,270.410,270.410,222.62,1668843779999,60209.87650,202,101.77,27524.80270,0
1668843780000,270.420,270.480,270.420,270.470,143.85,1668843839999,38903.65890,195,101.52,27456.02020,0
1668843840000,270.470,270.510,270.440,270.440,108.22,1668843899999,29271.60000,137,46.08,12463.94020,0
1668843900000,270.450,270.480,270.440,270.440,140.47,1668843959999,37989.91640,150,59.55,16105.32000,0
1668843960000,270.440,270.520,270.420,270.450,834.18,1668844019999,225608.07260,227,357.25,96622.81750,0
1668844020000,270.450,270.520,270.430,270.500,437.47,1668844079999,118329.69510,250,236.48,63966.11430,0
1668844080000,270.500,270.510,270.210,270.230,973.93,1668844139999,263312.52490,359,121.64,32879.09500,0
1668844140000,270.240,270.460,270.240,270.360,635.59,1668844199999,171842.99660,276,491.33,132839.97520,0
1668844200000,270.360,270.370,270.290,270.300,285.77,1668844259999,77247.75820,148,84.26,22777.61690,0
1668844260000,270.310,270.310,270.220,270.230,462.74,1668844319999,125060.30990,235,188.89,51051.73100,0
1668844320000,270.230,270.240,269.840,269.860,1694.08,1668844379999,457447.36430,558,245.28,66237.60740,0
1668844380000,269.860,269.990,269.860,269.960,383.23,1668844439999,103439.21540,284,142.54,38475.49800,0
1668844440000,269.950,269.950,269.690,269.740,1548.92,1668844499999,417877.96590,547,336.70,90830.85000,0
1668844500000,269.740,270.120,269.740,270.040,823.33,1668844559999,222265.97880,429,503.81,135989.59140,0
1668844560000,270.040,270.040,269.850,269.920,1151.57,1668844619999,310828.72120,496,435.52,117553.71990,0
1668844620000,269.890,269.930,269.880,269.910,215.71,1668844679999,58220.73600,165,111.82,30180.72680,0
1668844680000,269.920,270.010,269.920,269.930,334.36,1668844739999,90265.03760,198,165.45,44664.26340,0
1668844740000,269.930,269.970,269.900,269.960,360.49,1668844799999,97310.55810,229,194.07,52387.69650,0
1668844800000,269.960,270.000,269.800,270.000,2708.79,1668844859999,731123.54570,532,648.02,174909.86140,0
1668844860000,269.990,270.320,269.920,270.310,1257.65,1668844919999,339652.48920,566,908.24,245300.83950,0
1668844920000,270.300,270.400,270.170,270.240,1087.00,1668844979999,293808.33380,495,526.16,142216.58680,0
1668844980000,270.240,270.320,270.230,270.260,390.92,1668845039999,105658.55540,284,201.54,54473.96320,0
1668845040000,270.260,270.260,270.000,270.150,1681.10,1668845099999,454050.81530,442,375.55,101429.00450,0
1668845100000,270.150,270.160,269.980,269.990,510.63,1668845159999,137895.96180,298,266.23,71898.24620,0
1668845160000,269.990,270.060,269.930,270.020,416.56,1668845219999,112473.28620,258,175.03,47260.10420,0
1668845220000,270.030,270.140,270.020,270.080,580.68,1668845279999,156830.06250,240,324.22,87565.63540,0
1668845280000,270.090,270.140,270.080,270.120,238.22,1668845339999,64348.14500,198,88.11,23800.01980,0
1668845340000,270.110,270.110,269.920,269.960,458.68,1668845399999,123845.10180,284,102.54,27686.36980,0
1668845400000,269.960,270.100,269.960,270.100,618.25,1668845459999,166966.71650,275,565.00,152586.29480,0
1668845460000,270.090,270.150,270.080,270.130,197.48,1668845519999,53340.08770,227,104.12,28123.55460,0
1668845520000,270.130,270.180,270.120,270.170,228.88,1668845579999,61831.87890,195,98.84,26701.68860,0
1668845580000,270.160,270.170,270.090,270.110,104.30,1668845639999,28173.06860,148,32.71,8835.32500,0
1668845640000,270.120,270.130,270.060,270.120,163.16,1668845699999,44069.77840,196,84.70,22878.45210,0
1668845700000,270.120,270.150,270.110,270.120,207.53,1668845759999,56060.10380,193,139.34,37640.35430,0
1668845760000,270.110,270.190,270.090,270.180,412.64,1668845819999,111464.10160,264,291.22,78667.06930,0
1668845820000,270.180,270.250,270.160,270.250,275.11,1668845879999,74335.96920,222,126.79,34260.18740,0
1668845880000,270.250,270.250,270.180,270.200,238.43,1668845939999,64424.66900,136,61.60,16644.06050,0
1668845940000,270.200,270.200,270.050,270.060,591.64,1668845999999,159810.93610,271,161.17,43527.41100,0
1668846000000,270.060,270.170,270.060,270.140,272.88,1668846059999,73710.32400,247,151.83,41012.74920,0
1668846060000,270.140,270.190,270.110,270.150,233.92,1668846119999,63194.63860,217,138.04,37292.81600,0
1668846120000,270.140,270.180,270.050,270.130,824.96,1668846179999,222841.36290,221,148.18,40027.24190,0
1668846180000,270.130,270.130,269.930,269.930,802.55,1668846239999,216687.97530,322,231.61,62534.46900,0
1668846240000,269.930,269.950,269.850,269.930,451.54,1668846299999,121876.89890,237,248.74,67138.47340,0
1668846300000,269.930,269.970,269.900,269.930,186.11,1668846359999,50237.59170,147,131.35,35456.04920,0
1668846360000,269.930,269.930,269.660,269.710,1872.31,1668846419999,505072.05630,565,313.85,84658.01030,0
1668846420000,269.700,269.710,269.530,269.630,1616.61,1668846479999,435873.36040,470,645.10,173941.24350,0
1668846480000,269.610,269.640,269.340,269.370,2108.12,1668846539999,568074.22280,724,589.36,158785.10190,0
1668846540000,269.380,269.860,269.350,269.860,2674.26,1668846599999,721025.79760,657,2355.37,635017.91060,0
1668846600000,269.860,269.960,269.430,269.430,1096.70,1668846659999,295840.93070,511,471.67,127252.48880,0
1668846660000,269.430,269.540,269.390,269.490,659.58,1668846719999,177743.67700,383,479.79,129292.48950,0
1668846720000,269.480,269.580,269.450,269.580,646.38,1668846779999,174199.11810,380,489.28,131857.69530,0
1668846780000,269.580,269.810,269.580,269.650,796.67,1668846839999,214871.66490,373,324.05,87391.51860,0
1668846840000,269.650,269.650,269.560,269.630,485.51,1668846899999,130891.03120,262,275.53,74280.14480,0
1668846900000,269.640,269.640,269.480,269.530,380.83,1668846959999,102650.47310,246,211.94,57126.64250,0
1668846960000,269.540,270.100,269.520,270.060,4467.32,1668847019999,1205567.81310,1102,3221.02,869189.39810,0
1668847020000,270.060,270.360,270.060,270.130,1735.24,1668847079999,468926.90940,605,741.58,200395.67390,0
1668847080000,270.140,270.310,270.030,270.270,708.07,1668847139999,191297.26040,368,434.34,117353.08910,0
1668847140000,270.260,270.440,270.240,270.400,607.08,1668847199999,164126.89270,393,286.55,77475.34210,0
1668847200000,270.400,270.460,270.190,270.240,863.34,1668847259999,233382.25130,307,206.79,55893.46650,0
1668847260000,270.250,270.340,270.230,270.340,359.41,1668847319999,97140.35910,283,167.73,45334.68200,0
1668847320000,270.340,270.340,270.140,270.230,429.62,1668847379999,116086.38730,241,166.48,44984.20440,0
1668847380000,270.230,270.310,270.190,270.230,220.52,1668847439999,59597.38790,195,174.29,47103.27150,0
1668847440000,270.240,270.330,270.220,270.310,319.69,1668847499999,86409.06320,220,265.05,71641.87440,0
1668847500000,270.300,270.410,270.250,270.410,969.15,1668847559999,261972.80110,391,592.67,160205.53220,0
1668847560000,270.400,270.410,270.260,270.360,592.31,1668847619999,160122.67080,350,309.64,83708.64820,0
1668847620000,270.360,270.400,270.310,270.390,508.82,1668847679999,137566.32670,318,347.43,93934.72020,0
1668847680000,270.400,270.600,270.390,270.470,989.16,1668847739999,267590.60340,522,654.15,176971.33350,0
1668847740000,270.470,270.650,270.410,270.650,1690.62,1668847799999,457369.52580,513,1375.41,372115.61950,0
1668847800000,270.650,270.660,270.570,270.570,939.83,1668847859999,254319.00640,386,486.90,131759.57770,0
1668847860000,270.580,270.700,270.550,270.690,914.83,1668847919999,247575.16310,458,512.63,138727.76010,0
1668847920000,270.690,270.960,270.680,270.860,1630.37,1668847979999,441526.45690,792,1010.66,273711.62220,0
1668847980000,270.860,270.880,270.750,270.780,712.64,1668848039999,193000.34160,360,233.82,63327.26920,0
1668848040000,270.800,271.200,270.800,270.980,2487.82,1668848099999,674261.25330,906,1708.81,463154.63890,0
1668848100000,270.980,270.980,270.700,270.780,766.63,1668848159999,207604.92730,391,247.79,67097.52320,0
1668848160000,270.780,270.900,270.700,270.840,384.92,1668848219999,104236.87080,304,185.26,50168.88130,0
1668848220000,270.840,271.020,270.810,270.930,770.21,1668848279999,208674.74930,376,564.81,153023.85600,0
1668848280000,270.920,271.020,270.770,270.800,842.86,1668848339999,228327.17880,302,509.33,137983.21840,0
1668848340000,270.800,270.820,270.690,270.730,362.62,1668848399999,98183.68010,244,121.57,32916.73700,0
1668848400000,270.730,270.960,270.710,270.840,857.82,1668848459999,232344.25700,485,615.44,166701.76890,0
1668848460000,270.840,270.840,270.590,270.630,1103.22,1668848519999,298612.54190,495,382.26,103477.17120,0
1668848520000,270.620,270.630,270.450,270.480,660.95,1668848579999,178814.55120,350,152.03,41131.11950,0
1668848580000,270.480,270.530,270.320,270.320,892.52,1668848639999,241363.28380,448,241.59,65341.79400,0
1668848640000,270.330,270.330,270.100,270.150,406.60,1668848699999,109869.76990,356,156.52,42289.06870,0
1668848700000,270.140,270.160,270.040,270.130,855.19,1668848759999,230986.30710,339,155.12,41903.07010,0
1668848760000,270.140,270.200,270.110,270.160,525.75,1668848819999,142031.99740,325,406.28,109758.12880,0
1668848820000,270.160,270.200,270.090,270.200,417.85,1668848879999,112880.90260,275,260.65,70417.82550,0
1668848880000,270.210,270.370,270.180,270.360,548.57,1668848939999,148254.40460,256,399.15,107865.67490,0
1668848940000,270.360,270.420,270.330,270.400,184.58,1668848999999,49903.32190,182,119.37,32274.57670,0
1668849000000,270.400,270.400,270.330,270.330,324.14,1668849059999,87633.31830,165,81.07,21918.00680,0
1668849060000,270.340,270.360,270.290,270.290,197.54,1668849119999,53398.27760,201,113.75,30748.64810,0
1668849120000,270.290,270.390,270.290,270.340,372.47,1668849179999,100690.99540,177,122.51,33117.41900,0
1668849180000,270.340,270.390,270.310,270.340,305.27,1668849239999,82531.44790,202,235.10,63562.55960,0
1668849240000,270.340,270.350,270.290,270.300,135.61,1668849299999,36657.84000,109,47.99,12972.55860,0
1668849300000,270.290,270.300,270.260,270.260,146.82,1668849359999,39682.13640,134,32.31,8732.88900,0
1668849360000,270.260,270.270,270.180,270.180,256.35,1668849419999,69270.64540,180,99.01,26754.95510,0
1668849420000,270.180,270.320,270.180,270.320,261.72,1668849479999,70730.27470,209,182.05,49199.47550,0
1668849480000,270.310,270.480,270.310,270.390,419.09,1668849539999,113324.88740,226,208.65,56417.93790,0
1668849540000,270.380,270.510,270.340,270.510,455.95,1668849599999,123291.09220,204,189.69,51302.32230,0
1668849600000,270.500,270.500,270.430,270.440,147.67,1668849659999,39936.41100,148,47.04,12721.68190,0
1668849660000,270.440,270.440,270.360,270.390,342.46,1668849719999,92599.52210,167,162.60,43966.30610,0
1668849720000,270.390,270.510,270.370,270.510,309.20,1668849779999,83609.66610,188,205.37,55534.51240,0
1668849780000,270.510,270.510,270.450,270.460,459.68,1668849839999,124331.98650,175,234.88,63528.98540,0
1668849840000,270.470,270.470,270.390,270.400,266.88,1668849899999,72172.00650,136,88.51,23935.15880,0
1668849900000,270.390,270.400,270.160,270.180,524.19,1668849959999,141654.49020,270,108.18,29229.44990,0
1668849960000,270.180,270.390,270.180,270.380,279.11,1668850019999,75427.45320,160,258.46,69845.62730,0
1668850020000,270.390,270.390,270.290,270.330,277.80,1668850079999,75096.62770,144,112.41,30388.35070,0
1668850080000,270.340,270.450,270.340,270.440,140.48,1668850139999,37988.73980,115,60.87,16459.36610,0
1668850140000,270.440,270.480,270.420,270.480,71.21,1668850199999,19258.16850,102,28.38,7675.35410,0
1668850200000,270.480,270.520,270.420,270.510,525.81,1668850259999,142221.81510,318,346.72,93780.80080,0
1668850260000,270.510,270.510,270.380,270.400,275.16,1668850319999,74420.89860,154,58.68,15867.26780,0
1668850320000,270.400,270.480,270.400,270.470,301.40,1668850379999,81512.11890,162,258.64,69947.34460,0
1668850380000,270.470,270.520,270.470,270.490,164.09,1668850439999,44384.38080,138,121.41,32839.70950,0
1668850440000,270.480,270.570,270.470,270.470,332.02,1668850499999,89817.68740,218,172.88,46770.50920,0
1668850500000,270.480,270.620,270.450,270.570,509.52,1668850559999,137855.01690,194,462.21,125056.50630,0
1668850560000,270.560,270.620,270.560,270.620,178.66,1668850619999,48343.19600,128,132.83,35941.81330,0
1668850620000,270.630,270.760,270.580,270.590,611.95,1668850679999,165641.11550,257,226.93,61427.47730,0
1668850680000,270.590,270.680,270.590,270.670,300.63,1668850739999,81362.65610,146,213.58,57805.24100,0
1668850740000,270.670,270.790,270.630,270.790,410.44,1668850799999,111120.52280,210,349.64,94660.89780,0
1668850800000,270.780,270.800,270.760,270.770,208.61,1668850859999,56487.05830,150,117.89,31922.68600,0
1668850860000,270.770,270.810,270.680,270.680,308.54,1668850919999,83537.14000,197,231.55,62693.30960,0
1668850920000,270.680,270.880,270.610,270.870,534.46,1668850979999,144678.93020,244,269.07,72847.20170,0
1668850980000,270.880,270.880,270.740,270.740,495.91,1668851039999,134303.96720,143,82.39,22311.27050,0
1668851040000,270.750,270.910,270.710,270.860,799.08,1668851099999,216415.00420,304,595.00,161148.04680,0
1668851100000,270.870,270.870,270.790,270.870,721.77,1668851159999,195475.65720,366,389.92,105604.64030,0
1668851160000,270.870,270.960,270.830,270.830,464.24,1668851219999,125761.28380,217,131.27,35560.42510,0
1668851220000,270.840,270.840,270.710,270.810,883.07,1668851279999,239110.89480,254,324.22,87793.29870,0
1668851280000,270.810,270.820,270.690,270.750,543.04,1668851339999,147016.08930,265,227.28,61529.72410,0
1668851340000,270.740,270.820,270.700,270.790,243.38,1668851399999,65894.96770,167,101.62,27515.39780,0
1668851400000,270.780,270.780,270.560,270.610,371.93,1668851459999,100662.83670,234,96.82,26198.90460,0
1668851460000,270.600,270.650,270.600,270.620,116.44,1668851519999,31510.79020,135,55.61,15049.69720,0
1668851520000,270.610,270.610,270.520,270.590,344.73,1668851579999,93274.22310,202,74.84,20250.33320,0
1668851580000,270.580,270.580,270.500,270.570,241.59,1668851639999,65358.17250,120,79.07,21391.91730,0
1668851640000,270.570,270.590,270.530,270.580,175.74,1668851699999,47549.14750,150,98.71,26708.44210,0
1668851700000,270.570,270.840,270.570,270.830,421.02,1668851759999,113961.75850,207,340.98,92291.81420,0
1668851760000,270.840,270.840,270.680,270.710,767.08,1668851819999,207694.72340,213,112.32,30410.96280,0
1668851820000,270.700,270.750,270.630,270.670,131.96,1668851879999,35719.01600,152,42.44,11487.75090,0
1668851880000,270.690,270.690,270.600,270.670,148.40,1668851939999,40161.28260,144,53.23,14406.09240,0
1668851940000,270.660,270.660,270.530,270.530,135.09,1668851999999,36554.97070,99,27.79,7519.89910,0
1668852000000,270.540,270.720,270.540,270.670,493.65,1668852059999,133609.33140,266,296.39,80216.59780,0
1668852060000,270.670,270.670,270.570,270.570,190.49,1668852119999,51551.39620,99,34.15,9242.66900,0
1668852120000,270.570,270.700,270.570,270.700,304.93,1668852179999,82518.92150,223,262.94,71155.96890,0
1668852180000,270.700,270.730,270.660,270.730,115.98,1668852239999,31395.30760,187,92.61,25069.18360,0
1668852240000,270.730,270.840,270.720,270.820,306.31,1668852299999,82946.69000,224,223.46,60511.20960,0
1668852300000,270.820,270.930,270.820,270.850,429.69,1668852359999,116394.53940,198,212.12,57456.31330,0
1668852360000,270.850,270.870,270.660,270.690,618.82,1668852419999,167527.66240,258,83.39,22578.93790,0
1668852420000,270.690,270.690,270.540,270.590,173.91,1668852479999,47065.29910,168,57.66,15603.42710,0
1668852480000,270.580,270.590,270.440,270.480,717.06,1668852539999,193966.91810,305,205.79,55668.99590,0
1668852540000,270.480,270.480,270.420,270.470,387.02,1668852599999,104668.54050,245,124.28,33611.67830,0
1668852600000,270.480,270.500,270.340,270.340,465.30,1668852659999,125834.78080,264,84.56,22869.91950,0
1668852660000,270.330,270.340,270.150,270.290,1445.13,1668852719999,390529.16130,435,363.24,98162.70490,0
1668852720000,270.280,270.580,270.280,270.560,472.27,1668852779999,127734.91150,229,358.31,96913.30020,0
1668852780000,270.570,270.570,270.450,270.470,123.67,1668852839999,33451.96500,97,51.64,13966.88810,0
1668852840000,270.470,270.480,270.160,270.210,811.78,1668852899999,219459.84940,206,64.22,17353.81780,0
1668852900000,270.210,270.220,270.100,270.140,492.89,1668852959999,133165.57060,271,202.14,54614.97150,0
1668852960000,270.140,270.230,270.140,270.200,559.05,1668853019999,151043.30820,271,263.45,71178.67250,0
1668853020000,270.210,270.290,270.200,270.210,310.55,1668853079999,83925.09470,194,190.05,51361.16450,0
1668853080000,270.220,270.320,270.210,270.280,224.09,1668853139999,60565.30840,169,164.76,44529.44320,0
1668853140000,270.270,270.360,270.270,270.310,228.09,1668853199999,61659.03800,190,157.26,42512.01210,0
1668853200000,270.310,270.350,270.300,270.340,149.90,1668853259999,40522.68830,165,79.60,21518.24890,0
1668853260000,270.340,270.460,270.340,270.410,384.88,1668853319999,104070.56320,213,179.25,48468.17400,0
1668853320000,270.400,270.410,270.350,270.400,80.31,1668853379999,21713.74360,137,32.98,8917.00390,0
1668853380000,270.400,270.530,270.390,270.520,216.33,1668853439999,58513.69670,191,140.09,37890.52430,0
1668853440000,270.520,270.520,270.370,270.450,369.68,1668853499999,99980.97350,163,90.23,24399.66970,0
1668853500000,270.450,270.460,270.410,270.410,96.64,1668853559999,26133.11550,104,19.10,5165.04780,0
1668853560000,270.420,270.450,270.340,270.440,268.94,1668853619999,72717.41100,182,38.15,10315.11330,0
1668853620000,270.450,270.450,270.370,270.370,140.69,1668853679999,38045.28690,172,105.16,28437.61740,0
1668853680000,270.370,270.440,270.370,270.420,149.40,1668853739999,40397.78110,142,43.70,11816.49710,0
1668853740000,270.430,270.490,270.430,270.440,152.90,1668853799999,41354.46170,157,62.98,17033.12190,0
1668853800000,270.440,270.490,270.440,270.450,119.19,1668853859999,32238.50450,148,45.20,12225.74070,0
1668853860000,270.450,270.600,270.430,270.590,365.99,1668853919999,98998.96630,192,189.17,51170.41030,0
1668853920000,270.590,270.710,270.590,270.650,194.00,1668853979999,52504.44740,228,121.87,32983.34740,0
1668853980000,270.650,270.650,270.450,270.450,426.38,1668854039999,115359.81160,194,110.97,30020.08440,0
1668854040000,270.450,270.490,270.450,270.490,100.61,1668854099999,27211.88160,102,51.74,13993.99830,0
1668854100000,270.490,270.800,270.490,270.770,853.85,1668854159999,231093.14350,274,650.23,175960.37810,0
1668854160000,270.760,270.760,270.690,270.720,187.37,1668854219999,50725.06530,159,81.92,22177.68610,0
1668854220000,270.710,270.860,270.710,270.860,601.06,1668854279999,162769.69960,221,528.62,143156.00420,0
1668854280000,270.850,270.900,270.850,270.890,211.06,1668854339999,57172.18480,206,131.07,35504.29410,0
1668854340000,270.900,270.950,270.740,270.800,820.37,1668854399999,222196.37880,310,160.09,43368.07070,0
1668854400000,270.800,270.800,270.690,270.780,403.10,1668854459999,109136.01620,191,118.04,31958.44310,0
1668854460000,270.790,270.950,270.790,270.850,595.27,1668854519999,161229.22210,353,247.03,66910.62700,0
1668854520000,270.840,270.940,270.820,270.880,506.48,1668854579999,137208.55130,208,420.78,113992.87920,0
1668854580000,270.880,270.880,270.810,270.860,235.43,1668854639999,63765.62660,355,130.12,35242.07300,0
1668854640000,270.840,270.910,270.810,270.860,128.74,1668854699999,34868.29130,116,31.69,8583.46990,0
1668854700000,270.870,270.950,270.870,270.950,175.43,1668854759999,47525.98580,140,125.15,33905.54290,0
1668854760000,270.950,270.950,270.810,270.820,361.13,1668854819999,97823.28440,168,112.53,30478.81900,0
1668854820000,270.820,270.820,270.610,270.620,227.11,1668854879999,61482.17650,138,13.63,3690.65280,0
1668854880000,270.610,270.780,270.610,270.760,218.22,1668854939999,59077.87800,182,184.21,49869.95960,0
1668854940000,270.770,270.940,270.730,270.920,355.33,1668854999999,96232.71610,206,315.46,85436.40060,0
1668855000000,270.910,270.990,270.860,270.990,415.65,1668855059999,112614.21620,247,250.05,67751.81780,0
1668855060000,270.990,271.000,270.920,270.930,240.88,1668855119999,65268.99660,155,31.91,8646.45260,0
1668855120000,270.930,270.980,270.930,270.950,73.75,1668855179999,19983.30620,137,36.88,9993.06230,0
1668855180000,270.950,271.150,270.940,271.010,945.24,1668855239999,256189.80930,366,772.93,209486.22640,0
1668855240000,271.000,271.080,271.000,271.050,70.20,1668855299999,19027.26500,116,51.49,13956.08130,0
1668855300000,271.040,271.100,271.030,271.090,319.21,1668855359999,86523.33900,145,117.39,31818.75380,0
1668855360000,271.090,271.120,271.050,271.050,208.25,1668855419999,56454.93590,138,110.28,29896.37140,0
1668855420000,271.050,271.140,271.040,271.110,275.70,1668855479999,74738.02310,161,196.25,53202.38670,0
1668855480000,271.110,271.110,271.040,271.040,306.51,1668855539999,83090.58470,180,157.79,42775.03650,0
1668855540000,271.040,271.040,270.940,270.980,287.40,1668855599999,77880.51450,198,81.27,22022.84420,0
1668855600000,270.980,271.070,270.980,271.070,507.61,1668855659999,137583.93550,162,397.66,107780.97130,0
1668855660000,271.060,271.070,270.990,271.060,742.26,1668855719999,201177.98920,256,159.67,43274.26720,0
1668855720000,271.070,271.180,271.070,271.160,277.38,1668855779999,75205.38030,187,182.63,49517.15570,0
1668855780000,271.170,271.170,271.000,271.010,396.16,1668855839999,107399.75640,232,107.52,29153.04900,0
1668855840000,271.010,271.100,271.010,271.080,317.48,1668855899999,86053.42910,198,196.61,53289.17610,0
1668855900000,271.080,271.220,271.080,271.200,451.91,1668855959999,122531.67540,235,309.92,84033.86310,0
1668855960000,271.200,271.200,271.160,271.190,196.66,1668856019999,53330.23100,111,107.70,29205.80040,0
1668856020000,271.200,271.220,271.190,271.210,294.73,1668856079999,79930.64000,141,62.61,16980.26050,0
1668856080000,271.210,271.310,271.210,271.270,468.92,1668856139999,127203.03740,314,352.81,95706.04230,0
1668856140000,271.260,271.260,271.100,271.140,756.11,1668856199999,205037.63040,289,94.26,25559.79580,0
1668856200000,271.140,271.200,271.110,271.120,405.17,1668856259999,109863.02100,205,135.13,36640.32710,0
1668856260000,271.130,271.200,271.120,271.200,154.37,1668856319999,41857.83830,113,107.56,29166.70970,0
1668856320000,271.190,271.190,271.100,271.100,313.92,1668856379999,85116.31630,143,6.47,1754.27060,0
1668856380000,271.110,271.110,271.000,271.000,419.93,1668856439999,113815.65880,200,49.23,13344.21140,0
1668856440000,271.010,271.010,270.940,270.940,199.93,1668856499999,54177.54160,166,14.66,3972.56780,0
1668856500000,270.940,271.080,270.940,271.060,572.31,1668856559999,155102.34870,232,457.17,123892.95440,0
1668856560000,271.070,271.150,271.060,271.070,267.04,1668856619999,72396.85410,165,98.12,26600.49560,0
1668856620000,271.080,271.210,271.080,271.140,404.67,1668856679999,109727.59200,186,241.32,65429.21810,0
1668856680000,271.150,271.150,271.060,271.080,225.60,1668856739999,61157.52250,140,41.83,11339.04500,0
1668856740000,271.070,271.080,271.050,271.050,76.20,1668856799999,20655.12820,118,37.80,10246.63240,0
1668856800000,271.060,271.060,271.040,271.050,190.41,1668856859999,51610.86940,128,69.61,18868.06350,0
1668856860000,271.060,271.110,271.050,271.050,255.86,1668856919999,69360.52800,193,140.33,38042.11350,0
1668856920000,271.050,271.070,271.020,271.040,140.18,1668856979999,37995.11840,121,21.44,5811.42620,0
1668856980000,271.050,271.050,271.010,271.030,101.38,1668857039999,27476.21300,97,41.98,11377.74190,0
1668857040000,271.020,271.030,270.980,270.980,373.11,1668857099999,101115.52740,131,99.35,26925.89290,0
1668857100000,270.980,271.050,270.980,271.050,208.76,1668857159999,56575.05670,122,93.03,25212.86840,0
1668857160000,271.050,271.090,271.050,271.070,289.48,1668857219999,78469.96870,147,162.96,44173.73200,0
1668857220000,271.070,271.110,271.060,271.100,278.78,1668857279999,75572.82780,136,208.53,56530.35730,0
1668857280000,271.110,271.110,271.050,271.070,94.04,1668857339999,25491.55730,109,34.15,9257.23400,0
1668857340000,271.070,271.360,271.040,271.290,2411.55,1668857399999,653925.00110,691,2170.76,588613.38880,0
1668857400000,271.280,271.290,271.190,271.190,651.78,1668857459999,176782.50460,256,116.27,31534.76440,0
1668857460000,271.190,271.200,271.080,271.080,474.18,1668857519999,128565.12440,173,43.23,11720.68880,0
1668857520000,271.080,271.090,271.080,271.080,138.63,1668857579999,37580.06860,117,24.82,6728.45380,0
1668857580000,271.080,271.120,271.040,271.110,376.73,1668857639999,102121.39280,123,240.91,65304.15830,0
1668857640000,271.120,271.170,271.110,271.140,157.50,1668857699999,42706.04080,117,123.06,33367.62750,0
1668857700000,271.150,271.160,271.140,271.150,116.98,1668857759999,31718.58050,94,31.06,8421.98560,0
1668857760000,271.150,271.350,271.150,271.350,509.00,1668857819999,138056.62870,143,440.62,119506.75120,0
1668857820000,271.350,271.450,271.350,271.400,862.63,1668857879999,234129.97400,319,615.52,167056.53880,0
1668857880000,271.410,271.450,271.380,271.410,529.05,1668857939999,143585.62040,225,241.71,65602.27190,0
1668857940000,271.410,271.410,271.270,271.360,393.78,1668857999999,106842.97990,210,122.56,33252.64480,0
1668858000000,271.350,271.350,271.310,271.320,150.23,1668858059999,40759.66450,132,26.67,7236.14150,0
1668858060000,271.320,271.450,271.320,271.450,312.36,1668858119999,84770.48910,121,276.70,75093.12590,0
1668858120000,271.440,271.460,271.430,271.440,242.00,1668858179999,65690.54740,178,114.48,31075.53710,0
1668858180000,271.430,271.440,271.370,271.400,154.55,1668858239999,41945.08850,114,41.39,11233.41030,0
1668858240000,271.390,271.400,271.300,271.300,255.25,1668858299999,69261.27580,162,61.35,16648.00480,0
1668858300000,271.290,271.290,271.170,271.180,409.54,1668858359999,111079.53450,188,41.86,11352.27680,0
1668858360000,271.170,271.170,271.030,271.050,419.43,1668858419999,113704.69920,199,143.78,38974.43220,0
1668858420000,271.050,271.210,271.050,271.210,1148.97,1668858479999,311516.46050,257,1065.37,288845.63170,0
1668858480000,271.200,271.280,271.170,271.270,211.12,1668858539999,57258.34850,131,141.34,38334.38990,0
1668858540000,271.280,271.330,271.260,271.280,383.20,1668858599999,103960.43930,169,290.54,78822.71220,0
1668858600000,271.280,271.280,271.220,271.220,294.44,1668858659999,79861.14540,125,28.42,7708.41310,0
1668858660000,271.220,271.230,271.170,271.200,257.80,1668858719999,69916.27520,109,67.90,18413.51910,0
1668858720000,271.200,271.220,271.140,271.170,191.60,1668858779999,51960.86840,294,79.34,21517.55270,0
1668858780000,271.180,271.180,271.150,271.150,74.48,1668858839999,20195.79580,75,31.69,8593.07010,0
1668858840000,271.140,271.140,270.800,270.990,1234.98,1668858899999,334599.10810,422,321.07,86968.18760,0
1668858900000,270.990,271.040,270.980,271.040,110.91,1668858959999,30057.87900,106,69.21,18756.81380,0
1668858960000,271.030,271.160,270.970,271.150,1665.51,1668859019999,451368.93960,243,1351.48,366264.30820,0
1668859020000,271.150,271.220,271.140,271.220,200.70,1668859079999,54421.84240,118,98.54,26721.49680,0
1668859080000,271.210,271.510,271.210,271.510,1058.43,1668859139999,287264.45410,419,775.68,210523.89740,0
1668859140000,271.510,271.540,271.350,271.500,665.07,1668859199999,180523.82460,387,322.44,87524.57300,0
1668859200000,271.500,271.680,271.450,271.630,1821.03,1668859259999,494612.04300,686,1187.10,322452.90700,0
1668859260000,271.640,271.640,271.340,271.350,978.43,1668859319999,265649.37350,437,317.53,86214.14490,0
1668859320000,271.340,271.440,271.220,271.420,1231.02,1668859379999,334020.62620,422,991.21,268954.63930,0
1668859380000,271.430,271.500,271.400,271.460,792.12,1668859439999,215026.23030,310,369.29,100246.14720,0
1668859440000,271.460,271.500,271.410,271.420,226.87,1668859499999,61585.79740,179,100.39,27252.57300,0
1668859500000,271.420,271.450,271.400,271.450,124.82,1668859559999,33879.71040,139,47.45,12879.19270,0
1668859560000,271.440,271.450,271.340,271.350,325.50,1668859619999,88340.13910,185,31.18,8462.13660,0
1668859620000,271.360,271.400,271.340,271.390,206.77,1668859679999,56109.98510,210,101.25,27476.25070,0
1668859680000,271.390,271.420,271.360,271.370,243.49,1668859739999,66082.31790,204,170.74,46339.04080,0
1668859740000,271.410,271.410,271.350,271.380,260.22,1668859799999,70616.78060,117,156.17,42380.80430,0
1668859800000,271.390,271.470,271.370,271.390,551.42,1668859859999,149669.78970,182,256.15,69526.15930,0
1668859860000,271.410,271.410,271.390,271.400,147.70,1668859919999,40085.10580,126,37.68,10226.37660,0
1668859920000,271.390,271.500,271.320,271.480,795.08,1668859979999,215802.04220,301,552.01,149836.06610,0
1668859980000,271.490,271.510,271.460,271.490,206.55,1668860039999,56075.57170,132,128.79,34965.04520,0
1668860040000,271.490,271.500,271.460,271.470,143.92,1668860099999,39072.66750,166,65.41,17758.58400,0
1668860100000,271.480,271.600,271.470,271.590,469.03,1668860159999,127359.29590,188,277.91,75460.59520,0
1668860160000,271.600,271.640,271.450,271.520,1001.97,1668860219999,272067.06500,386,458.72,124552.80690,0
1668860220000,271.520,271.570,271.420,271.520,878.30,1668860279999,238469.24940,315,436.09,118406.73860,0
1668860280000,271.520,271.610,271.460,271.590,699.98,1668860339999,190069.78880,204,262.12,71186.58080,0
1668860340000,271.590,271.640,271.570,271.570,201.81,1668860399999,54812.44390,207,77.34,21006.16780,0
1668860400000,271.570,271.570,271.370,271.390,632.87,1668860459999,171798.46690,310,96.17,26105.68300,0
1668860460000,271.380,271.430,271.310,271.370,334.86,1668860519999,90873.97070,248,169.10,45890.34790,0
1668860520000,271.370,271.370,271.330,271.330,107.56,1668860579999,29185.86720,133,43.05,11681.25130,0
1668860580000,271.330,271.390,271.330,271.380,60.57,1668860639999,16436.09740,83,34.71,9419.14980,0
1668860640000,271.380,271.390,271.360,271.380,69.29,1668860699999,18803.57870,81,28.90,7842.80300,0
1668860700000,271.370,271.420,271.340,271.410,289.15,1668860759999,78471.31460,137,133.78,36306.56770,0
1668860760000,271.410,271.430,271.410,271.430,168.34,1668860819999,45690.59090,151,92.57,25125.54310,0
1668860820000,271.430,271.430,271.380,271.400,66.83,1668860879999,18138.44170,107,29.65,8047.32830,0
1668860880000,271.410,271.490,271.330,271.330,845.19,1668860939999,229392.11560,321,299.79,81366.51170,0
1668860940000,271.330,271.340,271.110,271.190,1605.00,1668860999999,435320.67880,534,583.60,158282.77140,0
1668861000000,271.190,271.340,271.180,271.290,399.60,1668861059999,108403.53240,233,141.39,38352.95010,0
1668861060000,271.280,271.290,271.180,271.190,175.33,1668861119999,47556.86870,120,32.59,8839.09880,0
1668861120000,271.180,271.190,271.040,271.080,730.46,1668861179999,198028.25970,278,193.81,52535.42730,0
1668861180000,271.090,271.090,271.060,271.060,148.52,1668861239999,40259.95430,132,71.81,19466.19560,0
1668861240000,271.060,271.060,270.870,270.870,588.43,1668861299999,159449.76890,309,83.62,22662.46210,0
1668861300000,270.870,271.030,270.860,270.880,574.37,1668861359999,155626.82860,355,261.14,70754.91210,0
1668861360000,270.890,270.950,270.630,270.640,1098.78,1668861419999,297501.92540,477,362.88,98267.89840,0
1668861420000,270.630,270.760,270.600,270.760,1012.77,1668861479999,274117.02460,356,291.13,78805.09390,0
1668861480000,270.760,270.790,270.650,270.690,317.68,1668861539999,85993.76220,197,135.79,36758.86370,0
1668861540000,270.680,270.780,270.660,270.710,257.12,1668861599999,69603.07660,205,147.17,39839.52910,0
1668861600000,270.710,270.790,270.700,270.740,247.66,1668861659999,67054.26480,244,128.62,34823.26160,0
1668861660000,270.730,270.800,270.700,270.780,205.63,1668861719999,55674.57730,156,97.62,26431.81750,0
1668861720000,270.780,270.780,270.580,270.630,488.45,1668861779999,132203.32830,247,157.01,42500.38980,0
1668861780000,270.630,270.820,270.580,270.800,950.77,1668861839999,257343.83020,276,826.46,223691.62630,0
1668861840000,270.790,270.850,270.780,270.790,179.99,1668861899999,48741.69330,128,97.10,26295.57500,0
1668861900000,270.790,270.940,270.790,270.810,450.25,1668861959999,121960.58750,242,195.57,52973.57040,0
1668861960000,270.810,270.870,270.800,270.850,125.02,1668862019999,33860.89490,155,80.00,21668.18910,0
1668862020000,270.860,270.920,270.780,270.860,895.99,1668862079999,242686.62230,265,130.31,35297.14460,0
1668862080000,270.850,270.860,270.680,270.730,160.43,1668862139999,43434.62880,130,65.79,17811.29070,0
1668862140000,270.720,270.730,270.640,270.650,318.75,1668862199999,86282.02010,211,42.65,11544.93320,0
1668862200000,270.650,270.720,270.620,270.620,334.28,1668862259999,90473.60830,165,79.62,21550.10230,0
1668862260000,270.620,270.620,270.520,270.530,565.39,1668862319999,152980.19940,289,222.23,60130.18250,0
1668862320000,270.560,270.660,270.510,270.660,805.26,1668862379999,217882.75610,245,354.76,96002.05710,0
1668862380000,270.650,270.910,270.640,270.870,555.85,1668862439999,150506.60610,209,486.91,131834.01620,0
1668862440000,270.870,270.870,270.800,270.830,173.88,1668862499999,47090.97430,222,105.22,28496.25800,0
1668862500000,270.820,270.830,270.740,270.800,506.66,1668862559999,137194.31170,236,105.63,28604.41060,0
1668862560000,270.790,270.820,270.740,270.780,148.60,1668862619999,40237.22550,125,71.53,19369.50630,0
1668862620000,270.780,270.940,270.740,270.890,298.88,1668862679999,80954.98710,156,175.13,47437.51750,0
1668862680000,270.890,271.050,270.890,270.930,549.80,1668862739999,148976.81950,252,415.62,112617.22750,0
1668862740000,270.930,270.940,270.820,270.820,378.99,1668862799999,102654.14410,150,21.07,5707.73380,0
1668862800000,270.830,270.880,270.820,270.880,210.11,1668862859999,56909.23040,170,178.89,48453.15510,0
1668862860000,270.880,270.970,270.870,270.920,687.60,1668862919999,186294.05780,341,474.36,128520.79590,0
1668862920000,270.920,270.940,270.810,270.810,318.76,1668862979999,86339.44130,175,30.52,8268.18400,0
1668862980000,270.810,270.810,270.640,270.640,629.99,1668863039999,170559.90490,257,137.30,37173.12530,0
1668863040000,270.640,270.690,270.600,270.650,305.14,1668863099999,82583.45090,227,175.01,47365.93160,0
1668863100000,270.650,270.730,270.610,270.720,571.21,1668863159999,154599.95990,217,353.69,95732.21310,0
1668863160000,270.710,270.800,270.700,270.800,183.15,1668863219999,49591.41350,130,93.62,25349.40770,0
1668863220000,270.800,270.810,270.790,270.810,43.57,1668863279999,11798.68920,61,34.90,9450.93990,0
1668863280000,270.810,270.820,270.800,270.800,63.13,1668863339999,17096.41350,80,36.91,9995.81080,0
1668863340000,270.800,270.840,270.540,270.590,603.01,1668863399999,163215.91240,257,130.57,35342.15800,0
1668863400000,270.590,270.630,270.560,270.590,282.87,1668863459999,76544.37360,185,83.76,22663.95290,0
1668863460000,270.620,270.650,270.530,270.600,524.09,1668863519999,141812.69170,290,106.44,28803.94620,0
1668863520000,270.600,270.660,270.600,270.610,269.56,1668863579999,72949.76660,208,107.22,29018.30460,0
1668863580000,270.610,270.630,270.550,270.550,175.88,1668863639999,47591.18060,170,68.06,18417.27670,0
1668863640000,270.560,270.640,270.560,270.630,243.25,1668863699999,65824.19490,159,88.73,24010.45070,0
1668863700000,270.620,270.740,270.620,270.660,260.15,1668863759999,70422.55500,172,128.26,34717.88260,0
1668863760000,270.650,270.900,270.650,270.890,322.56,1668863819999,87338.35430,199,282.47,76480.62240,0
1668863820000,270.890,271.000,270.890,270.950,170.11,1668863879999,46094.56350,160,127.02,34418.39070,0
1668863880000,270.960,271.040,270.830,270.850,475.42,1668863939999,128818.57510,270,226.31,61323.60260,0
1668863940000,270.840,270.870,270.620,270.640,277.39,1668863999999,75097.65800,192,26.51,7176.96900,0
1668864000000,270.640,270.700,270.500,270.590,557.40,1668864059999,150810.27350,270,137.61,37230.32780,0
1668864060000,270.610,270.700,270.600,270.680,320.83,1668864119999,86831.60160,172,172.93,46803.63800,0
1668864120000,270.690,270.690,270.450,270.490,638.78,1668864179999,172808.05370,294,119.89,32441.09200,0
1668864180000,270.480,270.490,270.270,270.450,1385.46,1668864239999,374576.50250,475,494.03,133569.30500,0
1668864240000,270.440,270.580,270.350,270.500,930.15,1668864299999,251569.87460,307,407.97,110343.11130,0
1668864300000,270.490,270.760,270.470,270.650,1161.02,1668864359999,314199.64070,384,784.76,212356.27380,0
1668864360000,270.650,270.720,270.560,270.710,263.83,1668864419999,71405.52240,197,90.89,24599.27770,0
1668864420000,270.700,270.740,270.550,270.550,204.34,1668864479999,55308.63480,143,88.65,23996.89160,0
1668864480000,270.540,270.650,270.540,270.640,130.39,1668864539999,35284.48990,130,106.66,28863.69910,0
1668864540000,270.630,270.630,270.520,270.620,165.68,1668864599999,44828.70080,156,56.06,15168.56150,0
1668864600000,270.620,270.630,270.490,270.500,347.41,1668864659999,93998.49070,235,68.76,18602.91900,0
1668864660000,270.500,270.590,270.400,270.580,538.98,1668864719999,145786.66310,296,396.88,107348.95140,0
1668864720000,270.580,270.740,270.570,270.740,322.38,1668864779999,87252.59700,236,187.46,50736.32500,0
1668864780000,270.740,270.800,270.740,270.760,407.51,1668864839999,110341.17430,198,202.25,54763.73080,0
1668864840000,270.770,270.830,270.600,270.700,574.01,1668864899999,155379.60950,302,155.64,42128.68650,0
1668864900000,270.690,270.710,270.680,270.700,77.01,1668864959999,20846.22180,128,56.36,15256.35590,0
1668864960000,270.700,270.700,270.660,270.700,76.55,1668865019999,20721.03510,136,56.05,15172.03210,0
1668865020000,270.700,270.750,270.700,270.710,160.51,1668865079999,43453.40110,167,106.81,28915.47990,0
1668865080000,270.710,270.750,270.700,270.740,36.39,1668865139999,9851.94050,45,30.21,8178.78290,0
1668865140000,270.750,270.800,270.720,270.770,122.29,1668865199999,33110.78950,151,69.57,18836.85250,0
1668865200000,270.770,270.770,270.720,270.750,319.82,1668865259999,86589.72700,160,51.67,13989.06180,0
1668865260000,270.750,270.800,270.730,270.800,196.96,1668865319999,53328.21370,164,84.48,22873.77830,0
1668865320000,270.800,270.910,270.760,270.820,556.82,1668865379999,150793.75880,251,156.09,42275.10020,0
1668865380000,270.820,270.930,270.800,270.800,588.78,1668865439999,159485.40360,233,331.74,89858.08060,0
1668865440000,270.810,270.900,270.810,270.860,222.28,1668865499999,60206.93560,151,136.40,36945.34520,0
1668865500000,270.860,271.040,270.850,271.020,539.17,1668865559999,146106.09750,244,398.77,108056.64710,0
1668865560000,271.050,271.130,270.940,270.980,529.04,1668865619999,143398.60440,276,321.35,87107.51780,0
1668865620000,270.990,270.990,270.770,270.830,412.92,1668865679999,111839.29850,214,67.31,18230.13910,0
1668865680000,270.880,271.030,270.870,270.920,505.67,1668865739999,137007.05170,204,383.50,103905.50310,0
1668865740000,270.920,270.990,270.870,270.960,218.52,1668865799999,59199.88210,170,75.58,20475.99190,0
1668865800000,270.950,271.020,270.840,270.910,419.28,1668865859999,113594.84540,247,171.80,46545.86830,0
1668865860000,270.910,271.000,270.870,270.920,186.50,1668865919999,50531.28600,113,152.73,41382.01980,0
1668865920000,270.910,270.960,270.890,270.960,65.14,1668865979999,17647.21430,114,25.80,6989.81190,0
1668865980000,270.970,270.970,270.870,270.900,226.05,1668866039999,61236.99320,154,26.25,7111.93120,0
1668866040000,270.910,270.980,270.770,270.780,339.88,1668866099999,92078.97330,194,186.13,50432.45000,0
1668866100000,270.780,270.780,270.650,270.740,418.15,1668866159999,113193.54900,226,54.46,14742.63090,0
1668866160000,270.740,270.740,270.610,270.650,306.87,1668866219999,83058.44970,185,34.88,9440.65830,0
1668866220000,270.650,270.780,270.650,270.720,320.41,1668866279999,86743.91160,213,208.90,56554.14230,0
1668866280000,270.720,270.750,270.640,270.710,243.73,1668866339999,65971.63790,184,39.05,10570.69930,0
1668866340000,270.700,270.740,270.660,270.710,217.18,1668866399999,58791.22220,105,77.69,21030.60610,0
1668866400000,270.720,270.790,270.540,270.540,2009.77,1668866459999,544008.00280,293,152.32,41237.29690,0
1668866460000,270.550,270.760,270.540,270.680,508.17,1668866519999,137533.30290,235,459.94,124477.75950,0
1668866520000,270.690,270.750,270.670,270.750,205.73,1668866579999,55691.20680,217,164.16,44438.33430,0
1668866580000,270.750,270.760,270.620,270.630,180.77,1668866639999,48933.45170,197,60.89,16483.56300,0
1668866640000,270.630,270.740,270.550,270.740,513.15,1668866699999,138888.66640,277,419.92,113657.01280,0
1668866700000,270.760,270.790,270.730,270.790,176.81,1668866759999,47872.66590,154,142.06,38464.44610,0
1668866760000,270.790,270.850,270.750,270.840,218.84,1668866819999,59264.23550,168,112.53,30475.40630,0
1668866820000,270.850,270.980,270.840,270.960,492.53,1668866879999,133431.97510,247,259.16,70208.51850,0
1668866880000,270.960,270.980,270.860,270.930,270.79,1668866939999,73363.48960,207,140.59,38089.60190,0
1668866940000,270.930,270.940,270.820,270.900,302.34,1668866999999,81897.70240,238,158.86,43034.46060,0
1668867000000,270.890,270.970,270.890,270.940,358.86,1668867059999,97225.11080,171,245.71,66570.22230,0
1668867060000,270.940,270.950,270.630,270.660,1313.33,1668867119999,355661.64770,378,103.98,28159.52860,0
1668867120000,270.660,270.840,270.650,270.740,451.76,1668867179999,122308.44860,286,292.79,79264.33390,0
1668867180000,270.730,270.800,270.730,270.740,71.90,1668867239999,19466.48560,119,23.56,6378.77050,0
1668867240000,270.740,270.850,270.690,270.840,663.54,1668867299999,179684.51980,269,419.52,113604.24150,0
1668867300000,270.840,270.920,270.720,270.730,916.18,1668867359999,248128.50990,320,304.58,82504.07530,0
1668867360000,270.730,270.840,270.720,270.830,247.55,1668867419999,67031.50890,179,220.26,59641.21490,0
1668867420000,270.840,270.910,270.720,270.730,656.06,1668867479999,177669.31820,268,288.62,78174.57370,0
1668867480000,270.730,270.750,270.680,270.690,165.87,1668867539999,44902.96060,169,72.62,19659.53980,0
1668867540000,270.700,270.740,270.560,270.640,786.30,1668867599999,212796.91670,328,599.39,162213.67690,0
1668867600000,270.630,270.640,270.410,270.450,881.86,1668867659999,238539.74280,362,204.97,55442.24290,0
1668867660000,270.470,270.610,270.440,270.490,943.14,1668867719999,255128.54750,308,439.29,118835.48520,0
1668867720000,270.490,270.540,270.450,270.480,316.53,1668867779999,85617.49810,193,155.26,41996.46630,0
1668867780000,270.480,270.550,270.460,270.520,421.62,1668867839999,114050.57460,213,153.33,41477.92540,0
1668867840000,270.510,270.540,270.480,270.480,293.32,1668867899999,79346.16740,149,56.01,15151.58320,0
1668867900000,270.490,270.520,270.440,270.480,276.98,1668867959999,74916.42490,145,208.77,56468.24150,0
1668867960000,270.490,270.540,270.430,270.470,335.55,1668868019999,90754.80790,207,200.32,54180.49400,0
1668868020000,270.480,270.520,270.410,270.420,189.82,1668868079999,51339.86830,163,73.22,19803.68900,0
1668868080000,270.410,270.460,270.410,270.430,195.57,1668868139999,52891.29190,164,85.99,23255.68990,0
1668868140000,270.440,270.440,270.400,270.420,314.30,1668868199999,84993.38910,158,238.56,64511.93970,0
1668868200000,270.430,270.530,270.420,270.420,473.00,1668868259999,127935.41120,205,419.80,113546.58540,0
1668868260000,270.420,270.460,270.380,270.380,307.80,1668868319999,83236.24820,219,150.06,40581.53230,0
1668868320000,270.370,270.470,270.330,270.340,543.41,1668868379999,146943.57450,283,419.40,113415.55800,0
1668868380000,270.330,270.340,270.180,270.240,726.59,1668868439999,196358.82380,339,106.69,28831.87060,0
1668868440000,270.230,270.290,269.880,269.940,4672.35,1668868499999,1261815.13620,1098,453.18,122391.98650,0
1668868500000,269.950,270.150,269.950,270.150,705.71,1668868559999,190592.07850,351,533.07,143963.89130,0
1668868560000,270.150,270.210,270.020,270.020,669.08,1668868619999,180743.19260,279,127.44,34431.19520,0
1668868620000,270.000,270.100,269.970,270.040,488.44,1668868679999,131896.30530,327,302.07,81569.84440,0
1668868680000,270.040,270.090,270.010,270.020,433.21,1668868739999,116988.18940,260,192.39,51954.70120,0
1668868740000,270.020,270.210,270.010,270.210,2112.27,1668868799999,570532.92880,322,1993.09,538340.93470,0
1668868800000,270.210,270.340,270.210,270.320,318.25,1668868859999,86011.50630,285,248.82,67245.80830,0
1668868860000,270.320,270.350,270.240,270.300,801.86,1668868919999,216728.06870,234,102.16,27613.42980,0
1668868920000,270.310,270.360,270.240,270.290,260.64,1668868979999,70454.16390,186,123.39,33355.81770,0
1668868980000,270.290,270.340,270.260,270.260,197.05,1668869039999,53261.81990,168,79.29,21431.94960,0
1668869040000,270.270,270.320,270.260,270.290,57.66,1668869099999,15585.16600,101,35.64,9633.00070,0
1668869100000,270.290,270.580,270.280,270.580,599.36,1668869159999,162094.83580,309,509.40,137765.28890,0
1668869160000,270.580,270.640,270.460,270.460,460.81,1668869219999,124684.44920,245,192.84,52183.21900,0
1668869220000,270.460,270.500,270.420,270.480,258.93,1668869279999,70031.03360,195,84.21,22775.86880,0
1668869280000,270.480,270.600,270.480,270.570,558.30,1668869339999,151043.30500,211,415.43,112387.65790,0
1668869340000,270.570,270.600,270.310,270.450,747.96,1668869399999,202261.56080,290,348.40,94210.26320,0
1668869400000,270.440,270.450,270.360,270.360,224.98,1668869459999,60836.17960,157,139.55,37736.05490,0
1668869460000,270.370,270.500,270.360,270.500,207.77,1668869519999,56182.53250,150,130.97,35414.18770,0
1668869520000,270.490,270.500,270.420,270.420,305.99,1668869579999,82760.73920,134,98.38,26609.78040,0
1668869580000,270.420,270.450,270.380,270.420,155.47,1668869639999,42042.01800,205,59.65,16131.04530,0
1668869640000,270.420,270.530,270.280,270.280,703.57,1668869699999,190257.97480,225,295.16,79833.60480,0
1668869700000,270.290,270.330,270.220,270.220,497.36,1668869759999,134420.63110,246,230.24,62228.97690,0
1668869760000,270.220,270.310,270.210,270.260,494.01,1668869819999,133510.36610,269,186.28,50345.97900,0
1668869820000,270.240,270.370,270.230,270.330,279.34,1668869879999,75514.15300,182,238.72,64534.33260,0
1668869880000,270.330,270.520,270.330,270.390,552.59,1668869939999,149438.63690,195,303.06,81952.55540,0
1668869940000,270.390,270.490,270.390,270.480,170.49,1668869999999,46110.04610,156,70.63,19101.79980,0
1668870000000,270.480,270.540,270.270,270.350,448.49,1668870059999,121255.71100,311,231.00,62449.51840,0
1668870060000,270.320,270.510,270.320,270.510,364.39,1668870119999,98537.87670,231,297.68,80500.33470,0
1668870120000,270.510,270.600,270.500,270.540,533.88,1668870179999,144441.14250,336,189.85,51364.57020,0
1668870180000,270.540,270.670,270.540,270.580,325.56,1668870239999,88104.55320,290,146.69,39697.37310,0
1668870240000,270.580,270.660,270.580,270.640,108.71,1668870299999,29419.72030,171,70.37,19044.00200,0
1668870300000,270.630,270.690,270.630,270.690,217.25,1668870359999,58799.35010,175,144.13,39010.20100,0
1668870360000,270.700,270.910,270.690,270.830,1827.17,1668870419999,494827.35300,561,1025.13,277605.97290,0
1668870420000,270.840,270.860,270.710,270.830,679.62,1668870479999,184051.77910,291,505.87,137003.01780,0
1668870480000,270.830,271.160,270.790,271.120,1310.83,1668870539999,355249.50830,608,710.43,192546.24300,0
1668870540000,271.130,271.420,271.050,271.340,1430.83,1668870599999,388163.97490,809,901.34,244515.55630,0
1668870600000,271.330,271.590,271.130,271.170,2329.38,1668870659999,632088.91120,884,1199.36,325497.77070,0
1668870660000,271.170,271.170,270.860,270.960,1072.19,1668870719999,290566.56490,463,304.28,82448.79780,0
1668870720000,270.970,271.190,270.850,271.180,730.18,1668870779999,197882.28900,380,435.64,118061.52440,0
1668870780000,271.170,271.240,271.080,271.110,748.79,1668870839999,203036.80540,453,345.49,93681.76770,0
1668870840000,271.100,271.390,271.030,271.380,609.12,1668870899999,165172.55150,357,351.95,95442.05150,0
1668870900000,271.380,271.580,271.220,271.220,2004.24,1668870959999,544056.98650,680,815.12,221271.59980,0
1668870960000,271.220,271.240,270.940,271.190,1809.10,1668871019999,490385.50180,635,992.36,268975.25810,0
1668871020000,271.190,271.400,271.190,271.270,780.33,1668871079999,211706.02810,391,480.04,130238.64050,0
1668871080000,271.260,271.300,271.130,271.130,355.60,1668871139999,96452.59820,267,112.07,30400.43810,0
1668871140000,271.140,271.230,271.050,271.050,432.83,1668871199999,117349.98120,314,172.87,46870.69510,0
1668871200000,271.050,271.190,270.950,271.100,873.32,1668871259999,236697.24540,403,400.63,108579.98250,0
1668871260000,271.090,271.230,271.090,271.150,320.56,1668871319999,86925.99860,283,148.32,40219.67300,0
1668871320000,271.130,271.230,271.130,271.140,372.93,1668871379999,101130.38780,220,148.47,40260.95240,0
1668871380000,271.150,271.170,271.090,271.090,91.96,1668871439999,24933.55210,126,17.69,4796.19750,0
1668871440000,271.090,271.210,270.970,270.970,775.28,1668871499999,210197.60840,241,388.38,105315.14290,0
1668871500000,270.980,270.980,270.920,270.950,310.83,1668871559999,84213.81420,187,243.58,65993.65400,0
1668871560000,270.960,270.960,270.850,270.880,269.83,1668871619999,73096.39980,221,116.96,31684.06150,0
1668871620000,270.880,271.050,270.880,271.000,380.54,1668871679999,103125.47960,155,283.41,76802.42420,0
1668871680000,271.010,271.040,270.950,270.950,346.27,1668871739999,93840.25440,154,26.02,7051.79280,0
1668871740000,270.960,271.180,270.950,271.180,435.61,1668871799999,118086.92660,191,356.29,96583.97420,0
1668871800000,271.200,271.230,271.000,271.000,527.03,1668871859999,142897.78170,298,207.83,56362.35080,0
1668871860000,271.010,271.010,270.960,270.970,341.99,1668871919999,92672.91760,162,142.39,38584.77410,0
1668871920000,270.970,271.000,270.970,270.980,174.07,1668871979999,47171.10380,115,122.31,33144.80340,0
1668871980000,270.980,271.090,270.940,271.090,451.84,1668872039999,122450.01380,190,308.24,83538.79300,0
1668872040000,271.100,271.590,271.100,271.450,2360.10,1668872099999,640407.90430,556,1587.10,430550.77070,0
1668872100000,271.450,271.570,271.430,271.520,830.31,1668872159999,225434.25410,385,498.72,135405.36160,0
1668872160000,271.530,271.770,271.520,271.620,1392.59,1668872219999,378317.97850,637,887.06,240981.34510,0
1668872220000,271.620,271.790,271.620,271.660,1940.91,1668872279999,527396.95470,747,961.78,261355.33000,0
1668872280000,271.670,271.730,271.600,271.660,735.00,1668872339999,199662.47880,505,279.99,76065.15010,0
1668872340000,271.670,271.670,271.540,271.550,604.55,1668872399999,164190.15830,370,286.42,77788.30920,0
1668872400000,271.550,271.630,271.440,271.540,1028.46,1668872459999,279283.03930,430,419.63,113949.14070,0
1668872460000,271.570,271.570,271.400,271.430,396.86,1668872519999,107735.84090,265,211.97,57541.90310,0
1668872520000,271.450,271.610,271.410,271.610,478.24,1668872579999,129845.34030,243,398.07,108080.84040,0
1668872580000,271.610,271.690,271.440,271.520,662.14,1668872639999,179809.30530,299,220.10,59770.05230,0
1668872640000,271.520,271.670,271.510,271.670,298.70,1668872699999,81127.86290,166,249.43,67746.15190,0
1668872700000,271.670,271.690,271.430,271.440,512.96,1668872759999,139309.25660,277,100.08,27184.10480,0
1668872760000,271.440,271.520,271.390,271.440,604.07,1668872819999,163974.88730,248,293.58,79689.49620,0
1668872820000,271.440,271.500,271.320,271.330,331.08,1668872879999,89854.42070,199,36.35,9867.40050,0
1668872880000,271.330,271.430,271.300,271.400,685.17,1668872939999,185934.54130,306,322.35,87477.56130,0
1668872940000,271.410,271.490,271.320,271.400,1279.50,1668872999999,347275.50330,336,495.86,134591.92560,0
1668873000000,271.400,271.500,271.400,271.470,555.01,1668873059999,150660.89710,231,416.99,113191.32450,0
1668873060000,271.470,271.680,271.420,271.590,632.97,1668873119999,171894.92680,296,387.84,105327.64810,0
1668873120000,271.590,271.590,271.340,271.340,564.66,1668873179999,153294.80390,243,78.31,21256.53780,0
1668873180000,271.330,271.470,271.330,271.380,318.19,1668873239999,86354.05050,236,119.76,32501.90370,0
1668873240000,271.370,271.440,271.350,271.370,268.30,1668873299999,72810.86100,212,122.97,33371.11280,0
1668873300000,271.360,271.490,271.360,271.490,193.39,1668873359999,52496.48450,142,156.11,42377.03860,0
1668873360000,271.500,271.630,271.500,271.570,832.97,1668873419999,226208.24720,273,482.44,131006.84130,0
1668873420000,271.570,271.730,271.530,271.710,390.61,1668873479999,106092.24910,246,219.73,59680.39300,0
1668873480000,271.710,271.760,271.580,271.580,630.09,1668873539999,171193.81120,277,355.54,96607.49160,0
1668873540000,271.560,271.770,271.560,271.720,1620.68,1668873599999,440331.39620,319,1540.42,418525.52680,0
1668873600000,271.710,271.880,271.710,271.870,1071.97,1668873659999,291349.07280,519,605.98,164707.33740,0
1668873660000,271.880,271.910,271.720,271.720,1574.24,1668873719999,427924.39800,538,371.58,101015.47550,0
1668873720000,271.720,271.720,271.630,271.630,240.48,1668873779999,65333.06530,283,59.13,16064.35180,0
1668873780000,271.630,271.660,271.480,271.660,1522.91,1668873839999,413530.49730,464,644.35,174967.37580,0
1668873840000,271.650,271.660,271.600,271.630,357.83,1668873899999,97194.03010,245,109.10,29634.51650,0
1668873900000,271.630,271.640,271.470,271.490,469.13,1668873959999,127396.42260,226,80.32,21807.14700,0
1668873960000,271.480,271.670,271.480,271.630,681.20,1668874019999,184999.82160,238,496.19,134749.20140,0
1668874020000,271.640,271.680,271.550,271.660,543.69,1668874079999,147679.20410,272,345.59,93874.39240,0
1668874080000,271.670,271.840,271.670,271.740,679.68,1668874139999,184710.24800,309,187.42,50930.81500,0
1668874140000,271.730,271.860,271.690,271.820,258.11,1668874199999,70148.42750,247,162.08,44051.19090,0
1668874200000,271.820,271.870,271.750,271.760,592.80,1668874259999,161138.49170,338,176.43,47960.57050,0
1668874260000,271.760,271.790,271.680,271.710,159.22,1668874319999,43265.00860,233,63.23,17181.60020,0
1668874320000,271.720,271.800,271.720,271.740,237.67,1668874379999,64588.75840,246,104.55,28412.42270,0
1668874380000,271.740,271.760,271.630,271.700,305.67,1668874439999,83050.77650,268,104.34,28351.18320,0
1668874440000,271.710,271.760,271.670,271.680,431.58,1668874499999,117264.46910,294,114.60,31139.49730,0
1668874500000,271.680,271.790,271.630,271.630,921.54,1668874559999,250377.67090,287,208.15,56558.31810,0
1668874560000,271.630,271.680,271.530,271.540,448.07,1668874619999,121701.83010,237,166.08,45111.19700,0
1668874620000,271.540,271.570,271.220,271.320,1030.01,1668874679999,279544.60440,480,187.26,50817.01500,0
1668874680000,271.320,271.400,271.300,271.300,291.77,1668874739999,79171.97530,241,126.17,34237.52510,0
1668874740000,271.300,271.600,271.300,271.520,817.33,1668874799999,221908.56040,356,543.75,147617.44380,0
1668874800000,271.520,271.560,271.390,271.390,257.88,1668874859999,70010.50430,259,25.63,6958.38180,0
1668874860000,271.400,271.460,271.360,271.420,580.55,1668874919999,157553.20330,259,383.83,104164.73570,0
1668874920000,271.430,271.550,271.310,271.360,867.93,1668874979999,235586.94050,306,373.31,101350.02580,0
1668874980000,271.360,271.440,271.350,271.380,305.28,1668875039999,82848.82730,231,136.99,37176.36970,0
1668875040000,271.370,271.480,271.360,271.380,509.16,1668875099999,138194.48520,240,230.00,62429.05110,0
1668875100000,271.380,271.390,271.350,271.380,244.68,1668875159999,66397.69200,140,154.47,41918.12350,0
1668875160000,271.390,271.390,271.260,271.330,462.44,1668875219999,125470.74850,246,121.38,32928.82230,0
1668875220000,271.330,271.660,271.320,271.650,615.49,1668875279999,167085.12250,275,484.88,131618.78150,0
1668875280000,271.650,271.650,271.060,271.200,1891.53,1668875339999,513176.29310,701,566.37,153581.56650,0
1668875340000,271.200,271.260,271.130,271.150,597.96,1668875399999,162171.38930,308,361.46,98031.70580,0
1668875400000,271.180,271.270,271.090,271.270,1074.59,1668875459999,291394.71960,318,648.96,175993.84530,0
1668875460000,271.270,271.320,271.120,271.250,612.98,1668875519999,166263.75660,288,375.74,101918.23140,0
1668875520000,271.240,271.250,271.120,271.160,154.90,1668875579999,42003.94640,166,43.27,11732.90540,0
1668875580000,271.160,271.210,271.070,271.080,277.76,1668875639999,75311.99800,129,76.32,20695.49710,0
1668875640000,271.080,271.230,271.080,271.230,338.99,1668875699999,91912.27380,235,185.39,50266.84430,0
1668875700000,271.230,271.390,271.220,271.390,600.37,1668875759999,162868.00510,260,453.98,123153.61170,0
1668875760000,271.390,271.390,271.190,271.200,225.56,1668875819999,61196.59720,176,105.33,28578.45930,0
1668875820000,271.200,271.350,271.200,271.220,816.06,1668875879999,221362.71210,295,300.70,81565.22570,0
1668875880000,271.220,271.300,271.190,271.290,343.20,1668875939999,93094.61810,189,257.52,69854.31170,0
1668875940000,271.300,271.470,271.300,271.400,498.54,1668875999999,135300.20900,250,350.48,95111.94150,0
1668876000000,271.370,271.430,271.280,271.360,446.08,1668876059999,121046.90750,199,215.93,58589.40190,0
1668876060000,271.380,271.450,271.220,271.250,350.57,1668876119999,95124.76930,174,130.59,35441.21570,0
1668876120000,271.250,271.250,271.180,271.250,182.10,1668876179999,49387.05500,158,45.68,12388.91720,0
1668876180000,271.250,271.380,271.240,271.260,303.06,1668876239999,82225.09260,194,177.15,48060.66280,0
1668876240000,271.250,271.260,271.150,271.250,352.79,1668876299999,95678.11310,205,168.82,45783.65660,0
1668876300000,271.250,271.260,271.010,271.010,782.69,1668876359999,212196.18860,267,207.62,56298.53980,0
1668876360000,271.010,271.100,271.010,271.090,651.85,1668876419999,176686.08500,325,495.30,134254.23250,0
1668876420000,271.090,271.090,271.050,271.050,148.05,1668876479999,40131.43860,163,64.14,17386.51130,0
1668876480000,271.060,271.190,271.060,271.140,323.48,1668876539999,87707.31150,185,218.26,59177.92420,0
1668876540000,271.130,271.200,271.070,271.160,510.16,1668876599999,138322.96720,217,276.29,74914.61390,0
1668876600000,271.160,271.170,271.140,271.140,105.29,1668876659999,28551.29350,96,87.06,23608.05010,0
1668876660000,271.150,271.170,271.100,271.140,300.80,1668876719999,81557.23280,182,174.15,47218.02990,0
1668876720000,271.140,271.170,271.090,271.130,205.85,1668876779999,55813.70380,181,93.11,25246.50540,0
1668876780000,271.130,271.140,271.060,271.140,355.51,1668876839999,96383.67220,157,171.28,46435.30600,0
1668876840000,271.130,271.130,271.060,271.130,281.27,1668876899999,76253.27000,164,129.97,35234.73580,0
1668876900000,271.120,271.130,271.060,271.100,436.66,1668876959999,118369.82390,194,265.32,71922.78840,0
1668876960000,271.090,271.110,271.020,271.030,352.59,1668877019999,95581.54690,157,101.12,27413.13830,0
1668877020000,271.020,271.060,271.020,271.060,87.20,1668877079999,23635.46300,59,37.00,10028.77510,0
1668877080000,271.060,271.170,271.040,271.130,344.44,1668877139999,93377.75870,170,90.30,24479.61530,0
1668877140000,271.120,271.160,271.090,271.100,137.92,1668877199999,37393.19380,146,63.03,17089.48760,0
1668877200000,271.110,271.230,271.110,271.230,360.79,1668877259999,97839.50720,239,297.89,80782.66620,0
1668877260000,271.220,271.290,271.220,271.270,340.01,1668877319999,92234.91380,185,75.71,20536.79100,0
1668877320000,271.270,271.270,271.090,271.120,1321.89,1668877379999,358467.10670,331,131.46,35644.49900,0
1668877380000,271.130,271.150,271.050,271.100,238.54,1668877439999,64670.62030,252,105.17,28513.84170,0
1668877440000,271.080,271.150,271.080,271.120,198.94,1668877499999,53935.80000,164,147.70,40043.22100,0
1668877500000,271.120,271.120,271.050,271.090,394.11,1668877559999,106840.81660,239,212.90,57716.05750,0
1668877560000,271.100,271.160,270.960,271.140,1940.30,1668877619999,525909.13190,481,1121.11,303895.21590,0
1668877620000,271.140,271.150,270.990,271.000,268.17,1668877679999,72686.02090,102,70.92,19226.48170,0
1668877680000,270.990,271.170,270.990,271.170,250.06,1668877739999,67779.53170,189,188.34,51050.31230,0
1668877740000,271.180,271.210,271.130,271.190,106.45,1668877799999,28865.51400,135,48.76,13222.33500,0
1668877800000,271.200,271.200,271.120,271.180,287.26,1668877859999,77892.79130,134,188.72,51172.33870,0
1668877860000,271.190,271.210,271.170,271.170,155.24,1668877919999,42100.58100,190,81.89,22208.52280,0
1668877920000,271.180,271.210,271.160,271.210,139.16,1668877979999,37737.02440,159,62.41,16924.73950,0
1668877980000,271.210,271.250,271.210,271.220,102.67,1668878039999,27847.24180,132,48.96,13279.72690,0
1668878040000,271.220,271.220,271.090,271.100,195.37,1668878099999,52977.32420,123,34.87,9455.71580,0
1668878100000,271.100,271.210,271.100,271.130,208.00,1668878159999,56399.32900,163,139.54,37836.76560,0
1668878160000,271.130,271.140,271.020,271.020,314.40,1668878219999,85229.87590,137,36.51,9898.54860,0
1668878220000,271.010,271.020,270.970,270.970,465.32,1668878279999,126101.95950,244,211.55,57331.48120,0
1668878280000,270.970,271.090,270.900,271.090,1042.21,1668878339999,282430.85370,317,518.89,140628.81700,0
1668878340000,271.060,271.080,271.020,271.030,415.20,1668878399999,112540.55640,164,329.68,89360.13330,0
1668878400000,271.020,271.020,270.750,270.820,1152.28,1668878459999,312102.62810,455,420.08,113777.06680,0
1668878460000,270.820,270.940,270.670,270.720,1336.05,1668878519999,361801.91850,488,211.65,57324.41760,0
1668878520000,270.720,270.830,270.720,270.770,511.20,1668878579999,138422.96310,234,383.83,103930.91840,0
1668878580000,270.780,270.840,270.670,270.690,613.99,1668878639999,166235.25060,260,227.22,61518.47920,0
1668878640000,270.690,270.690,270.600,270.680,592.40,1668878699999,160332.74630,245,131.05,35470.06770,0
1668878700000,270.680,270.960,270.670,270.960,686.49,1668878759999,185894.47770,321,511.21,138433.07060,0
1668878760000,270.950,270.970,270.890,270.890,179.86,1668878819999,48728.78510,136,85.30,23110.72130,0
1668878820000,270.880,270.940,270.870,270.930,197.62,1668878879999,53536.77690,164,104.41,28286.41500,0
1668878880000,270.940,271.010,270.860,270.870,296.65,1668878939999,80375.72210,208,195.48,52962.71760,0
1668878940000,270.860,270.890,270.800,270.800,306.58,1668878999999,83033.19520,165,132.05,35763.47140,0
1668879000000,270.810,270.850,270.730,270.780,327.43,1668879059999,88661.58210,278,242.37,65629.03610,0
1668879060000,270.780,270.820,270.700,270.740,302.54,1668879119999,81913.63520,259,169.85,45988.30870,0
1668879120000,270.750,270.750,270.580,270.710,916.47,1668879179999,248045.74990,270,124.59,33721.87150,0
1668879180000,270.720,270.720,270.510,270.610,999.83,1668879239999,270528.09540,429,265.87,71938.96970,0
1668879240000,270.620,270.650,270.450,270.490,799.52,1668879299999,216283.38900,361,145.36,39327.07690,0
1668879300000,270.490,270.600,270.490,270.500,406.47,1668879359999,109966.57410,226,259.96,70330.80150,0
1668879360000,270.500,270.600,270.500,270.590,116.78,1668879419999,31595.78470,163,96.92,26222.44590,0
1668879420000,270.580,270.680,270.580,270.600,217.27,1668879479999,58796.65100,146,156.67,42396.68080,0
1668879480000,270.590,270.680,270.550,270.680,259.65,1668879539999,70254.69020,149,140.92,38130.13980,0
1668879540000,270.670,270.700,270.610,270.650,233.40,1668879599999,63171.75270,178,165.72,44853.48180,0
1668879600000,270.640,270.700,270.640,270.700,213.73,1668879659999,57850.39580,113,167.44,45320.78330,0
1668879660000,270.700,270.710,270.610,270.620,195.79,1668879719999,52992.53520,156,52.99,14341.30140,0
1668879720000,270.620,270.750,270.610,270.680,508.23,1668879779999,137565.81710,191,408.07,110451.52680,0
1668879780000,270.670,270.760,270.660,270.700,237.79,1668879839999,64372.13250,165,206.78,55977.79560,0
1668879840000,270.690,270.700,270.620,270.660,283.69,1668879899999,76782.80030,146,33.18,8980.21570,0
1668879900000,270.660,270.860,270.660,270.840,717.52,1668879959999,194296.86330,342,554.70,150204.25290,0
1668879960000,270.830,270.960,270.790,270.950,333.93,1668880019999,90460.08170,179,314.49,85195.01710,0
1668880020000,270.960,271.090,270.960,271.090,287.21,1668880079999,77844.32960,215,197.81,53615.18240,0
1668880080000,271.090,271.120,271.040,271.060,170.58,1668880139999,46241.61800,179,77.89,21115.53710,0
1668880140000,271.050,271.260,271.050,271.130,439.08,1668880199999,119071.37170,267,163.61,44366.22040,0
1668880200000,271.130,271.160,271.010,271.030,566.72,1668880259999,153608.38740,249,320.58,86887.43620,0
1668880260000,271.040,271.130,271.040,271.070,140.03,1668880319999,37958.24810,171,68.26,18503.17020,0
1668880320000,271.070,271.140,271.010,271.080,340.30,1668880379999,92249.01420,188,62.29,16885.95530,0
1668880380000,271.090,271.270,271.060,271.180,1234.95,1668880439999,334890.63710,330,1025.06,277967.04130,0
1668880440000,271.180,271.240,271.120,271.240,388.07,1668880499999,105230.47710,204,216.62,58740.06360,0
1668880500000,271.230,271.240,271.110,271.110,480.11,1668880559999,130184.86100,171,92.29,25023.45200,0
1668880560000,271.110,271.160,271.030,271.160,807.38,1668880619999,218879.04010,249,494.32,134011.74340,0
1668880620000,271.150,271.160,271.060,271.110,193.54,1668880679999,52469.71430,175,70.80,19195.27020,0
1668880680000,271.100,271.100,271.010,271.100,501.85,1668880739999,136031.04900,228,224.63,60887.80370,0
1668880740000,271.100,271.110,271.060,271.060,240.10,1668880799999,65087.26010,162,51.61,13990.82490,0
1668880800000,271.060,271.180,271.060,271.120,594.78,1668880859999,161258.10200,289,389.15,105504.58580,0
1668880860000,271.110,271.120,271.000,271.010,1029.10,1668880919999,278935.82100,396,174.99,47430.11900,0
1668880920000,271.010,271.080,271.010,271.060,137.81,1668880979999,37352.51390,184,51.45,13945.24920,0
1668880980000,271.050,271.060,271.050,271.060,70.89,1668881039999,19215.19330,141,45.88,12436.23280,0
1668881040000,271.050,271.070,270.620,270.720,2831.18,1668881099999,766814.73840,569,329.68,89263.45700,0
1668881100000,270.710,270.800,270.710,270.800,388.64,1668881159999,105231.34390,224,219.87,59533.24290,0
1668881160000,270.800,270.800,270.770,270.800,242.52,1668881219999,65673.27170,153,222.13,60151.92340,0
1668881220000,270.800,271.100,270.800,271.100,537.98,1668881279999,145759.00920,259,438.44,118780.59800,0
1668881280000,271.100,271.100,270.880,270.880,321.15,1668881339999,87016.87940,143,70.23,19029.54550,0
1668881340000,270.890,271.030,270.820,270.960,528.87,1668881399999,143302.82710,271,226.14,61268.09760,0
1668881400000,270.970,271.060,270.930,271.020,330.11,1668881459999,89466.71980,209,73.26,19853.57860,0
1668881460000,271.010,271.020,270.950,270.980,299.90,1668881519999,81271.59470,208,153.05,41475.22880,0
1668881520000,270.980,271.020,270.950,270.980,339.98,1668881579999,92129.39800,197,99.53,26972.83270,0
1668881580000,270.980,271.040,270.940,271.020,459.63,1668881639999,124550.31600,193,87.17,23623.43390,0
1668881640000,271.020,271.020,270.950,270.960,314.30,1668881699999,85169.71710,204,103.37,28012.95320,0
1668881700000,270.960,271.110,270.940,271.100,319.42,1668881759999,86580.73460,168,268.37,72744.64330,0
1668881760000,271.110,271.110,271.010,271.030,737.82,1668881819999,199987.83880,224,75.11,20361.40650,0
1668881820000,271.030,271.100,271.020,271.080,81.12,1668881879999,21988.57830,131,48.25,13078.99390,0
1668881880000,271.080,271.130,271.060,271.110,189.30,1668881939999,51319.11970,135,161.23,43709.97580,0
1668881940000,271.120,271.190,271.110,271.170,197.97,1668881999999,53679.63090,187,141.07,38250.61360,0
1668882000000,271.170,271.180,271.090,271.090,184.78,1668882059999,50102.56650,178,44.66,12108.33410,0
1668882060000,271.090,271.180,271.090,271.180,359.74,1668882119999,97541.28330,177,285.48,77408.02530,0
1668882120000,271.170,271.260,271.170,271.250,164.16,1668882179999,44523.46430,124,114.90,31164.35580,0
1668882180000,271.250,271.250,271.200,271.210,153.43,1668882239999,41613.61950,143,30.73,8334.68770,0
1668882240000,271.210,271.270,271.210,271.260,132.85,1668882299999,36035.02380,141,105.59,28640.75820,0
1668882300000,271.260,271.310,271.260,271.300,226.13,1668882359999,61346.55380,156,152.47,41364.12060,0
1668882360000,271.310,271.350,271.300,271.350,226.94,1668882419999,61574.27100,132,159.93,43392.81110,0
1668882420000,271.350,271.350,271.140,271.200,479.86,1668882479999,130150.47780,254,104.30,28286.37640,0
1668882480000,271.190,271.220,271.160,271.210,164.54,1668882539999,44621.94370,134,118.00,32000.37670,0
1668882540000,271.210,271.220,271.150,271.170,221.80,1668882599999,60145.64080,145,40.18,10896.18250,0
1668882600000,271.180,271.280,271.180,271.280,284.27,1668882659999,77102.41250,207,225.57,61181.79270,0
1668882660000,271.280,271.280,271.240,271.260,88.92,1668882719999,24120.87090,120,48.77,13229.53940,0
1668882720000,271.260,271.340,271.260,271.330,126.53,1668882779999,34326.54910,117,103.29,28021.88150,0
1668882780000,271.330,271.360,271.290,271.300,430.13,1668882839999,116703.22390,235,139.82,37937.58810,0
1668882840000,271.310,271.360,271.300,271.330,77.13,1668882899999,20926.31160,99,47.41,12862.98360,0
1668882900000,271.330,271.490,271.310,271.480,952.99,1668882959999,258651.62400,349,740.51,200982.09400,0
1668882960000,271.480,271.710,271.460,271.500,2343.01,1668883019999,636280.27110,582,1480.38,402035.52240,0
1668883020000,271.490,271.770,271.490,271.630,1410.77,1668883079999,383277.46540,392,1153.56,313395.80200,0
1668883080000,271.630,271.650,271.600,271.610,248.08,1668883139999,67383.16140,124,36.22,9838.88020,0
1668883140000,271.610,271.710,271.610,271.700,316.12,1668883199999,85883.42760,146,57.84,15712.37180,0
1668883200000,271.710,271.760,271.550,271.640,911.86,1668883259999,247720.62540,259,228.02,61938.16160,0
1668883260000,271.640,271.770,271.640,271.660,444.15,1668883319999,120671.79060,203,144.78,39335.07800,0
1668883320000,271.660,271.750,271.660,271.670,562.76,1668883379999,152905.57630,226,339.77,92319.89190,0
1668883380000,271.670,271.870,271.660,271.770,1052.15,1668883439999,285928.34180,340,607.60,165131.83200,0
1668883440000,271.770,271.800,271.590,271.590,500.46,1668883499999,135959.78490,188,53.20,14454.85620,0
1668883500000,271.600,271.610,271.340,271.580,941.90,1668883559999,255692.91270,319,287.08,77936.41820,0
1668883560000,271.570,271.640,271.460,271.480,746.29,1668883619999,202671.42150,231,164.22,44600.46380,0
1668883620000,271.490,271.580,271.480,271.570,104.91,1668883679999,28485.73130,111,88.99,24163.08780,0
1668883680000,271.580,271.580,271.480,271.480,63.08,1668883739999,17128.27350,80,22.55,6122.68010,0
1668883740000,271.480,271.530,271.430,271.480,153.41,1668883799999,41645.51160,143,94.12,25550.71540,0
1668883800000,271.490,271.530,271.430,271.480,490.25,1668883859999,133091.96090,191,210.00,57007.96560,0
1668883860000,271.490,271.490,271.390,271.390,229.63,1668883919999,62331.66200,143,67.29,18266.66450,0
1668883920000,271.390,271.430,271.300,271.360,269.57,1668883979999,73153.58550,178,18.94,5140.33120,0
1668883980000,271.360,271.420,271.330,271.350,357.14,1668884039999,96919.37020,171,287.93,78136.91330,0
1668884040000,271.350,271.390,271.340,271.360,56.10,1668884099999,15223.26340,93,17.35,4708.05690,0
1668884100000,271.370,271.380,271.320,271.370,88.45,1668884159999,24000.83850,112,20.36,5524.52410,0
1668884160000,271.370,271.400,271.330,271.340,153.26,1668884219999,41590.89130,117,58.07,15758.62070,0
1668884220000,271.330,271.390,271.330,271.380,47.45,1668884279999,12876.21470,85,42.92,11646.95420,0
1668884280000,271.390,271.390,271.300,271.300,459.36,1668884339999,124638.30530,150,70.32,19082.01750,0
1668884340000,271.310,271.350,271.310,271.330,105.09,1668884399999,28514.78100,116,38.10,10338.04910,0
1668884400000,271.330,271.650,271.330,271.650,842.28,1668884459999,228685.34110,406,602.05,163459.39180,0
1668884460000,271.650,271.690,271.640,271.660,198.91,1668884519999,54035.20700,199,102.93,27962.62710,0
1668884520000,271.660,271.690,271.610,271.610,289.40,1668884579999,78611.73590,211,72.09,19582.23580,0
1668884580000,271.610,271.660,271.560,271.560,147.02,1668884639999,39929.84140,202,57.84,15708.74170,0
1668884640000,271.560,271.610,271.560,271.610,39.87,1668884699999,10828.01100,126,26.81,7281.23580,0
1668884700000,271.600,271.650,271.570,271.640,173.31,1668884759999,47071.99800,193,84.08,22837.07890,0
1668884760000,271.650,271.650,271.460,271.490,414.97,1668884819999,112679.93180,186,102.12,27726.80550,0
1668884820000,271.490,271.500,271.450,271.450,107.63,1668884879999,29218.47510,106,44.62,12113.55810,0
1668884880000,271.450,271.490,271.420,271.420,147.45,1668884939999,40026.76190,140,44.97,12208.12630,0
1668884940000,271.420,271.460,271.420,271.450,202.59,1668884999999,54991.37010,140,65.65,17819.97380,0
1668885000000,271.450,271.460,271.380,271.380,265.80,1668885059999,72138.70670,131,43.66,11849.67900,0
1668885060000,271.380,271.580,271.380,271.570,213.32,1668885119999,57911.39240,144,191.57,52006.98440,0
1668885120000,271.550,271.550,271.430,271.430,247.53,1668885179999,67202.83630,88,3.21,871.56900,0
1668885180000,271.430,271.520,271.430,271.510,143.53,1668885239999,38963.74290,133,103.41,28073.00220,0
1668885240000,271.510,271.520,271.350,271.370,355.77,1668885299999,96560.95870,166,48.20,13081.70740,0
1668885300000,271.370,271.530,271.370,271.510,257.93,1668885359999,70017.74750,248,180.52,49003.67080,0
1668885360000,271.510,271.520,271.460,271.460,59.18,1668885419999,16067.37550,103,31.75,8620.09490,0
1668885420000,271.470,271.530,271.430,271.510,227.25,1668885479999,61692.25080,124,186.95,50752.92910,0
1668885480000,271.520,271.550,271.490,271.510,331.13,1668885539999,89911.48130,129,315.80,85749.15140,0
1668885540000,271.520,271.560,271.490,271.520,282.54,1668885599999,76715.21550,168,117.45,31891.12230,0
1668885600000,271.510,271.550,271.460,271.470,265.85,1668885659999,72181.25060,145,94.09,25546.93650,0
1668885660000,271.470,271.470,271.300,271.370,291.69,1668885719999,79157.46280,159,101.61,27570.75320,0
1668885720000,271.370,271.460,271.360,271.380,158.12,1668885779999,42913.75820,135,73.15,19853.04990,0
1668885780000,271.380,271.400,271.370,271.390,74.60,1668885839999,20244.63860,108,37.62,10209.36000,0
1668885840000,271.400,271.420,271.280,271.280,362.57,1668885899999,98375.89310,145,33.25,9022.38170,0
1668885900000,271.280,271.300,271.270,271.270,214.14,1668885959999,58092.40160,107,159.16,43177.65880,0
1668885960000,271.280,271.360,271.270,271.340,307.98,1668886019999,83558.90550,127,256.28,69531.67940,0
1668886020000,271.330,271.520,271.320,271.450,364.52,1668886079999,98931.91530,224,248.93,67556.81230,0
1668886080000,271.450,271.510,271.450,271.510,56.00,1668886139999,15203.18800,81,51.06,13862.16140,0
1668886140000,271.500,271.540,271.490,271.490,61.94,1668886199999,16817.79340,127,34.28,9307.84950,0
1668886200000,271.490,271.550,271.340,271.430,462.44,1668886259999,125523.66160,313,198.50,53876.73600,0
1668886260000,271.420,271.430,271.380,271.390,38.40,1668886319999,10422.18880,68,24.00,6514.01800,0
1668886320000,271.400,271.440,271.400,271.420,37.51,1668886379999,10181.03080,95,23.85,6473.52180,0
1668886380000,271.420,271.430,271.370,271.370,141.85,1668886439999,38496.50390,91,24.43,6630.74690,0
1668886440000,271.380,271.380,271.320,271.330,131.55,1668886499999,35694.54940,113,24.32,6598.98260,0
1668886500000,271.340,271.410,271.250,271.390,511.44,1668886559999,138761.53220,221,230.68,62582.65620,0
1668886560000,271.390,271.400,271.380,271.400,88.36,1668886619999,23980.17580,80,57.23,15531.93410,0
1668886620000,271.410,271.490,271.360,271.470,180.31,1668886679999,48938.93930,105,82.38,22358.09200,0
1668886680000,271.480,271.490,271.420,271.460,140.80,1668886739999,38222.38340,124,72.48,19676.32090,0
1668886740000,271.450,271.490,271.430,271.470,180.56,1668886799999,49014.21210,108,91.19,24754.42320,0
1668886800000,271.470,271.470,271.380,271.390,533.57,1668886859999,144818.98190,212,117.41,31865.40550,0
1668886860000,271.380,271.520,271.380,271.490,180.74,1668886919999,49062.95730,124,147.45,40026.46900,0
1668886920000,271.490,271.500,271.440,271.470,153.64,1668886979999,41709.67660,110,84.67,22986.25290,0
1668886980000,271.460,271.460,271.370,271.410,215.50,1668887039999,58490.66140,116,85.84,23298.75820,0
1668887040000,271.410,271.510,271.400,271.510,308.10,1668887099999,83636.02710,127,279.03,75746.08950,0
1668887100000,271.520,271.550,271.420,271.450,205.28,1668887159999,55726.21640,127,97.26,26402.15900,0
1668887160000,271.450,271.500,271.440,271.470,80.03,1668887219999,21724.30020,104,11.83,3211.37700,0
1668887220000,271.470,271.480,271.320,271.360,315.12,1668887279999,85527.00960,132,22.02,5975.32550,0
1668887280000,271.360,271.380,271.360,271.380,50.70,1668887339999,13758.50520,82,27.35,7422.04850,0
1668887340000,271.370,271.380,271.320,271.320,51.97,1668887399999,14101.71790,70,7.24,1964.57520,0
1668887400000,271.320,271.440,271.300,271.440,175.15,1668887459999,47524.33740,114,115.48,31335.09300,0
1668887460000,271.430,271.470,271.430,271.430,94.59,1668887519999,25676.31040,88,32.24,8751.68960,0
1668887520000,271.430,271.430,271.370,271.380,93.41,1668887579999,25350.95400,68,5.88,1595.71480,0
1668887580000,271.380,271.440,271.380,271.390,96.08,1668887639999,26076.55790,95,67.45,18306.09760,0
1668887640000,271.400,271.420,271.380,271.380,31.65,1668887699999,8590.01960,47,5.29,1435.76410,0
1668887700000,271.380,271.420,271.350,271.420,208.24,1668887759999,56509.96520,152,135.03,36643.07250,0
1668887760000,271.430,271.430,271.280,271.280,213.00,1668887819999,57800.85940,139,49.89,13541.37300,0
1668887820000,271.280,271.290,271.110,271.130,872.74,1668887879999,236687.01330,305,114.37,31016.76590,0
1668887880000,271.130,271.210,271.070,271.210,701.36,1668887939999,190164.99770,254,317.42,86067.87560,0
1668887940000,271.210,271.210,271.130,271.140,40.55,1668887999999,10996.56380,62,2.86,775.58680,0
1668888000000,271.130,271.360,271.100,271.210,1913.96,1668888059999,519148.80690,406,503.17,136482.48610,0
1668888060000,271.220,271.220,271.210,271.220,100.41,1668888119999,27232.72400,96,52.79,14317.70380,0
1668888120000,271.210,271.280,271.140,271.280,355.29,1668888179999,96357.44400,330,278.22,75456.06820,0
1668888180000,271.270,271.280,271.060,271.100,320.81,1668888239999,86992.08000,300,72.44,19641.54150,0
1668888240000,271.100,271.130,271.070,271.130,308.78,1668888299999,83710.52270,182,254.41,68970.87400,0
1668888300000,271.120,271.210,271.120,271.200,225.07,1668888359999,61034.95010,162,157.72,42769.70530,0
1668888360000,271.210,271.300,271.200,271.250,386.20,1668888419999,104757.83270,213,282.26,76561.93800,0
1668888420000,271.240,271.340,271.240,271.330,116.60,1668888479999,31632.04290,101,101.78,27611.11980,0
1668888480000,271.330,271.430,271.330,271.430,160.04,1668888539999,43432.20400,106,133.35,36189.91200,0
1668888540000,271.440,271.520,271.440,271.450,190.97,1668888599999,51844.04190,130,115.08,31242.55500,0
1668888600000,271.450,271.540,271.330,271.360,1380.79,1668888659999,374757.15490,430,345.03,93665.74330,0
1668888660000,271.360,271.400,271.260,271.320,191.04,1668888719999,51835.98620,135,92.88,25200.80310,0
1668888720000,271.320,271.390,271.300,271.350,167.59,1668888779999,45473.78850,134,86.47,23464.49820,0
1668888780000,271.350,271.500,271.350,271.500,96.74,1668888839999,26258.64380,79,75.01,20360.18220,0
1668888840000,271.510,271.690,271.430,271.650,829.82,1668888899999,225350.88180,263,703.76,191122.44120,0
1668888900000,271.660,271.710,271.650,271.690,227.88,1668888959999,61910.54020,210,132.96,36123.08790,0
1668888960000,271.700,271.700,271.590,271.650,413.67,1668889019999,112364.44530,171,70.95,19271.70550,0
1668889020000,271.660,271.660,271.580,271.610,159.22,1668889079999,43246.64150,141,79.31,21542.18470,0
1668889080000,271.610,271.610,271.480,271.560,419.61,1668889139999,113937.31560,208,139.11,37772.50170,0
1668889140000,271.550,271.580,271.550,271.580,130.78,1668889199999,35514.84680,100,109.86,29833.75660,0
1668889200000,271.580,271.680,271.570,271.680,412.12,1668889259999,111946.36940,176,306.08,83139.89750,0
1668889260000,271.670,271.700,271.630,271.660,302.88,1668889319999,82283.60450,165,134.61,36568.94380,0
1668889320000,271.670,271.750,271.620,271.710,411.97,1668889379999,111930.97400,165,262.24,71250.18030,0
1668889380000,271.710,271.710,271.620,271.690,326.12,1668889439999,88593.51910,152,144.15,39160.41220,0
1668889440000,271.680,271.710,271.580,271.640,437.90,1668889499999,118959.15920,162,172.62,46896.86800,0
1668889500000,271.640,271.720,271.620,271.710,797.96,1668889559999,216786.60590,176,681.48,185146.77760,0
1668889560000,271.710,271.760,271.700,271.760,147.60,1668889619999,40108.05550,141,56.31,15300.72740,0
1668889620000,271.760,271.770,271.690,271.730,345.15,1668889679999,93790.56680,179,91.94,24984.84420,0
1668889680000,271.730,271.780,271.690,271.690,216.43,1668889739999,58810.94180,165,90.68,24641.06140,0
1668889740000,271.670,271.710,271.620,271.680,311.22,1668889799999,84551.08190,150,189.56,51501.94250,0
1668889800000,271.680,271.680,271.580,271.580,126.21,1668889859999,34280.18790,142,23.98,6513.29230,0
1668889860000,271.580,271.620,271.580,271.610,123.25,1668889919999,33473.97480,81,107.77,29269.60350,0
1668889920000,271.610,271.620,271.410,271.410,904.50,1668889979999,245555.35590,292,357.72,97099.31200,0
1668889980000,271.400,271.450,271.390,271.420,237.81,1668890039999,64544.32320,117,37.04,10053.00970,0
1668890040000,271.420,271.560,271.420,271.550,576.73,1668890099999,156565.14770,177,405.92,110194.69140,0
1668890100000,271.550,271.670,271.490,271.530,802.85,1668890159999,218041.14250,242,480.21,130425.55150,0
1668890160000,271.530,271.580,271.520,271.540,112.86,1668890219999,30646.93900,79,84.74,23010.79680,0
1668890220000,271.540,271.560,271.510,271.550,109.30,1668890279999,29677.28660,122,20.00,5430.54930,0
1668890280000,271.550,271.550,271.470,271.480,111.81,1668890339999,30356.17860,109,16.46,4468.69210,0
1668890340000,271.480,271.480,271.430,271.450,157.40,1668890399999,42726.72280,59,23.63,6414.47960,0
1668890400000,271.460,271.510,271.450,271.500,158.23,1668890459999,42957.36790,129,47.89,13000.85620,0
1668890460000,271.500,271.520,271.490,271.520,52.99,1668890519999,14387.41660,65,48.59,13192.86060,0
1668890520000,271.520,271.530,271.490,271.490,67.06,1668890579999,18207.63140,67,36.24,9839.93150,0
1668890580000,271.500,271.530,271.480,271.480,50.86,1668890639999,13808.21770,66,10.01,2717.74460,0
1668890640000,271.490,271.560,271.480,271.540,293.54,1668890699999,79701.45250,140,230.94,62705.58840,0
1668890700000,271.540,271.570,271.500,271.550,308.01,1668890759999,83638.09750,169,85.29,23159.38400,0
1668890760000,271.550,271.550,271.480,271.490,226.61,1668890819999,61528.47260,117,43.59,11835.16350,0
1668890820000,271.500,271.550,271.470,271.530,555.54,1668890879999,150840.13290,145,487.81,132452.03490,0
1668890880000,271.520,271.520,271.480,271.490,198.29,1668890939999,53836.45950,70,2.54,689.58770,0
1668890940000,271.480,271.500,271.480,271.490,94.63,1668890999999,25690.84050,83,38.98,10582.75500,0
1668891000000,271.490,271.510,271.460,271.470,300.11,1668891059999,81475.61690,178,45.34,12309.77580,0
1668891060000,271.470,271.570,271.460,271.560,822.87,1668891119999,223429.52800,195,138.57,37627.75120,0
1668891120000,271.570,271.620,271.550,271.560,195.23,1668891179999,53019.70500,122,128.49,34895.43700,0
1668891180000,271.560,271.560,271.550,271.560,13.00,1668891239999,3530.22650,43,7.65,2077.43400,0
1668891240000,271.560,271.560,271.500,271.520,225.11,1668891299999,61125.74390,100,23.93,6497.29870,0
1668891300000,271.520,271.690,271.520,271.690,268.61,1668891359999,72953.58650,120,225.81,61325.79700,0
1668891360000,271.680,271.770,271.650,271.740,501.73,1668891419999,136321.16230,277,315.17,85637.58500,0
1668891420000,271.760,271.790,271.610,271.620,242.24,1668891479999,65818.70600,141,95.16,25858.28800,0
1668891480000,271.650,271.650,271.480,271.550,700.15,1668891539999,190122.24780,244,132.97,36105.57620,0
1668891540000,271.540,271.560,271.430,271.440,358.60,1668891599999,97357.81840,173,97.11,26367.04540,0
1668891600000,271.440,271.700,271.420,271.670,970.97,1668891659999,263672.55660,412,617.21,167599.32010,0
1668891660000,271.650,271.710,271.650,271.690,233.71,1668891719999,63495.77610,167,208.13,56546.34160,0
1668891720000,271.680,271.700,271.660,271.680,114.49,1668891779999,31105.55130,133,70.39,19124.13350,0
1668891780000,271.670,271.750,271.660,271.740,233.04,1668891839999,63320.52070,273,160.65,43651.79610,0
1668891840000,271.740,271.790,271.710,271.790,101.21,1668891899999,27503.25200,132,57.48,15620.74860,0
1668891900000,271.790,271.970,271.790,271.810,1724.66,1668891959999,468885.10240,585,1074.70,292182.88480,0
1668891960000,271.800,271.820,271.710,271.740,259.81,1668892019999,70608.63900,188,58.50,15898.05360,0
1668892020000,271.740,271.750,271.720,271.720,140.15,1668892079999,38082.54120,63,3.25,883.13490,0
1668892080000,271.720,271.720,271.700,271.720,185.86,1668892139999,50500.34440,104,74.97,20370.23200,0
1668892140000,271.710,271.710,271.610,271.620,143.87,1668892199999,39084.44480,99,30.41,8261.66750,0
1668892200000,271.610,271.680,271.610,271.650,109.31,1668892259999,29695.16120,149,50.42,13696.86050,0
1668892260000,271.640,271.650,271.600,271.620,138.43,1668892319999,37600.18720,102,12.64,3433.19540,0
1668892320000,271.620,271.740,271.610,271.740,240.36,1668892379999,65299.01730,125,221.46,60165.51090,0
1668892380000,271.750,271.750,271.690,271.690,109.55,1668892439999,29767.40950,65,17.30,4701.03850,0
1668892440000,271.700,271.720,271.700,271.720,76.94,1668892499999,20905.23220,92,59.56,16183.03260,0
1668892500000,271.710,271.810,271.690,271.780,584.95,1668892559999,158966.77330,293,388.12,105472.33950,0
1668892560000,271.780,271.860,271.780,271.860,131.12,1668892619999,35640.55480,168,106.53,28957.20690,0
1668892620000,271.860,271.920,271.850,271.910,135.28,1668892679999,36780.09160,194,120.94,32881.35300,0
1668892680000,271.910,271.980,271.900,271.980,120.41,1668892739999,32742.37260,126,98.15,26689.85340,0
1668892740000,271.980,271.980,271.900,271.940,173.37,1668892799999,47144.65740,151,117.80,32034.09640,0
1668892800000,271.940,271.970,271.800,271.810,804.84,1668892859999,218845.86600,308,188.43,51240.51970,0
1668892860000,271.810,271.890,271.780,271.880,256.17,1668892919999,69634.61280,169,160.10,43520.69360,0
1668892920000,271.890,271.990,271.880,271.980,301.01,1668892979999,81858.40280,137,249.86,67947.78940,0
1668892980000,271.990,271.990,271.830,271.840,485.07,1668893039999,131897.56790,154,53.13,14446.63220,0
1668893040000,271.840,271.860,271.790,271.820,164.34,1668893099999,44672.73140,164,58.42,15880.42390,0
1668893100000,271.820,271.840,271.690,271.700,245.57,1668893159999,66741.76190,112,60.55,16455.77940,0
1668893160000,271.700,271.860,271.700,271.850,308.22,1668893219999,83761.68990,170,285.99,77720.10290,0
1668893220000,271.860,271.950,271.830,271.910,348.31,1668893279999,94701.13230,190,153.57,41753.55680,0
1668893280000,271.940,271.990,271.900,271.910,222.76,1668893339999,60578.65990,169,128.70,34999.72220,0
1668893340000,271.900,271.910,271.830,271.910,322.86,1668893399999,87779.08890,181,154.02,41875.78510,0
1668893400000,271.910,272.290,271.910,272.180,3721.32,1668893459999,1012703.25100,1233,3153.53,858165.27800,0
1668893460000,272.170,272.240,272.040,272.040,1337.91,1668893519999,364090.48680,356,149.27,40630.74300,0
1668893520000,272.050,272.340,272.020,272.270,929.42,1668893579999,252991.13950,409,880.97,239803.27280,0
1668893580000,272.270,272.280,272.090,272.260,575.11,1668893639999,156548.78560,250,307.95,83826.04200,0
1668893640000,272.260,272.260,272.210,272.240,109.90,1668893699999,29918.28320,156,57.88,15756.76980,0
1668893700000,272.240,272.320,272.010,272.010,1197.64,1668893759999,325989.03720,401,464.46,126444.90120,0
1668893760000,272.010,272.070,271.960,272.070,242.79,1668893819999,66041.34690,223,103.56,28170.74000,0
1668893820000,272.070,272.250,272.040,272.190,672.12,1668893879999,182899.92740,274,595.22,161970.78020,0
1668893880000,272.190,272.230,272.040,272.040,258.89,1668893939999,70452.56910,172,62.39,16980.55230,0
1668893940000,272.040,272.200,271.890,272.180,600.19,1668893999999,163277.68870,387,319.67,86967.26450,0
1668894000000,272.170,272.190,272.010,272.020,266.89,1668894059999,72613.96000,173,125.98,34274.46960,0
1668894060000,272.020,272.110,272.010,272.020,505.07,1668894119999,137406.82580,243,274.21,74601.37920,0
1668894120000,272.070,272.130,272.050,272.090,252.50,1668894179999,68703.26090,143,140.03,38101.51150,0
1668894180000,272.090,272.200,272.090,272.120,249.34,1668894239999,67861.06630,129,152.22,41428.54230,0
1668894240000,272.120,272.170,272.080,272.100,264.98,1668894299999,72100.63070,121,115.82,31515.71480,0
1668894300000,272.110,272.150,272.080,272.090,244.18,1668894359999,66448.50220,115,62.49,17005.34150,0
1668894360000,272.090,272.180,272.090,272.140,208.42,1668894419999,56714.48420,177,143.12,38944.89090,0
1668894420000,272.140,272.220,272.130,272.200,288.56,1668894479999,78540.97210,153,238.00,64779.16450,0
1668894480000,272.200,272.310,272.170,272.310,383.91,1668894539999,104516.96280,140,275.29,74951.19240,0
1668894540000,272.300,272.330,272.260,272.270,143.19,1668894599999,38989.29200,156,59.95,16324.19430,0
1668894600000,272.260,272.270,272.180,272.200,239.89,1668894659999,65301.51260,154,86.92,23659.82070,0
1668894660000,272.190,272.250,272.180,272.210,185.34,1668894719999,50451.61630,151,111.84,30444.31560,0
1668894720000,272.210,272.220,272.200,272.210,62.48,1668894779999,17007.53330,90,10.86,2956.20340,0
1668894780000,272.200,272.270,272.200,272.260,92.31,1668894839999,25129.35600,90,54.77,14910.71880,0
1668894840000,272.270,272.300,272.210,272.250,244.04,1668894899999,66438.70090,238,149.46,40688.98390,0
1668894900000,272.250,272.250,272.170,272.230,312.66,1668894959999,85105.73510,205,127.43,34685.58680,0
1668894960000,272.240,272.250,272.150,272.150,263.31,1668895019999,71675.41420,132,85.17,23186.22620,0
1668895020000,272.140,272.170,272.110,272.150,217.29,1668895079999,59134.40900,164,169.28,46069.12670,0
1668895080000,272.140,272.180,272.120,272.170,126.96,1668895139999,34551.24930,127,33.95,9239.29370,0
1668895140000,272.170,272.170,272.050,272.050,155.72,1668895199999,42372.71490,145,61.81,16818.60610,0
1668895200000,272.050,272.610,272.030,272.420,6050.23,1668895259999,1647805.88580,1822,4409.66,1200913.93560,0
1668895260000,272.420,272.540,272.040,272.120,1239.42,1668895319999,337457.39800,602,501.09,136426.50020,0
1668895320000,272.120,272.370,272.070,272.250,699.57,1668895379999,190408.77770,347,573.06,155972.62990,0
1668895380000,272.250,272.330,272.210,272.320,262.97,1668895439999,71595.26270,227,96.64,26311.58490,0
1668895440000,272.310,272.400,272.140,272.380,362.78,1668895499999,98783.96460,279,161.01,43842.05760,0
1668895500000,272.400,272.460,272.210,272.340,1510.56,1668895559999,411371.35020,424,979.88,266859.48500,0
1668895560000,272.350,272.500,272.300,272.330,496.85,1668895619999,135339.43050,279,202.17,55065.64040,0
1668895620000,272.330,272.480,272.290,272.370,876.15,1668895679999,238662.70580,295,646.09,176002.73040,0
1668895680000,272.370,272.470,272.350,272.350,168.54,1668895739999,45910.46870,151,100.05,27253.97970,0
1668895740000,272.360,272.420,272.350,272.380,377.72,1668895799999,102882.85670,298,203.62,55461.09920,0
1668895800000,272.370,272.390,272.290,272.340,403.90,1668895859999,110001.92400,201,135.10,36794.28970,0
1668895860000,272.350,272.790,272.340,272.730,1801.39,1668895919999,491013.72720,537,1654.48,450977.96570,0
1668895920000,272.730,272.780,272.500,272.550,774.19,1668895979999,211106.26830,357,436.42,119020.35430,0
1668895980000,272.530,272.640,272.450,272.620,464.39,1668896039999,126559.62460,269,220.06,59975.84470,0
1668896040000,272.610,272.660,272.590,272.620,216.76,1668896099999,59095.83860,194,170.68,46534.00730,0
1668896100000,272.620,272.910,272.620,272.850,1373.06,1668896159999,374619.13770,601,908.63,247908.39750,0
1668896160000,272.840,272.930,272.710,272.770,469.37,1668896219999,128055.05120,254,220.37,60127.73680,0
1668896220000,272.770,272.800,272.570,272.610,651.14,1668896279999,177550.47610,328,263.43,71846.07830,0
1668896280000,272.620,272.700,272.610,272.690,624.00,1668896339999,170137.21870,225,378.62,103238.53410,0
1668896340000,272.680,272.770,272.680,272.710,238.11,1668896399999,64940.80230,204,197.92,53979.73790,0
1668896400000,272.710,272.720,272.620,272.670,377.74,1668896459999,102992.05680,258,155.18,42309.58720,0
1668896460000,272.670,272.720,272.620,272.680,301.96,1668896519999,82334.63600,198,160.47,43756.08810,0
1668896520000,272.690,273.390,272.680,273.060,4963.55,1668896579999,1355564.81340,1659,3866.82,1056116.66590,0
1668896580000,273.050,273.090,272.900,272.970,894.98,1668896639999,244311.27470,375,319.82,87315.76630,0
1668896640000,272.960,273.250,272.930,273.170,711.60,1668896699999,194369.30340,517,549.68,150143.04570,0
1668896700000,273.170,273.270,273.130,273.210,566.78,1668896759999,154839.84610,354,288.92,78931.68250,0
1668896760000,273.210,273.230,273.040,273.110,451.62,1668896819999,123364.99780,288,201.66,55088.45140,0
1668896820000,273.110,273.610,273.040,273.420,2354.40,1668896879999,643738.64150,863,1778.61,486322.82950,0
1668896880000,273.450,273.510,273.280,273.490,812.53,1668896939999,222146.70050,453,358.24,97956.05730,0
1668896940000,273.490,273.590,273.060,273.110,1744.60,1668896999999,476868.70670,563,505.07,138048.94480,0
1668897000000,273.110,273.600,273.110,273.530,893.94,1668897059999,244340.53830,521,583.66,159524.90210,0
1668897060000,273.530,273.580,273.350,273.360,604.39,1668897119999,165285.30110,327,176.80,48351.37760,0
1668897120000,273.360,273.660,273.350,273.500,933.92,1668897179999,255433.91430,455,666.68,182346.53890,0
1668897180000,273.510,273.520,273.310,273.450,1202.59,1668897239999,328830.12950,338,832.60,227658.24910,0
1668897240000,273.450,273.570,273.330,273.520,599.00,1668897299999,163790.13500,255,174.22,47636.50130,0
1668897300000,273.520,273.740,273.500,273.600,1618.47,1668897359999,442889.59290,652,1032.86,282662.16130,0
1668897360000,273.610,273.750,273.530,273.750,1586.56,1668897419999,434169.30960,477,1310.24,358574.87980,0
1668897420000,273.750,273.810,273.700,273.730,1021.22,1668897479999,279578.80250,505,614.78,168314.68500,0
1668897480000,273.720,273.790,273.620,273.680,819.81,1668897539999,224385.32010,371,195.61,53540.49940,0
1668897540000,273.680,273.810,273.650,273.780,660.72,1668897599999,180861.12310,300,188.36,51563.17890,0
1668897600000,273.780,273.850,273.750,273.750,2006.97,1668897659999,549509.59900,548,646.47,177022.92690,0
1668897660000,273.760,273.850,273.710,273.790,924.15,1668897719999,253013.56070,394,476.54,130467.36640,0
1668897720000,273.790,273.880,273.650,273.650,1398.97,1668897779999,383021.99260,520,647.10,177192.97020,0
1668897780000,273.650,273.700,273.250,273.350,1307.59,1668897839999,357609.28110,680,331.67,90711.74640,0
1668897840000,273.350,273.410,272.800,272.800,2992.25,1668897899999,817441.73120,811,770.88,210643.14720,0
1668897900000,272.800,273.080,272.670,273.070,1420.59,1668897959999,387592.71690,802,627.42,171212.08120,0
1668897960000,273.070,273.080,272.660,272.730,1223.25,1668898019999,333738.85150,456,232.28,63386.27700,0
1668898020000,272.730,272.990,272.640,272.870,1265.73,1668898079999,345310.30110,462,934.14,254859.14840,0
1668898080000,272.880,272.890,272.190,272.220,2042.91,1668898139999,556593.60300,944,476.30,129735.25140,0
1668898140000,272.220,272.550,272.200,272.470,773.66,1668898199999,210728.43090,420,296.55,80781.42100,0
1668898200000,272.470,272.580,272.340,272.580,448.47,1668898259999,122172.35170,297,122.71,33431.48440,0
1668898260000,272.530,272.580,272.490,272.550,329.57,1668898319999,89815.88700,221,180.92,49304.88190,0
1668898320000,272.540,272.540,272.350,272.410,506.48,1668898379999,137975.66410,332,206.09,56136.47290,0
1668898380000,272.410,272.470,272.360,272.470,183.35,1668898439999,49945.60380,160,78.37,21350.94030,0
1668898440000,272.470,272.670,272.470,272.640,548.05,1668898499999,149388.33090,264,337.21,91921.77770,0
1668898500000,272.640,272.750,272.570,272.700,603.52,1668898559999,164565.27740,299,374.25,102047.72060,0
1668898560000,272.710,272.920,272.650,272.920,868.65,1668898619999,236937.19930,434,660.90,180279.89620,0
1668898620000,272.940,273.160,272.940,272.980,1003.02,1668898679999,273860.39110,396,633.56,172984.43190,0
1668898680000,272.980,273.040,272.720,272.760,636.53,1668898739999,173723.65360,200,107.06,29210.27480,0
1668898740000,272.760,273.020,272.750,272.940,495.41,1668898799999,135197.63440,222,286.80,78266.10260,0
1668898800000,272.940,273.290,272.930,273.170,1366.07,1668898859999,373132.31120,623,1020.32,278684.05000,0
1668898860000,273.140,273.430,273.100,273.240,861.73,1668898919999,235484.43470,467,525.40,143562.19150,0
1668898920000,273.240,273.360,273.100,273.240,888.73,1668898979999,242824.90660,453,420.49,114891.79120,0
1668898980000,273.240,273.400,273.180,273.180,572.66,1668899039999,156510.87810,356,201.73,55138.05650,0
1668899040000,273.170,273.270,273.130,273.200,732.93,1668899099999,200232.23590,345,387.47,105856.75510,0
1668899100000,273.190,273.370,273.100,273.370,615.31,1668899159999,168116.24590,305,412.50,112709.24650,0
1668899160000,273.370,273.450,273.240,273.260,775.78,1668899219999,212032.24810,315,353.15,96521.90250,0
1668899220000,273.270,273.370,273.230,273.330,659.34,1668899279999,180194.10600,235,379.19,103633.02980,0
1668899280000,273.330,273.470,273.330,273.420,288.00,1668899339999,78738.85250,185,159.38,43575.57940,0
1668899340000,273.420,273.480,273.370,273.400,282.18,1668899399999,77158.05070,192,112.41,30737.10890,0
1668899400000,273.400,273.490,273.380,273.480,588.93,1668899459999,161034.88490,259,144.21,39434.56230,0
1668899460000,273.470,273.600,273.460,273.500,706.24,1668899519999,193175.36930,384,452.14,123672.93380,0
1668899520000,273.490,273.640,273.490,273.550,666.00,1668899579999,182196.98880,316,399.32,109240.69690,0
1668899580000,273.550,273.560,273.420,273.470,257.64,1668899639999,70459.77630,183,82.90,22670.67220,0
1668899640000,273.480,273.480,273.320,273.340,649.14,1668899699999,177468.01090,327,186.74,51052.22560,0
1668899700000,273.380,273.420,273.330,273.370,495.85,1668899759999,135557.76660,290,172.52,47161.56590,0
1668899760000,273.380,273.380,273.260,273.320,665.25,1668899819999,181826.14640,318,216.23,59101.79680,0
1668899820000,273.310,273.340,273.270,273.320,323.40,1668899879999,88386.85220,235,109.78,30003.87410,0
1668899880000,273.330,273.350,273.200,273.260,831.27,1668899939999,227152.55770,332,309.90,84687.50480,0
1668899940000,273.250,273.390,273.240,273.310,360.23,1668899999999,98456.78380,219,281.76,77009.79150,0
1668900000000,273.310,273.370,273.310,273.360,492.32,1668900059999,134573.54210,183,284.31,77714.83390,0
1668900060000,273.350,273.360,273.040,273.120,892.93,1668900119999,243937.21620,280,190.08,51922.80410,0
1668900120000,273.120,273.160,273.040,273.060,216.79,1668900179999,59202.55260,177,61.13,16695.25890,0
1668900180000,273.050,273.100,272.980,272.980,702.65,1668900239999,191846.02290,288,240.00,65532.09570,0
1668900240000,272.990,272.990,272.830,272.830,493.60,1668900299999,134709.84770,222,73.30,20003.75740,0
1668900300000,272.830,272.990,272.800,272.890,775.11,1668900359999,211518.76560,350,387.42,105727.21840,0
1668900360000,272.880,273.040,272.850,272.990,322.09,1668900419999,87918.63900,206,222.76,60804.64680,0
1668900420000,272.990,272.990,272.750,272.750,286.98,1668900479999,78302.49230,157,62.53,17060.70280,0
1668900480000,272.760,272.850,272.730,272.820,310.85,1668900539999,84791.35980,223,196.07,53481.18510,0
1668900540000,272.820,272.890,272.710,272.740,395.12,1668900599999,107798.18080,193,183.24,49995.75840,0
1668900600000,272.710,272.880,272.710,272.870,482.30,1668900659999,131554.15930,267,258.77,70581.47300,0
1668900660000,272.870,272.910,272.850,272.880,293.67,1668900719999,80136.43410,175,181.37,49492.63050,0
1668900720000,272.890,272.890,272.770,272.770,300.56,1668900779999,81998.98400,110,12.79,3489.96870,0
1668900780000,272.780,272.780,272.470,272.470,1179.24,1668900839999,321540.32870,309,97.27,26509.85320,0
1668900840000,272.480,272.480,272.060,272.060,1286.47,1668900899999,350195.56250,567,441.68,120222.64250,0
1668900900000,272.070,272.240,271.830,272.020,2067.69,1668900959999,562457.78630,749,897.94,244321.19420,0
1668900960000,272.020,272.090,271.730,272.010,1049.98,1668901019999,285486.23880,522,486.22,132219.78350,0
1668901020000,272.050,272.120,271.890,271.910,615.04,1668901079999,167302.52010,277,383.43,104299.01310,0
1668901080000,271.910,272.120,271.880,272.000,536.21,1668901139999,145865.24170,257,358.83,97606.46060,0
1668901140000,271.990,272.080,271.830,272.050,607.09,1668901199999,165101.03050,258,432.00,117476.54590,0
1668901200000,272.050,272.290,271.980,272.290,649.93,1668901259999,176854.13970,309,374.88,102014.84840,0
1668901260000,272.290,272.490,272.180,272.180,670.62,1668901319999,182624.57640,315,218.82,59595.18030,0
1668901320000,272.210,272.290,272.150,272.240,468.64,1668901379999,127581.21940,201,402.35,109537.12080,0
1668901380000,272.240,272.310,272.180,272.200,890.10,1668901439999,242344.33580,240,271.33,73874.82980,0
1668901440000,272.200,272.320,272.130,272.320,299.93,1668901499999,81653.84580,165,127.67,34753.99730,0
1668901500000,272.320,272.350,272.220,272.350,618.45,1668901559999,168397.47080,273,428.06,116556.73840,0
1668901560000,272.340,272.540,272.340,272.460,417.77,1668901619999,113828.65460,265,283.35,77200.78690,0
1668901620000,272.460,272.560,272.430,272.450,582.44,1668901679999,158709.26710,209,409.59,111610.71200,0
1668901680000,272.450,272.500,272.410,272.470,225.69,1668901739999,61488.91020,174,131.88,35930.11790,0
1668901740000,272.470,272.510,272.410,272.410,118.96,1668901799999,32414.82230,86,71.74,19548.64800,0
1668901800000,272.420,272.540,272.310,272.310,341.56,1668901859999,93060.57410,168,102.67,27973.93990,0
1668901860000,272.320,272.400,272.250,272.400,634.32,1668901919999,172730.44010,186,490.95,133689.44530,0
1668901920000,272.400,272.430,272.130,272.170,339.98,1668901979999,92561.05480,191,43.12,11740.15560,0
1668901980000,272.160,272.230,272.080,272.220,236.04,1668902039999,64235.63090,174,132.92,36173.30970,0
1668902040000,272.230,272.240,272.090,272.090,251.13,1668902099999,68348.51690,156,104.46,28433.30610,0
1668902100000,272.100,272.360,272.070,272.210,1207.31,1668902159999,328691.28830,364,715.44,194763.42830,0
1668902160000,272.210,272.240,272.150,272.230,251.54,1668902219999,68467.41820,170,123.66,33659.96920,0
1668902220000,272.220,272.310,272.100,272.190,538.99,1668902279999,146697.33810,228,180.20,49046.51780,0
1668902280000,272.160,272.370,272.130,272.300,549.51,1668902339999,149593.35990,203,290.33,79047.55220,0
1668902340000,272.300,272.370,272.270,272.330,411.42,1668902399999,112039.18290,187,291.01,79247.37370,0
