open_time,open,high,low,close,volume,close_time,quote_volume,count,taker_buy_volume,taker_buy_quote_volume,ignore
1661644800000,20024.00,20028.80,19985.50,20000.00,1896.230,1661645099999,37924836.17540,13291,726.070,14521683.34160,0
1661645100000,19999.90,20020.90,19987.00,20016.50,837.098,1661645399999,16742957.24390,8451,424.182,8484850.49830,0
1661645400000,20016.50,20029.00,20012.40,20020.20,532.453,1661645699999,10660935.20880,6023,272.545,5456931.61530,0
1661645700000,20020.10,20037.60,20008.40,20011.20,828.793,1661645999999,16595858.94960,6551,383.975,7689818.55920,0
1661646000000,20011.20,20011.30,19961.30,19967.20,1364.364,1661646299999,27259652.94200,12638,566.873,11324056.25640,0
1661646300000,19967.20,19979.60,19936.50,19971.90,1518.159,1661646599999,30303682.99600,12750,728.717,14548275.28950,0
1661646600000,19971.80,19977.60,19944.40,19951.40,772.228,1661646899999,15412638.24730,8279,371.361,7412010.62480,0
1661646900000,19951.50,19951.50,19926.60,19929.50,1215.245,1661647199999,24229693.89030,11778,662.308,13205696.04280,0
1661647200000,19929.60,19942.90,19921.60,19930.50,713.179,1661647499999,14214176.40510,8122,378.574,7545631.19630,0
1661647500000,19930.40,19939.00,19918.00,19928.70,678.192,1661647799999,13517077.48880,6727,400.492,7982522.11850,0
1661647800000,19928.80,19975.00,19925.20,19964.30,1649.139,1661648099999,32908344.13110,10533,1283.432,25608814.40800,0
1661648100000,19964.40,19987.00,19960.90,19981.60,798.111,1661648399999,15941194.41910,6380,480.617,9599807.99900,0
1661648400000,19981.50,19985.70,19957.30,19965.10,640.125,1661648699999,12786680.07410,6264,253.136,5057140.92770,0
1661648700000,19965.10,19985.80,19965.10,19973.40,382.202,1661648999999,7636304.24300,4777,229.133,4577971.64860,0
1661649000000,19973.30,20003.70,19973.30,19990.70,900.558,1661649299999,18003657.23260,7473,550.130,10998103.57100,0
1661649300000,19990.70,20068.60,19986.60,20057.20,2342.502,1661649599999,46937636.07140,18015,1357.884,27205057.42720,0
1661649600000,20057.20,20073.00,20037.90,20060.80,1717.444,1661649899999,34450005.63070,13468,867.892,17410305.18690,0
1661649900000,20060.80,20070.00,20036.30,20036.30,963.137,1661650199999,19317904.55650,8667,452.468,9076647.83290,0
1661650200000,20036.30,20041.60,20022.00,20041.60,684.490,1661650499999,13712457.93820,7216,310.786,6226219.98810,0
1661650500000,20041.60,20051.70,20025.00,20039.50,494.021,1661650799999,9899481.48800,5650,267.101,5352467.14330,0
1661650800000,20039.40,20057.00,20020.00,20050.80,886.204,1661651099999,17761674.10120,7966,494.245,9905907.31800,0
1661651100000,20050.70,20050.70,20023.60,20036.40,542.415,1661651399999,10867680.50790,5670,212.221,4251523.87640,0
1661651400000,20036.30,20036.30,20019.50,20027.60,492.108,1661651699999,9853727.34760,4607,170.629,3416366.26140,0
1661651700000,20027.60,20028.90,20005.80,20010.60,594.666,1661651999999,11900934.00780,4785,267.035,5343989.84370,0
1661652000000,20010.60,20026.90,20007.10,20024.40,605.137,1661652299999,12112387.30860,6377,359.427,7194019.51580,0
1661652300000,20024.40,20027.60,20011.90,20013.40,305.078,1661652599999,6106981.96650,3174,148.454,2971820.22900,0
1661652600000,20013.40,20036.40,20001.00,20011.60,872.375,1661652899999,17461230.74640,6968,437.414,8755729.61420,0
1661652900000,20011.60,20033.20,20010.30,20025.70,582.558,1661653199999,11664193.90360,5880,329.798,6603258.96380,0
1661653200000,20025.70,20044.50,20016.00,20026.10,738.121,1661653499999,14782484.69030,5729,380.474,7619670.19130,0
1661653500000,20026.10,20081.20,20026.00,20079.00,1575.600,1661653799999,31615748.61730,13209,1013.680,20339989.39530,0
1661653800000,20079.00,20155.00,20070.20,20109.00,4934.604,1661654099999,99290166.93807,31029,3117.629,62737479.96057,0
1661654100000,20108.90,20109.00,20069.80,20098.00,2164.976,1661654399999,43488454.42510,14359,837.887,16829892.07740,0
1661654400000,20098.00,20098.00,20064.00,20066.80,973.534,1661654699999,19549517.43930,8985,321.945,6464555.42430,0
1661654700000,20066.80,20066.90,20012.90,20026.40,1381.733,1661654999999,27691837.80820,10516,490.983,9839793.78020,0
1661655000000,20026.50,20034.30,19972.80,19987.20,3094.543,1661655299999,61892273.10750,18749,1141.882,22842619.73590,0
1661655300000,19987.20,19999.10,19983.30,19992.50,1025.293,1661655599999,20498117.89640,8805,597.440,11944318.72370,0
1661655600000,19992.50,20006.20,19978.90,20001.70,1137.411,1661655899999,22739822.02020,9210,685.213,13700349.08380,0
1661655900000,20001.70,20040.00,19999.80,20027.00,1434.337,1661656199999,28718492.64370,10420,997.434,19971859.79240,0
1661656200000,20027.10,20051.70,20017.90,20033.60,1242.825,1661656499999,24901869.38500,9784,769.504,15419173.96630,0
1661656500000,20033.60,20034.60,20009.40,20011.70,480.888,1661656799999,9626941.23850,4887,193.844,3880616.42700,0
1661656800000,20011.80,20029.80,19980.40,19982.20,929.396,1661657099999,18589314.84760,7338,265.148,5305540.37690,0
1661657100000,19982.20,19992.70,19958.00,19977.20,2004.756,1661657399999,40048530.93650,15310,647.323,12930281.64500,0
1661657400000,19977.20,20004.70,19966.80,20001.00,879.371,1661657699999,17575170.95230,8045,582.359,11639556.47440,0
1661657700000,20001.00,20006.40,19985.30,19990.40,410.411,1661657999999,8207629.33560,4776,188.373,3767441.62880,0
1661658000000,19990.30,20008.00,19987.90,20005.90,391.815,1661658299999,7835888.05270,4257,221.722,4434251.29210,0
1661658300000,20005.80,20005.80,19978.00,19978.80,596.745,1661658599999,11929179.40050,4988,187.638,3750979.74670,0
1661658600000,19978.70,19999.00,19977.00,19990.40,611.329,1661658899999,12217932.06810,4506,367.526,7345260.11110,0
1661658900000,19990.40,19998.50,19978.70,19978.70,341.239,1661659199999,6820498.89870,4329,148.097,2960036.74950,0
1661659200000,19978.80,19997.30,19975.70,19993.00,767.864,1661659499999,15345777.24540,6938,406.439,8122653.91630,0
1661659500000,19992.90,19993.00,19964.10,19965.20,689.974,1661659799999,13784022.64310,6019,266.312,5320612.48220,0
1661659800000,19965.20,19976.60,19959.50,19976.60,644.865,1661660099999,12875892.56160,7645,343.995,6868605.80580,0
1661660100000,19976.60,19985.70,19945.00,19965.00,763.403,1661660399999,15242693.27890,8347,351.305,7015482.34060,0
1661660400000,19965.10,19982.60,19955.90,19956.50,586.363,1661660699999,11708799.88060,6308,328.857,6566546.53530,0
1661660700000,19956.60,19967.70,19951.10,19953.40,832.095,1661660999999,16607697.28220,5988,546.607,10909875.97270,0
1661661000000,19953.40,19984.10,19948.80,19980.10,855.673,1661661299999,17087306.98120,7027,502.950,10043349.92490,0
1661661300000,19980.10,19984.10,19965.10,19975.20,628.557,1661661599999,12556247.14280,5660,374.861,7488495.92510,0
1661661600000,19975.10,19983.90,19974.60,19976.10,383.499,1661661899999,7661908.45670,3726,166.150,3319203.53480,0
1661661900000,19976.20,19993.00,19972.20,19976.30,657.041,1661662199999,13130430.52720,5882,394.106,7876053.27810,0
1661662200000,19976.30,19986.10,19960.00,19962.00,430.416,1661662499999,8595457.89890,5106,170.310,3401207.04110,0
1661662500000,19961.90,19984.50,19961.90,19984.50,326.774,1661662799999,6527295.19130,4408,181.246,3620152.77560,0
1661662800000,19984.50,19992.20,19981.40,19992.10,401.687,1661663099999,8027775.08090,4012,243.618,4868812.86110,0
1661663100000,19992.10,20008.10,19989.90,19995.10,664.370,1661663399999,13284696.29350,6089,339.028,6779263.71690,0
1661663400000,19995.00,19995.10,19976.60,19980.00,562.605,1661663699999,11243892.30510,5805,241.736,4830980.79780,0
1661663700000,19980.10,19998.10,19978.10,19980.50,648.178,1661663999999,12954981.14530,6127,305.815,6111785.01330,0
1661664000000,19980.50,19980.60,19923.00,19947.10,2367.727,1661664299999,47233949.30130,15252,721.033,14379417.98100,0
1661664300000,19947.10,19971.90,19937.00,19948.00,967.044,1661664599999,19300052.95990,8412,487.573,9730558.84600,0
1661664600000,19948.10,19972.00,19947.90,19971.90,540.999,1661664899999,10796529.84080,5430,360.353,7191635.18120,0
1661664900000,19972.00,19975.90,19950.20,19955.60,514.052,1661665199999,10261111.05320,6000,249.471,4979195.18590,0
1661665200000,19955.50,19972.70,19952.90,19967.90,306.190,1661665499999,6112890.88070,4255,145.909,2912892.64840,0
1661665500000,19968.00,19975.00,19950.00,19974.50,458.992,1661665799999,9162137.55190,6180,243.000,4850597.92120,0
1661665800000,19974.50,19987.80,19974.50,19980.10,446.475,1661666099999,8920899.76000,4704,222.853,4452723.98790,0
1661666100000,19980.00,20047.50,19972.60,20047.00,3443.818,1661666399999,68923050.76090,14928,2359.361,47223515.49690,0
1661666400000,20046.90,20047.00,20008.60,20018.20,1239.598,1661666699999,24823234.79300,11271,438.545,8781814.95070,0
1661666700000,20018.20,20036.00,20013.00,20032.00,893.744,1661666999999,17898453.56250,7300,538.015,10774552.95490,0
1661667000000,20032.10,20062.00,20026.10,20058.90,1275.123,1661667299999,25559967.24200,11503,806.999,16177512.86080,0
1661667300000,20058.90,20059.50,20036.40,20036.50,892.968,1661667599999,17899150.51780,8347,341.473,6844637.76200,0
1661667600000,20036.40,20047.80,20033.20,20044.10,443.076,1661667899999,8879053.07700,5149,172.916,3465243.91120,0
1661667900000,20044.10,20045.10,20031.10,20031.20,428.591,1661668199999,8588704.20010,4325,167.314,3353024.96100,0
1661668200000,20031.20,20039.90,20015.50,20039.90,710.339,1661668499999,14224569.00820,6879,279.902,5605194.04950,0
1661668500000,20039.90,20042.90,20025.20,20037.60,425.346,1661668799999,8522288.22710,4731,205.190,4111244.03300,0
1661668800000,20037.60,20046.60,20033.50,20033.60,429.160,1661669099999,8600844.65570,4109,248.536,4980975.77860,0
1661669100000,20033.60,20046.10,20023.30,20041.20,479.877,1661669399999,9613898.02540,5998,242.946,4867292.87600,0
1661669400000,20041.30,20043.80,20020.70,20034.70,493.049,1661669699999,9875498.75930,5535,232.027,4647240.07680,0
1661669700000,20034.70,20040.10,20021.80,20024.20,412.247,1661669999999,8258195.47230,5136,153.002,3064908.21380,0
1661670000000,20024.20,20030.80,20013.50,20013.90,544.232,1661670299999,10895450.05280,6934,236.429,4733364.03280,0
1661670300000,20014.00,20019.50,19996.60,20018.10,817.586,1661670599999,16357599.25650,8787,372.214,7447373.22460,0
1661670600000,20018.10,20028.70,20006.00,20010.10,415.343,1661670899999,8314485.15460,4785,208.418,4172088.78710,0
1661670900000,20010.00,20070.00,20010.00,20060.20,1188.673,1661671199999,23821074.11980,9652,806.815,16170122.63330,0
1661671200000,20060.30,20061.70,20018.20,20029.80,870.521,1661671499999,17444365.94270,7769,386.363,7741148.12430,0
1661671500000,20029.70,20040.80,20028.40,20028.50,356.846,1661671799999,7149521.94510,3660,184.420,3694754.70320,0
1661671800000,20028.40,20032.00,20020.10,20032.00,337.251,1661672099999,6754026.39990,3389,189.765,3800291.09210,0
1661672100000,20032.00,20055.90,20030.00,20055.50,596.298,1661672399999,11952978.74870,6132,399.592,8009771.91200,0
1661672400000,20055.50,20058.80,20041.70,20053.20,541.153,1661672699999,10851538.19090,5926,245.264,4918134.95320,0
1661672700000,20053.20,20075.40,20035.50,20054.10,945.409,1661672999999,18959451.28890,10495,510.811,10244325.65280,0
1661673000000,20054.00,20054.10,20035.80,20040.20,404.194,1661673299999,8101037.70250,4638,198.130,3970785.97470,0
1661673300000,20040.10,20045.10,20031.00,20045.00,421.034,1661673599999,8436450.66780,4459,239.450,4798071.48980,0
1661673600000,20045.00,20068.30,20038.50,20064.90,949.634,1661673899999,19044539.85240,8593,590.366,11839739.77220,0
1661673900000,20064.90,20098.00,20063.40,20091.30,1796.146,1661674199999,36065449.55900,12996,1101.047,22109098.97690,0
1661674200000,20091.30,20091.30,20062.00,20070.20,934.356,1661674499999,18755181.47750,8643,407.036,8169918.26730,0
1661674500000,20070.10,20090.00,20066.30,20074.90,852.407,1661674799999,17114236.27890,7244,400.551,8042037.31150,0
1661674800000,20074.90,20088.50,20063.00,20063.00,726.158,1661675099999,14581572.22340,6126,385.960,7750682.24040,0
1661675100000,20063.00,20078.60,20062.10,20065.70,432.542,1661675399999,8681241.92010,5386,165.896,3329641.33470,0
1661675400000,20065.70,20069.60,20054.10,20056.20,452.697,1661675699999,9082177.17600,5166,150.311,3015567.34130,0
1661675700000,20056.30,20056.30,20039.80,20045.10,810.330,1661675999999,16244925.94100,7039,295.285,5919380.08770,0
1661676000000,20045.10,20045.10,20004.90,20004.90,1893.830,1661676299999,37921254.35700,14270,630.151,12617242.08020,0
1661676300000,20004.90,20019.70,19985.30,19991.10,1918.266,1661676599999,38368541.65820,14778,878.007,17562429.80410,0
1661676600000,19991.10,20007.00,19988.10,20002.20,1217.453,1661676899999,24346094.09770,7984,830.395,16606123.96500,0
1661676900000,20002.10,20023.80,20002.10,20023.70,877.372,1661677199999,17559782.92490,8478,596.896,11946621.57120,0
1661677200000,20023.80,20023.80,20009.00,20012.70,650.294,1661677499999,13016390.44910,6541,294.765,5900168.65470,0
1661677500000,20012.70,20018.50,20002.20,20014.90,509.796,1661677799999,10201679.72620,5799,257.108,5145076.14190,0
1661677800000,20014.80,20028.10,20013.00,20026.40,643.174,1661678099999,12877212.03460,6192,365.399,7315799.60510,0
1661678100000,20026.40,20034.00,20021.10,20022.60,625.714,1661678399999,12531719.68860,5996,336.820,6745700.41400,0
1661678400000,20022.60,20022.70,20004.00,20008.00,489.638,1661678699999,9799397.65460,4879,182.355,3649688.64680,0
1661678700000,20008.10,20022.00,20006.60,20019.40,311.838,1661678999999,6241508.73300,3919,145.712,2916442.98400,0
1661679000000,20019.40,20020.60,20007.00,20007.60,414.981,1661679299999,8305149.23930,4097,164.710,3296457.26930,0
1661679300000,20007.60,20021.80,20001.90,20015.10,504.514,1661679599999,10095911.40760,5036,154.326,3088456.44080,0
1661679600000,20015.20,20024.50,20012.20,20018.20,293.915,1661679899999,5883634.84650,3714,140.872,2820015.42750,0
1661679900000,20018.10,20020.60,19985.90,19999.80,843.530,1661680199999,16869734.69670,7792,374.517,7489601.71780,0
1661680200000,19999.80,20000.00,19985.60,20000.00,568.012,1661680499999,11357028.05060,6503,280.066,5599814.25520,0
1661680500000,19999.90,20027.60,19999.90,20006.60,722.472,1661680799999,14458386.89450,6155,407.542,8155116.84600,0
1661680800000,20006.60,20019.80,19999.50,20014.10,511.405,1661681099999,10232954.76110,5531,287.429,5751553.22030,0
1661681100000,20014.20,20014.20,19954.90,19991.80,1704.096,1661681399999,34044545.94060,12817,738.387,14752185.64680,0
1661681400000,19991.80,19999.90,19983.80,19996.50,795.460,1661681699999,15902528.00020,7155,545.194,10899316.69690,0
1661681700000,19996.50,19999.80,19978.20,19980.00,526.444,1661681999999,10522423.50470,5919,265.304,5302849.35620,0
1661682000000,19979.90,19980.00,19951.50,19965.20,1428.475,1661682299999,28518833.90950,12776,720.179,14377845.89280,0
1661682300000,19965.20,19970.00,19957.00,19964.50,657.526,1661682599999,13127443.12690,7493,405.718,8100302.93000,0
1661682600000,19964.50,19988.60,19962.90,19977.10,778.897,1661682899999,15560858.47990,8039,457.408,9137745.98920,0
1661682900000,19977.20,19988.70,19962.40,19987.20,704.975,1661683199999,14082685.17550,7217,397.896,7948281.64780,0
1661683200000,19987.10,20000.00,19985.90,19997.70,869.794,1661683499999,17391517.27590,8698,552.277,11042903.20390,0
1661683500000,19997.80,20016.90,19982.50,19984.40,967.801,1661683799999,19357250.14010,9941,477.649,9554158.31740,0
1661683800000,19984.30,20006.10,19981.90,19994.90,540.946,1661684099999,10815685.28980,6264,284.248,5683040.42310,0
1661684100000,19995.00,19995.50,19972.30,19983.40,528.496,1661684399999,10561346.21900,5856,218.446,4365396.67650,0
1661684400000,19983.50,19995.50,19973.30,19995.50,696.477,1661684699999,13916852.73400,6631,336.631,6726793.74820,0
1661684700000,19995.50,19998.00,19926.00,19977.30,2954.539,1661684999999,58953750.96260,19570,1395.963,27855280.28630,0
1661685000000,19977.40,20027.50,19977.30,19982.80,2699.947,1661685299999,54016010.35860,18337,1641.189,32832112.13590,0
1661685300000,19982.90,20004.90,19961.10,19975.00,1049.732,1661685599999,20974406.18990,11109,498.348,9956601.25320,0
1661685600000,19975.00,19995.70,19962.00,19962.10,671.380,1661685899999,13412703.87570,7764,351.943,7031688.18390,0
1661685900000,19962.00,20000.00,19954.30,19992.50,757.899,1661686199999,15145454.93670,8858,420.709,8406442.63490,0
1661686200000,19992.50,20010.00,19992.50,20006.50,723.871,1661686499999,14479671.06980,7650,377.030,7541518.54730,0
1661686500000,20006.50,20019.00,19991.90,19994.40,855.617,1661686799999,17119744.67070,7872,386.176,7727187.67340,0
1661686800000,19994.40,20006.00,19992.00,20006.00,488.845,1661687099999,9776411.48820,4868,249.530,4990181.61300,0
1661687100000,20006.00,20023.20,20001.30,20021.30,804.061,1661687399999,16093009.13380,7337,511.198,10231827.29640,0
1661687400000,20021.20,20024.00,20002.00,20009.60,667.438,1661687699999,13357365.32410,5513,307.513,6153806.16200,0
1661687700000,20009.50,20028.30,19990.30,20021.90,991.451,1661687999999,19839325.01600,8367,466.194,9329558.45050,0
1661688000000,20021.90,20038.00,20013.20,20032.30,1502.733,1661688299999,30095342.40480,10967,768.970,15400740.26440,0
1661688300000,20032.30,20048.40,20021.70,20026.80,1463.699,1661688599999,29331889.55800,10684,972.719,19493594.30890,0
1661688600000,20026.80,20028.70,20009.40,20020.50,549.545,1661688899999,11001563.29770,6153,239.596,4796549.39560,0
1661688900000,20020.60,20022.40,19993.00,19994.00,894.118,1661689199999,17886328.73900,9068,402.484,8051505.66600,0
1661689200000,19994.00,19998.90,19984.70,19992.20,626.994,1661689499999,12534623.60720,6892,312.768,6252738.65200,0
1661689500000,19992.20,20007.00,19963.40,19985.90,2347.592,1661689799999,46904163.04630,14469,1365.295,27276998.92120,0
1661689800000,19986.00,20000.00,19978.00,19979.90,817.522,1661690099999,16340362.33670,8068,374.606,7487451.09910,0
1661690100000,19980.00,20000.10,19966.00,20000.00,846.014,1661690399999,16904839.99850,8338,528.788,10566420.60540,0
1661690400000,20000.00,20000.00,19971.10,19981.70,619.365,1661690699999,12375942.22870,7086,299.429,5982991.88650,0
1661690700000,19981.60,19985.60,19960.10,19968.80,1125.936,1661690999999,22488321.29830,9590,596.762,11919022.03000,0
1661691000000,19968.80,19968.80,19937.40,19959.10,1820.669,1661691299999,36328887.36200,14433,886.146,17682612.61560,0
1661691300000,19959.20,19964.20,19883.30,19911.20,4571.908,1661691599999,91082785.36440,29335,1506.443,30016131.89650,0
1661691600000,19911.20,19950.00,19898.10,19934.20,2725.425,1661691899999,54298306.93850,22775,1661.591,33104412.06020,0
1661691900000,19934.20,19947.70,19918.50,19932.60,1493.226,1661692199999,29766756.66500,11030,642.145,12801675.60410,0
1661692200000,19932.60,19937.70,19897.70,19924.00,2233.301,1661692499999,44470787.64360,13575,1260.819,25106621.25830,0
1661692500000,19924.00,19968.80,19921.60,19932.60,2579.984,1661692799999,51453504.32610,16208,1436.600,28652527.61820,0
1661692800000,19932.60,19944.20,19920.00,19943.10,1128.925,1661693099999,22501333.68710,9042,570.924,11380215.07960,0
1661693100000,19943.10,19943.20,19920.00,19925.40,636.159,1661693399999,12678368.68590,6223,272.114,5423121.09490,0
1661693400000,19925.30,19943.00,19925.30,19940.00,867.582,1661693699999,17296402.90900,7330,521.030,10387553.94240,0
1661693700000,19940.00,19947.20,19930.00,19931.50,649.268,1661693999999,12946802.17900,5673,315.337,6287988.90280,0
1661694000000,19931.40,19947.90,19925.60,19947.90,700.889,1661694299999,13974589.66010,6282,326.390,6507435.15870,0
1661694300000,19947.80,19971.40,19921.60,19921.60,1724.187,1661694599999,34398378.46030,10867,897.138,17901234.03430,0
1661694600000,19921.60,19945.00,19921.60,19940.30,622.877,1661694899999,12417854.85520,6072,340.983,6797678.79320,0
1661694900000,19940.30,19946.50,19923.70,19927.20,543.266,1661695199999,10832116.44210,5351,233.771,4661034.61360,0
1661695200000,19927.10,19953.70,19927.10,19951.40,532.674,1661695499999,10624607.10260,5424,320.865,6399777.29590,0
1661695500000,19951.50,19952.90,19900.20,19908.90,2033.045,1661695799999,40489741.05110,16391,1002.069,19954875.33410,0
1661695800000,19909.00,19911.50,19855.30,19893.30,4199.527,1661696099999,83498012.71520,27836,1670.421,33217096.45490,0
1661696100000,19893.30,19901.00,19800.00,19849.70,6070.983,1661696399999,120496221.23595,34043,2184.902,43375549.04580,0
1661696400000,19849.70,19854.90,19793.80,19839.90,5334.504,1661696699999,105775008.81020,34306,2779.631,55120910.84140,0
1661696700000,19839.90,19854.50,19825.00,19850.90,2067.147,1661696999999,41021035.18220,16856,1350.823,26805674.73550,0
1661697000000,19851.00,19900.00,19830.40,19890.70,3326.144,1661697299999,66094749.99450,24427,1896.427,37689117.32640,0
1661697300000,19890.70,19995.90,19878.00,19945.80,6282.230,1661697599999,125317191.00700,39035,3321.466,66254936.13580,0
1661697600000,19945.80,19965.00,19918.30,19939.90,2392.804,1661697899999,47721608.58620,18955,1082.172,21583386.23880,0
1661697900000,19939.90,19979.80,19915.10,19915.10,2589.662,1661698199999,51670261.00800,18533,1345.501,26852571.02860,0
1661698200000,19915.20,19936.80,19869.50,19876.80,2358.346,1661698499999,46940931.06240,18161,1002.246,19949687.02310,0
1661698500000,19876.90,19917.60,19876.90,19909.30,1234.221,1661698799999,24561171.38440,10990,754.987,15024225.30140,0
1661698800000,19909.30,19929.80,19893.60,19922.70,1504.112,1661699099999,29952365.03850,12820,806.493,16060774.12110,0
1661699100000,19922.70,19940.00,19897.40,19906.10,1012.992,1661699399999,20175731.43300,10105,504.524,10048204.93120,0
1661699400000,19906.10,19920.80,19901.80,19912.60,535.084,1661699699999,10653797.62220,5757,274.533,5466099.63300,0
1661699700000,19912.60,19939.80,19905.00,19934.60,989.358,1661699999999,19711790.65370,8893,554.262,11043703.99780,0
1661700000000,19934.60,19963.70,19928.50,19949.40,1535.500,1661700299999,30630751.86860,11813,944.546,18842790.82180,0
1661700300000,19949.40,19965.20,19943.20,19963.30,1222.279,1661700599999,24391765.44740,9829,569.371,11362404.29260,0
1661700600000,19963.20,19973.50,19947.00,19957.10,813.164,1661700899999,16229135.82210,9544,348.244,6950857.50610,0
1661700900000,19957.00,19965.00,19955.00,19962.90,510.353,1661701199999,10186636.02730,6073,221.953,4430108.16030,0
1661701200000,19962.80,19994.90,19962.80,19991.80,1751.072,1661701499999,34990451.78310,14943,1013.793,20257285.52590,0
1661701500000,19991.90,20019.60,19982.80,19991.50,2933.417,1661701799999,58668694.22680,20104,1711.752,34238192.83470,0
1661701800000,19991.50,20029.00,19988.30,20000.40,2178.640,1661702099999,43593834.44020,16637,1295.423,25923844.56040,0
1661702100000,20000.30,20015.00,19998.00,20007.50,1157.873,1661702399999,23164463.78000,10271,435.209,8706773.51680,0
1661702400000,20007.60,20074.10,20007.60,20066.10,6311.954,1661702699999,126540464.06190,36514,3813.546,76449631.35770,0
1661702700000,20066.20,20073.60,20042.20,20053.50,1749.713,1661702999999,35095887.52200,16010,731.336,14669477.17770,0
1661703000000,20053.50,20099.90,20053.40,20069.30,2546.774,1661703299999,51133832.65550,18412,1639.217,32913466.22060,0
1661703300000,20069.40,20125.00,20069.30,20097.50,3891.212,1661703599999,78208970.15147,24872,2397.463,48187913.93957,0
1661703600000,20097.50,20130.00,20096.10,20111.90,2437.180,1661703899999,49017646.22830,18193,1434.565,28853973.68600,0
1661703900000,20111.90,20140.00,20094.10,20111.00,2668.336,1661704199999,53692361.82240,21212,1333.738,26840555.53370,0
1661704200000,20111.00,20111.00,20032.00,20048.60,4757.199,1661704499999,95478182.39630,27892,1499.748,30098616.22130,0
1661704500000,20048.60,20074.60,20043.80,20065.30,1578.644,1661704799999,31667982.76690,12183,892.205,17898272.52620,0
1661704800000,20065.30,20069.60,20040.50,20043.50,1153.465,1661705099999,23129825.60140,10103,521.852,10464914.95200,0
1661705100000,20043.50,20043.60,19977.80,20014.60,4081.004,1661705399999,81659032.37530,23960,1438.516,28785304.23880,0
1661705400000,20014.60,20014.60,19983.20,19994.40,2315.060,1661705699999,46298398.89280,16262,1062.168,21242484.55360,0
1661705700000,19994.50,20004.00,19964.30,19978.70,2487.931,1661705999999,49717425.79530,15798,1109.873,22178948.37760,0
1661706000000,19978.70,20017.10,19970.90,19994.40,2111.091,1661706299999,42218157.05700,14114,1265.983,25316697.30910,0
1661706300000,19994.40,19994.50,19963.10,19990.80,1472.057,1661706599999,29416226.01020,11464,640.780,12805069.35050,0
1661706600000,19990.90,20009.10,19985.80,19994.10,886.250,1661706899999,17723106.23990,7399,517.949,10357703.94870,0
1661706900000,19994.00,20018.20,19993.20,20016.00,908.759,1661707199999,18181904.41430,8259,588.816,11780613.19080,0
1661707200000,20016.00,20039.00,20015.20,20039.00,1256.389,1661707499999,25161875.62890,9907,719.990,14419245.77650,0
1661707500000,20039.00,20049.10,20015.00,20017.10,1010.412,1661707799999,20242165.52470,8865,458.345,9183834.34250,0
1661707800000,20017.20,20035.40,20000.00,20006.20,961.833,1661708099999,19250802.61220,8363,497.604,9959205.05600,0
1661708100000,20006.30,20006.50,19951.00,19960.00,1627.268,1661708399999,32503313.03310,13519,591.786,11820516.97690,0
1661708400000,19960.00,19963.50,19942.00,19960.60,1762.258,1661708699999,35164122.61540,13236,1015.950,20272754.63260,0
1661708700000,19960.50,19972.80,19949.30,19971.10,788.901,1661708999999,15748324.16830,7723,484.717,9676573.82020,0
1661709000000,19971.10,19995.40,19967.10,19989.10,827.357,1661709299999,16534737.45130,7580,519.132,10374085.30740,0
1661709300000,19989.10,19992.00,19965.40,19973.50,500.389,1661709599999,9997773.61260,4963,152.369,3044123.47540,0
1661709600000,19973.50,20000.00,19968.60,19984.80,700.972,1661709899999,14009533.50980,6526,462.007,9234006.03550,0
1661709900000,19984.80,19984.90,19963.90,19974.10,490.985,1661710199999,9805877.36880,4542,221.859,4430736.31320,0
1661710200000,19974.20,19999.90,19974.10,19985.60,557.866,1661710499999,11150341.06340,5343,316.339,6322082.60200,0
1661710500000,19985.60,19991.60,19973.00,19981.60,444.102,1661710799999,8873355.97730,4640,180.765,3611512.25060,0
1661710800000,19981.50,20018.20,19981.50,20008.60,804.993,1661711099999,16101314.40730,7819,523.671,10474279.13120,0
1661711100000,20008.50,20016.90,19997.50,20002.70,438.132,1661711399999,8764858.49510,5125,168.653,3374049.39590,0
1661711400000,20002.70,20015.00,19991.30,20009.10,492.484,1661711699999,9852587.63380,5631,267.378,5349190.49130,0
1661711700000,20009.20,20010.10,19987.00,19999.90,433.036,1661711999999,8660225.78720,4978,174.125,3482163.25620,0
1661712000000,19999.90,20015.00,19996.40,19999.90,369.252,1661712299999,7387328.71710,4725,164.985,3300517.35400,0
1661712300000,20000.00,20030.00,19989.40,19989.50,716.792,1661712599999,14344718.31460,7233,364.688,7299061.30790,0
1661712600000,19989.40,20003.40,19979.60,19993.30,688.778,1661712899999,13768685.15380,7542,250.353,5004515.27710,0
1661712900000,19993.30,19999.00,19979.20,19999.00,326.842,1661713199999,6533158.35310,4089,172.449,3447189.22880,0
1661713200000,19998.90,20006.00,19982.90,20005.80,514.456,1661713499999,10287353.94590,5899,284.435,5687766.66500,0
1661713500000,20005.80,20043.10,19992.20,20038.90,1720.482,1661713799999,34440616.60660,11486,1189.505,23812606.27560,0
1661713800000,20038.80,20056.30,20020.00,20041.80,1067.432,1661714099999,21388371.78910,8711,655.384,13132756.16830,0
1661714100000,20041.70,20045.00,20019.10,20033.80,549.817,1661714399999,11014258.12940,5678,218.869,4384436.14510,0
1661714400000,20033.80,20038.00,20003.70,20006.70,533.328,1661714699999,10677107.52790,6444,188.360,3770922.20640,0
1661714700000,20006.70,20010.00,19992.20,20005.40,517.598,1661714999999,10352704.51210,5824,258.765,5175834.15690,0
1661715000000,20005.40,20005.40,19957.20,19966.20,1523.913,1661715299999,30435245.62940,12555,720.052,14379385.51760,0
1661715300000,19966.20,19974.50,19945.00,19950.60,1138.909,1661715599999,22724465.18500,9741,628.123,12532648.36960,0
1661715600000,19950.50,19974.50,19947.00,19955.10,847.350,1661715899999,16911519.17580,8158,595.856,11892520.49180,0
1661715900000,19955.10,19970.70,19953.00,19955.00,478.466,1661716199999,9551416.93820,6065,287.500,5739419.69900,0
1661716200000,19955.10,19963.50,19946.70,19962.00,805.901,1661716499999,16082168.08890,6110,367.744,7338511.47500,0
1661716500000,19962.00,19979.00,19957.50,19962.50,665.891,1661716799999,13297695.74920,6607,401.794,8023705.50820,0
1661716800000,19962.60,19976.70,19956.70,19970.00,621.420,1661717099999,12406063.70310,6366,332.877,6645376.77820,0
1661717100000,19969.90,19982.90,19964.00,19980.60,409.743,1661717399999,8184439.84960,5214,232.084,4635582.43470,0
1661717400000,19980.60,19998.40,19977.70,19977.80,490.492,1661717699999,9802848.63460,4893,267.891,5354197.97260,0
1661717700000,19977.80,19980.00,19971.10,19974.60,346.173,1661717999999,6915009.46200,4853,140.163,2799753.47720,0
1661718000000,19974.60,19990.00,19961.70,19989.10,676.005,1661718299999,13504163.75590,7182,336.342,6719137.31640,0
1661718300000,19989.00,20007.40,19976.20,19985.20,608.330,1661718599999,12163251.23420,6149,362.263,7243530.93370,0
1661718600000,19985.30,20019.00,19985.20,20005.90,877.455,1661718899999,17553686.81540,7461,494.634,9894947.54220,0
1661718900000,20005.90,20022.90,20000.80,20013.10,668.601,1661719199999,13381908.84270,7366,266.917,5342074.58350,0
1661719200000,20013.10,20031.00,20009.20,20014.10,584.611,1661719499999,11702731.58560,6291,237.441,4753052.00700,0
1661719500000,20014.10,20014.10,19980.10,19983.00,900.236,1661719799999,17996525.09950,8608,333.615,6668647.01940,0
1661719800000,19983.00,19985.70,19969.60,19974.60,554.231,1661720099999,11072052.60820,5840,238.442,4763294.94270,0
1661720100000,19974.50,19994.70,19972.90,19975.40,397.592,1661720399999,7944338.29780,4527,203.752,4071210.58740,0
1661720400000,19975.50,19991.20,19972.00,19984.40,407.302,1661720699999,8139183.49710,4758,211.389,4223882.31720,0
1661720700000,19984.30,20000.00,19984.30,19991.90,360.297,1661720999999,7203630.62340,3943,199.131,3981168.58650,0
1661721000000,19992.00,19992.00,19982.30,19984.10,307.403,1661721299999,6144215.48720,3106,150.696,3011984.14480,0
1661721300000,19984.10,20004.90,19984.10,19993.10,354.619,1661721599999,7091495.12350,4234,187.215,3743720.66370,0
1661721600000,19993.00,20005.70,19992.40,19997.00,200.081,1661721899999,4001717.59800,2985,95.073,1901438.75550,0
1661721900000,19997.10,20004.60,19989.20,20002.40,241.818,1661722199999,4835242.53890,2968,108.286,2165322.52160,0
1661722200000,20002.40,20012.40,20002.40,20006.00,463.510,1661722499999,9274119.99440,4887,258.575,5173666.74070,0
1661722500000,20006.00,20035.00,20005.90,20006.30,812.262,1661722799999,16265667.31380,7958,446.614,8943443.19200,0
1661722800000,20006.20,20006.30,19978.40,19983.00,597.580,1661723099999,11945264.93220,5987,277.312,5542962.92630,0
1661723100000,19982.90,19983.00,19925.00,19973.60,2158.272,1661723399999,43058282.97590,17885,941.284,18780821.87570,0
1661723400000,19973.60,19975.00,19958.30,19970.00,632.566,1661723699999,12630492.43510,6300,338.725,6763208.64500,0
1661723700000,19970.10,19974.10,19950.60,19954.10,374.189,1661723999999,7468822.78570,5228,190.158,3795539.29170,0
1661724000000,19954.00,19977.70,19891.00,19905.40,3196.516,1661724299999,63696793.29640,27303,1423.106,28365990.09350,0
1661724300000,19905.40,19915.10,19860.00,19896.00,3990.747,1661724599999,79370756.36850,31476,1842.343,36645681.28300,0
1661724600000,19895.90,20017.90,19894.10,19960.10,3861.499,1661724899999,77129943.84810,28553,2069.264,41322698.81770,0
1661724900000,19960.00,19985.60,19912.00,19922.30,2146.545,1661725199999,42810163.92770,18065,979.978,19545035.63570,0
1661725200000,19922.30,19926.00,19869.00,19893.40,2741.425,1661725499999,54543514.00030,19388,1128.068,22448218.32890,0
1661725500000,19893.40,19937.90,19870.00,19895.40,2010.132,1661725799999,40004187.11320,17697,1074.678,21388907.75440,0
1661725800000,19895.40,19922.30,19886.00,19897.80,1443.617,1661726099999,28735275.04110,14274,831.299,16547574.17510,0
1661726100000,19897.70,19908.40,19868.10,19907.20,1796.603,1661726399999,35733737.82850,16019,900.959,17918720.81490,0
1661726400000,19907.20,19936.30,19901.90,19931.40,1298.238,1661726699999,25860487.31070,10916,715.959,14262515.34680,0
1661726700000,19931.40,19935.00,19902.40,19919.60,1247.775,1661726999999,24854708.01940,11297,470.309,9368588.57510,0
1661727000000,19919.70,19923.50,19887.80,19896.10,1310.669,1661727299999,26088196.33060,12096,714.233,14216066.37800,0
1661727300000,19896.00,19915.90,19881.70,19890.60,849.389,1661727599999,16903244.50850,7834,427.871,8515023.86660,0
1661727600000,19890.60,19894.60,19824.00,19848.10,3858.493,1661727899999,76607279.21400,29458,1627.557,32315111.01260,0
1661727900000,19848.10,19896.00,19844.80,19874.90,1813.739,1661728199999,36046207.76710,15240,1119.909,22256793.36240,0
1661728200000,19875.00,19881.20,19851.30,19871.50,1154.277,1661728499999,22931655.57870,10517,499.062,9914097.93080,0
1661728500000,19871.50,19909.60,19870.00,19890.50,1315.559,1661728799999,26169537.65350,11745,734.768,14616296.21220,0
1661728800000,19890.50,19895.00,19827.90,19828.00,1795.445,1661729099999,35661396.81650,12733,655.977,13031112.45100,0
1661729100000,19827.90,19842.30,19634.70,19703.90,19993.871,1661729399999,394225193.68037,93386,7635.856,150557900.97660,0
1661729400000,19703.90,19720.80,19636.00,19663.00,6167.162,1661729699999,121389934.44440,40638,2709.674,53341703.51750,0
1661729700000,19663.00,19706.20,19640.70,19665.00,3528.982,1661729999999,69448674.52790,28862,1787.041,35172095.99980,0
1661730000000,19664.90,19687.30,19607.50,19644.50,5054.980,1661730299999,99305044.15290,30000,2008.079,39464903.90900,0
1661730300000,19644.20,19654.00,19599.20,19604.20,4342.898,1661730599999,85232579.13590,33999,1996.098,39181404.87970,0
1661730600000,19604.20,19618.10,19550.00,19556.10,7294.451,1661730899999,142864331.67250,43478,3362.061,65859556.96030,0
1661730900000,19556.10,19582.70,19508.00,19547.50,6149.769,1661731199999,120175468.72712,41217,2791.975,54563555.91540,0
