open_time,open,high,low,close,volume,close_time,quote_volume,count,taker_buy_volume,taker_buy_quote_volume,ignore
1717891200000,0.4925,0.4926,0.4924,0.4924,171609.7,1717891259999,84514.67296,267,85239.1,41980.92561,0
1717891260000,0.4924,0.4925,0.4924,0.4925,154540.5,1717891319999,76109.66860,250,139264.0,68587.52000,0
1717891320000,0.4925,0.4927,0.4924,0.4926,385556.4,1717891379999,189925.68795,281,317259.3,156286.75136,0
1717891380000,0.4926,0.4927,0.4924,0.4925,274169.8,1717891439999,135039.32615,254,73318.0,36114.04968,0
1717891440000,0.4924,0.4925,0.4924,0.4925,101468.7,1717891499999,49966.43573,120,32478.5,15995.66125,0
1717891500000,0.4925,0.4925,0.4923,0.4925,384138.5,1717891559999,189160.92932,319,234997.8,115728.03786,0
1717891560000,0.4924,0.4925,0.4924,0.4925,28385.7,1717891619999,13978.85581,105,17371.3,8555.36525,0
1717891620000,0.4925,0.4928,0.4925,0.4928,208998.0,1717891679999,102958.71998,232,186638.2,91944.09038,0
1717891680000,0.4928,0.4928,0.4927,0.4927,34001.6,1717891739999,16753.16052,116,5722.0,2819.80160,0
1717891740000,0.4927,0.4928,0.4926,0.4926,58028.8,1717891799999,28590.48821,77,10046.2,4950.41598,0
1717891800000,0.4926,0.4929,0.4926,0.4929,274858.5,1717891859999,135434.62133,194,160860.2,79261.47117,0
1717891860000,0.4928,0.4929,0.4927,0.4928,175967.0,1717891919999,86715.92447,157,84055.3,41422.92931,0
1717891920000,0.4928,0.4929,0.4928,0.4929,34410.9,1717891979999,16960.05618,45,23646.6,11655.40914,0
1717891980000,0.4929,0.4929,0.4928,0.4928,22709.8,1717892039999,11192.46643,36,10769.9,5308.48371,0
1717892040000,0.4928,0.4929,0.4928,0.4928,23602.2,1717892099999,11632.74524,79,15810.8,7793.14332,0
1717892100000,0.4929,0.4929,0.4926,0.4927,261258.8,1717892159999,128735.29876,291,43037.9,21205.47344,0
1717892160000,0.4927,0.4931,0.4926,0.4930,217691.9,1717892219999,107291.87443,264,171159.3,84351.63465,0
1717892220000,0.4930,0.4930,0.4928,0.4929,117497.2,1717892279999,57913.65956,125,16063.9,7917.93612,0
1717892280000,0.4929,0.4929,0.4928,0.4928,20233.7,1717892339999,9972.61252,66,14451.6,7123.19364,0
1717892340000,0.4928,0.4936,0.4928,0.4935,710039.1,1717892399999,350262.43967,463,451986.8,222930.71311,0
1717892400000,0.4935,0.4937,0.4934,0.4934,706381.5,1717892459999,348605.46862,399,302844.7,149456.47466,0
1717892460000,0.4934,0.4935,0.4934,0.4935,22941.5,1717892519999,11320.22141,79,8853.1,4369.00485,0
1717892520000,0.4935,0.4936,0.4934,0.4935,227030.8,1717892579999,112046.18415,192,176492.9,87106.16242,0
1717892580000,0.4935,0.4937,0.4935,0.4936,74238.4,1717892639999,36644.98598,104,64129.7,31655.49385,0
1717892640000,0.4936,0.4937,0.4936,0.4936,69033.1,1717892699999,34076.25124,98,15130.8,7470.07596,0
1717892700000,0.4937,0.4938,0.4937,0.4938,129638.5,1717892759999,64002.94247,107,126895.2,62648.57526,0
1717892760000,0.4938,0.4938,0.4937,0.4938,15268.7,1717892819999,7538.80362,62,6464.3,3192.07134,0
1717892820000,0.4937,0.4938,0.4937,0.4937,188525.0,1717892879999,93075.52340,180,7309.0,3609.18420,0
1717892880000,0.4937,0.4938,0.4937,0.4937,29685.2,1717892939999,14656.10411,46,5208.7,2572.05606,0
1717892940000,0.4938,0.4938,0.4937,0.4938,21611.5,1717892999999,10671.08615,44,14886.0,7350.70680,0
1717893000000,0.4938,0.4939,0.4937,0.4938,145566.7,1717893059999,71882.00079,133,130958.5,64668.47889,0
1717893060000,0.4938,0.4939,0.4936,0.4936,202252.7,1717893119999,99862.99866,196,3919.4,1935.54400,0
1717893120000,0.4936,0.4939,0.4936,0.4936,168574.3,1717893179999,83233.76858,179,78133.9,38577.89453,0
1717893180000,0.4936,0.4937,0.4936,0.4937,30702.1,1717893239999,15155.40650,61,8499.4,4196.15378,0
1717893240000,0.4937,0.4937,0.4935,0.4935,132655.3,1717893299999,65479.27287,163,11627.7,5740.56998,0
1717893300000,0.4935,0.4936,0.4934,0.4934,110187.6,1717893359999,54378.87221,132,13755.5,6789.63650,0
1717893360000,0.4935,0.4935,0.4934,0.4935,10151.0,1717893419999,5009.32615,36,8227.5,4060.27125,0
1717893420000,0.4934,0.4935,0.4934,0.4934,14119.9,1717893479999,6967.70284,63,9441.8,4659.52830,0
1717893480000,0.4934,0.4935,0.4934,0.4935,10151.3,1717893539999,5009.08535,39,4339.3,2141.44455,0
1717893540000,0.4935,0.4937,0.4934,0.4937,357491.7,1717893599999,176443.16508,204,247529.6,122171.45533,0
1717893600000,0.4938,0.4939,0.4938,0.4938,46286.1,1717893659999,22857.74119,79,45281.0,22361.42281,0
1717893660000,0.4938,0.4942,0.4938,0.4941,203515.7,1717893719999,100537.71831,239,133377.7,65883.54155,0
1717893720000,0.4942,0.4942,0.4941,0.4942,21511.9,1717893779999,10630.21335,62,11835.6,5849.15352,0
1717893780000,0.4941,0.4942,0.4941,0.4942,53252.3,1717893839999,26316.00661,65,40451.8,19991.27956,0
1717893840000,0.4941,0.4942,0.4941,0.4942,9918.6,1717893899999,4901.37182,48,5915.6,2923.48952,0
1717893900000,0.4942,0.4942,0.4938,0.4939,325610.7,1717893959999,160845.68206,253,55364.8,27345.84376,0
1717893960000,0.4939,0.4940,0.4937,0.4938,241465.2,1717894019999,119246.99084,208,69946.6,34545.26977,0
1717894020000,0.4938,0.4939,0.4938,0.4938,29993.6,1717894079999,14811.15825,42,3185.7,1573.41723,0
1717894080000,0.4938,0.4939,0.4938,0.4939,21797.9,1717894139999,10764.32738,60,5243.6,2589.81404,0
1717894140000,0.4938,0.4939,0.4937,0.4938,57618.3,1717894199999,28452.26978,94,4325.6,2136.33565,0
1717894200000,0.4937,0.4938,0.4936,0.4937,209383.6,1717894259999,103369.86709,167,120061.5,59275.17410,0
1717894260000,0.4937,0.4938,0.4937,0.4937,45474.3,1717894319999,22451.98430,107,13223.9,6529.96182,0
1717894320000,0.4937,0.4938,0.4937,0.4938,30640.7,1717894379999,15129.41315,63,20995.6,10367.62728,0
1717894380000,0.4938,0.4938,0.4937,0.4937,70503.8,1717894439999,34809.02054,91,12944.8,6392.14224,0
1717894440000,0.4938,0.4938,0.4937,0.4937,33685.7,1717894499999,16632.82533,57,21952.4,10840.09512,0
1717894500000,0.4938,0.4940,0.4938,0.4940,68111.6,1717894559999,33639.92053,121,66670.8,32928.31555,0
1717894560000,0.4939,0.4940,0.4939,0.4939,22661.1,1717894619999,11194.48505,65,21677.6,10708.73440,0
1717894620000,0.4940,0.4940,0.4938,0.4939,151634.9,1717894679999,74892.95040,167,12355.2,6102.82139,0
1717894680000,0.4939,0.4939,0.4938,0.4939,103886.3,1717894739999,51299.91166,105,8567.2,4231.34008,0
1717894740000,0.4939,0.4940,0.4938,0.4939,60080.5,1717894799999,29673.67160,102,57897.3,28595.59793,0
1717894800000,0.4939,0.4942,0.4938,0.4939,425966.8,1717894859999,210419.31616,389,193648.2,95660.28636,0
1717894860000,0.4939,0.4940,0.4938,0.4939,78195.9,1717894919999,38621.33963,139,13662.1,6748.17367,0
1717894920000,0.4939,0.4939,0.4938,0.4939,189143.3,1717894979999,93411.62480,206,126632.6,62543.84114,0
1717894980000,0.4938,0.4938,0.4937,0.4937,40017.0,1717895039999,19758.88558,87,9692.7,4786.25526,0
1717895040000,0.4937,0.4940,0.4937,0.4940,107264.3,1717895099999,52971.68955,150,102172.6,50457.24167,0
1717895100000,0.4940,0.4942,0.4939,0.4941,425173.9,1717895159999,210050.96040,337,185406.7,91599.05730,0
1717895160000,0.4940,0.4941,0.4939,0.4940,74846.5,1717895219999,36978.51654,117,46782.1,23114.74164,0
1717895220000,0.4940,0.4940,0.4938,0.4939,62347.8,1717895279999,30793.55375,118,11935.8,5895.59588,0
1717895280000,0.4938,0.4939,0.4936,0.4939,303000.8,1717895339999,149610.18044,270,142942.3,70583.02519,0
1717895340000,0.4939,0.4939,0.4938,0.4939,27876.4,1717895399999,13766.28783,53,9215.1,4551.33789,0
1717895400000,0.4939,0.4939,0.4937,0.4937,103192.2,1717895459999,50959.27682,216,47349.5,23384.29370,0
1717895460000,0.4938,0.4938,0.4935,0.4936,112087.2,1717895519999,55327.87592,174,11620.6,5736.13527,0
1717895520000,0.4936,0.4938,0.4935,0.4938,160548.3,1717895579999,79253.26974,148,151898.0,74983.82865,0
1717895580000,0.4937,0.4939,0.4935,0.4935,274385.9,1717895639999,135469.43193,203,51382.5,25368.83526,0
1717895640000,0.4936,0.4937,0.4935,0.4937,83676.9,1717895699999,41302.63381,83,61672.5,30441.76955,0
1717895700000,0.4937,0.4937,0.4935,0.4936,106487.5,1717895759999,52561.68605,227,6703.0,3308.79161,0
1717895760000,0.4935,0.4936,0.4932,0.4933,285627.0,1717895819999,140915.51088,317,61669.3,30421.64747,0
1717895820000,0.4932,0.4933,0.4931,0.4932,91499.0,1717895879999,45125.27429,149,15085.5,7440.18213,0
1717895880000,0.4932,0.4935,0.4931,0.4933,193269.5,1717895939999,95345.90175,219,103094.4,50855.64982,0
1717895940000,0.4933,0.4935,0.4933,0.4933,102863.2,1717895999999,50749.79619,109,76134.5,37561.94135,0
1717896000000,0.4934,0.4934,0.4933,0.4934,16699.4,1717896059999,8238.66847,62,8544.5,4215.85630,0
1717896060000,0.4934,0.4935,0.4933,0.4934,22049.8,1717896119999,10879.13927,97,17842.4,8803.61439,0
1717896120000,0.4934,0.4936,0.4934,0.4936,157880.5,1717896179999,77917.87390,122,156168.8,77073.22667,0
1717896180000,0.4935,0.4937,0.4934,0.4934,171921.8,1717896239999,84854.09305,164,46979.6,23189.66203,0
1717896240000,0.4935,0.4936,0.4934,0.4936,55189.2,1717896299999,27236.87467,88,53217.3,26263.90798,0
1717896300000,0.4936,0.4936,0.4935,0.4935,10545.9,1717896359999,5205.23412,63,8324.7,4109.07192,0
1717896360000,0.4935,0.4936,0.4935,0.4935,12349.9,1717896419999,6095.46632,64,7906.7,3902.74712,0
1717896420000,0.4936,0.4937,0.4935,0.4937,50523.7,1717896479999,24938.49003,81,48356.7,23869.07553,0
1717896480000,0.4937,0.4939,0.4936,0.4938,101672.2,1717896539999,50203.46836,139,85653.2,42293.30711,0
1717896540000,0.4938,0.4940,0.4938,0.4939,265150.6,1717896599999,130955.62968,226,66938.2,33061.94313,0
1717896600000,0.4938,0.4939,0.4936,0.4939,198685.3,1717896659999,98100.03325,248,115226.5,56893.42985,0
1717896660000,0.4939,0.4939,0.4938,0.4939,105500.7,1717896719999,52105.18307,82,89374.1,44141.86799,0
1717896720000,0.4938,0.4939,0.4938,0.4939,23555.3,1717896779999,11633.27388,81,16667.4,8232.02886,0
1717896780000,0.4938,0.4940,0.4938,0.4939,160613.9,1717896839999,79327.67376,148,137774.9,68047.71716,0
1717896840000,0.4939,0.4942,0.4939,0.4942,232780.0,1717896899999,115019.53959,172,231310.4,114293.59389,0
1717896900000,0.4942,0.4943,0.4941,0.4941,181083.5,1717896959999,89491.25224,131,74836.1,36984.06801,0
1717896960000,0.4942,0.4942,0.4939,0.4939,467729.0,1717897019999,231064.84412,225,11900.6,5880.74432,0
1717897020000,0.4940,0.4941,0.4939,0.4941,82106.8,1717897079999,40561.26714,66,71275.7,35210.84399,0
1717897080000,0.4940,0.4941,0.4939,0.4940,159448.2,1717897139999,78761.10049,110,16288.1,8047.94781,0
1717897140000,0.4939,0.4940,0.4939,0.4940,25104.1,1717897199999,12400.32205,42,14070.6,6950.87640,0
1717897200000,0.4940,0.4940,0.4938,0.4938,115399.7,1717897259999,56998.72398,147,46289.1,22865.00421,0
1717897260000,0.4939,0.4939,0.4938,0.4939,131912.8,1717897319999,65149.80736,116,112667.2,55646.33008,0
1717897320000,0.4939,0.4941,0.4939,0.4940,36870.4,1717897379999,18213.46079,53,17688.1,8738.25734,0
1717897380000,0.4941,0.4944,0.4940,0.4943,430447.4,1717897439999,212757.94789,161,407662.9,201498.27383,0
1717897440000,0.4943,0.4944,0.4942,0.4943,177350.3,1717897499999,87663.62572,126,79590.9,39342.17594,0
1717897500000,0.4943,0.4943,0.4940,0.4940,261185.8,1717897559999,129047.59961,226,23670.6,11696.95331,0
1717897560000,0.4940,0.4942,0.4939,0.4941,261051.6,1717897619999,128974.61756,190,95706.3,47284.34029,0
1717897620000,0.4941,0.4941,0.4940,0.4940,20678.5,1717897679999,10217.01694,45,18379.4,9081.26154,0
1717897680000,0.4940,0.4941,0.4938,0.4941,186231.8,1717897739999,91988.01119,196,69986.0,34568.53804,0
1717897740000,0.4941,0.4941,0.4940,0.4940,46020.7,1717897799999,22734.49573,45,2699.3,1333.72413,0
1717897800000,0.4940,0.4941,0.4940,0.4941,38871.6,1717897859999,19202.75660,94,1862.0,920.01420,0
1717897860000,0.4940,0.4941,0.4940,0.4940,6059.6,1717897919999,2993.60660,52,1642.0,811.31220,0
1717897920000,0.4940,0.4941,0.4940,0.4940,9807.1,1717897979999,4845.33230,39,6249.0,3087.63090,0
1717897980000,0.4940,0.4941,0.4940,0.4940,6143.4,1717898039999,3035.05739,43,2177.9,1076.10039,0
1717898040000,0.4940,0.4940,0.4939,0.4939,43421.0,1717898099999,21449.39758,101,3901.2,1927.19280,0
1717898100000,0.4939,0.4940,0.4937,0.4937,123567.0,1717898159999,61024.90381,198,21904.7,10816.71806,0
1717898160000,0.4937,0.4938,0.4937,0.4938,37162.3,1717898219999,18347.32426,80,2967.5,1465.35150,0
1717898220000,0.4937,0.4941,0.4937,0.4941,193397.6,1717898279999,95515.49021,153,181067.0,89426.36959,0
1717898280000,0.4941,0.4943,0.4940,0.4942,112994.2,1717898339999,55832.03851,113,101592.0,50199.28113,0
1717898340000,0.4943,0.4944,0.4940,0.4941,297337.1,1717898399999,146929.47350,211,28766.5,14218.18262,0
1717898400000,0.4941,0.4941,0.4938,0.4939,123646.0,1717898459999,61075.95806,254,21337.7,10539.73803,0
1717898460000,0.4938,0.4940,0.4938,0.4939,114456.8,1717898519999,56538.56945,173,80899.7,39962.62977,0
1717898520000,0.4939,0.4940,0.4939,0.4940,14737.5,1717898579999,7279.58450,74,7332.5,3622.25500,0
1717898580000,0.4939,0.4941,0.4939,0.4941,60764.9,1717898639999,30017.38118,94,54160.0,26755.16396,0
1717898640000,0.4940,0.4942,0.4939,0.4939,247465.9,1717898699999,122272.23344,226,59415.6,29360.50245,0
1717898700000,0.4939,0.4940,0.4938,0.4939,104256.7,1717898759999,51491.92107,134,18754.4,9264.62299,0
1717898760000,0.4939,0.4939,0.4938,0.4939,73616.3,1717898819999,36358.71843,80,69894.9,34521.09111,0
1717898820000,0.4938,0.4939,0.4938,0.4938,129198.5,1717898879999,63804.65707,153,64377.7,31796.14603,0
1717898880000,0.4938,0.4939,0.4937,0.4938,80673.9,1717898939999,39835.91026,150,2240.4,1106.33595,0
1717898940000,0.4938,0.4938,0.4935,0.4936,351788.0,1717898999999,173650.34146,214,119414.7,58944.17899,0
1717899000000,0.4936,0.4938,0.4936,0.4936,111579.9,1717899059999,55085.26214,136,53416.1,26373.09689,0
1717899060000,0.4937,0.4939,0.4935,0.4938,337533.0,1717899119999,166619.20461,238,206883.2,102130.59696,0
1717899120000,0.4938,0.4941,0.4938,0.4941,48144.8,1717899179999,23782.48194,101,45075.4,22266.30405,0
1717899180000,0.4940,0.4940,0.4938,0.4938,213245.9,1717899239999,105332.37049,168,25820.2,12755.09746,0
1717899240000,0.4938,0.4939,0.4936,0.4937,240774.6,1717899299999,118870.15958,175,4100.8,2024.90700,0
1717899300000,0.4937,0.4939,0.4935,0.4938,264237.6,1717899359999,130445.15352,307,197715.2,97611.30859,0
1717899360000,0.4938,0.4939,0.4936,0.4937,240473.5,1717899419999,118736.98728,188,3632.3,1793.99085,0
1717899420000,0.4937,0.4937,0.4933,0.4935,766408.2,1717899479999,378208.30796,333,390602.7,192746.69618,0
1717899480000,0.4935,0.4938,0.4934,0.4936,492908.5,1717899539999,243293.58990,307,229623.4,113335.43361,0
1717899540000,0.4937,0.4937,0.4936,0.4936,8534.4,1717899599999,4212.83160,54,2517.6,1242.93912,0
1717899600000,0.4936,0.4937,0.4934,0.4934,303153.8,1717899659999,149624.76771,222,21860.7,10790.47140,0
1717899660000,0.4935,0.4935,0.4930,0.4931,582937.2,1717899719999,287531.50319,461,247393.0,122024.72198,0
1717899720000,0.4931,0.4934,0.4931,0.4932,192783.6,1717899779999,95093.23678,215,98077.0,48376.20012,0
1717899780000,0.4932,0.4934,0.4932,0.4934,62157.9,1717899839999,30664.20671,76,36914.8,18211.78659,0
1717899840000,0.4933,0.4934,0.4932,0.4933,117060.6,1717899899999,57746.19434,128,14187.1,6998.71611,0
1717899900000,0.4933,0.4933,0.4927,0.4928,1200831.3,1717899959999,591919.25117,495,299556.6,147648.87699,0
1717899960000,0.4928,0.4929,0.4926,0.4928,882082.1,1717900019999,434608.33029,423,349653.6,172293.98577,0
1717900020000,0.4929,0.4930,0.4929,0.4929,106135.4,1717900079999,52321.17255,97,84505.4,41659.74555,0
1717900080000,0.4930,0.4930,0.4926,0.4926,188181.5,1717900139999,92747.04674,213,7931.3,3909.59525,0
1717900140000,0.4926,0.4929,0.4926,0.4929,186919.7,1717900199999,92098.83839,169,139769.4,68868.19513,0
1717900200000,0.4929,0.4929,0.4926,0.4927,221544.4,1717900259999,109162.27560,220,78013.2,38437.90376,0
1717900260000,0.4926,0.4927,0.4925,0.4925,287948.8,1717900319999,141841.48442,286,109187.6,53786.43934,0
1717900320000,0.4925,0.4931,0.4925,0.4928,339917.3,1717900379999,167519.61865,282,170074.2,83804.45486,0
1717900380000,0.4929,0.4929,0.4924,0.4928,406633.8,1717900439999,200330.86314,370,230515.7,113557.15944,0
1717900440000,0.4929,0.4929,0.4926,0.4928,112860.1,1717900499999,55609.69702,123,56729.4,27950.76866,0
1717900500000,0.4928,0.4928,0.4905,0.4914,4259757.2,1717900559999,2094208.62827,2305,1202650.6,590938.70335,0
1717900560000,0.4914,0.4918,0.4914,0.4916,556078.5,1717900619999,273360.82388,360,427065.2,209927.31024,0
1717900620000,0.4916,0.4916,0.4911,0.4915,807076.7,1717900679999,396557.23287,447,322374.1,158376.19437,0
1717900680000,0.4914,0.4915,0.4913,0.4913,314665.8,1717900739999,154625.35518,247,137274.4,67457.83003,0
1717900740000,0.4914,0.4915,0.4913,0.4914,184142.7,1717900799999,90490.77411,119,180101.6,88505.14193,0
1717900800000,0.4914,0.4916,0.4914,0.4914,245005.1,1717900859999,120419.02171,215,79548.1,39100.91377,0
1717900860000,0.4914,0.4914,0.4911,0.4913,266922.9,1717900919999,131128.02742,293,124385.1,61102.70590,0
1717900920000,0.4912,0.4917,0.4912,0.4917,527471.5,1717900979999,259231.96172,284,408526.5,200776.12743,0
1717900980000,0.4917,0.4917,0.4913,0.4914,391130.3,1717901039999,192214.75049,211,12200.8,5997.99222,0
1717901040000,0.4914,0.4915,0.4913,0.4915,118655.2,1717901099999,58305.56611,104,90371.6,44409.75066,0
1717901100000,0.4915,0.4917,0.4914,0.4917,384598.9,1717901159999,189051.32083,403,225138.8,110670.23552,0
1717901160000,0.4917,0.4922,0.4917,0.4922,385233.2,1717901219999,189515.98832,335,196263.0,96559.04781,0
1717901220000,0.4921,0.4922,0.4920,0.4920,167196.9,1717901279999,82278.26404,139,74518.9,36672.59710,0
1717901280000,0.4921,0.4924,0.4920,0.4922,276716.1,1717901339999,136207.29455,258,152866.6,75241.57540,0
1717901340000,0.4922,0.4923,0.4920,0.4921,327234.0,1717901399999,161040.30757,202,205333.2,101048.18861,0
1717901400000,0.4921,0.4922,0.4919,0.4919,160315.0,1717901459999,78877.15122,223,54629.4,26882.09743,0
1717901460000,0.4918,0.4919,0.4916,0.4919,255913.3,1717901519999,125855.30939,239,198998.2,97868.73679,0
1717901520000,0.4918,0.4919,0.4917,0.4918,66701.8,1717901579999,32803.73330,89,8194.0,4030.50528,0
1717901580000,0.4917,0.4919,0.4916,0.4919,113079.7,1717901639999,55607.18146,137,90923.1,44712.83131,0
1717901640000,0.4919,0.4919,0.4917,0.4917,137466.5,1717901699999,67607.84800,97,19169.4,9429.42786,0
1717901700000,0.4917,0.4919,0.4917,0.4919,291021.1,1717901759999,143138.68488,167,255418.0,125629.40991,0
1717901760000,0.4918,0.4920,0.4918,0.4918,146244.6,1717901819999,71935.23645,115,41135.8,20236.30886,0
1717901820000,0.4919,0.4922,0.4918,0.4922,384004.7,1717901879999,188926.75550,252,264813.9,130282.54456,0
1717901880000,0.4922,0.4923,0.4921,0.4923,154437.3,1717901939999,76012.89216,133,114884.3,56546.09512,0
1717901940000,0.4923,0.4923,0.4921,0.4921,120748.8,1717901999999,59431.08430,128,24942.9,12278.17150,0
1717902000000,0.4921,0.4924,0.4921,0.4922,273540.5,1717902059999,134646.12262,396,157125.8,77343.23357,0
1717902060000,0.4922,0.4924,0.4922,0.4923,106178.0,1717902119999,52276.50299,145,88454.3,43551.74958,0
1717902120000,0.4923,0.4925,0.4922,0.4925,169447.9,1717902179999,83422.62942,224,113010.4,55639.76930,0
1717902180000,0.4925,0.4925,0.4922,0.4923,234398.0,1717902239999,115389.73650,165,30772.1,15150.71222,0
1717902240000,0.4922,0.4924,0.4922,0.4924,110024.0,1717902299999,54165.39106,146,85641.0,42161.88634,0
1717902300000,0.4924,0.4924,0.4921,0.4921,221508.6,1717902359999,109035.44553,218,46019.5,22654.43309,0
1717902360000,0.4921,0.4923,0.4921,0.4923,142612.6,1717902419999,70196.53026,164,98529.5,48499.49483,0
1717902420000,0.4923,0.4924,0.4922,0.4924,272522.0,1717902479999,134160.16838,175,145531.3,71647.32553,0
1717902480000,0.4923,0.4924,0.4923,0.4924,13344.8,1717902539999,6569.88519,41,2401.5,1182.49860,0
1717902540000,0.4923,0.4924,0.4922,0.4922,90642.2,1717902599999,44624.47643,103,14156.9,6970.85726,0
1717902600000,0.4923,0.4923,0.4922,0.4923,22096.5,1717902659999,10876.47735,86,5800.5,2855.58615,0
1717902660000,0.4923,0.4923,0.4922,0.4923,51472.3,1717902719999,25335.15980,74,4937.4,2430.68202,0
1717902720000,0.4922,0.4923,0.4921,0.4922,135850.6,1717902779999,66860.80788,157,7960.9,3918.50198,0
1717902780000,0.4921,0.4922,0.4921,0.4921,91390.8,1717902839999,44976.85674,76,34440.6,16951.66332,0
1717902840000,0.4921,0.4922,0.4921,0.4921,17823.4,1717902899999,8771.53859,43,6434.5,3167.06090,0
1717902900000,0.4921,0.4923,0.4920,0.4922,190861.2,1717902959999,93928.60664,246,151591.6,74604.68875,0
1717902960000,0.4922,0.4925,0.4922,0.4924,210680.4,1717903019999,103724.95134,214,113546.6,55906.32169,0
1717903020000,0.4924,0.4925,0.4924,0.4925,41924.2,1717903079999,20646.06907,87,25929.9,12770.47575,0
1717903080000,0.4924,0.4925,0.4922,0.4923,314908.9,1717903139999,155037.71518,234,170496.5,83940.70423,0
1717903140000,0.4922,0.4923,0.4921,0.4921,79147.3,1717903199999,38954.86839,109,36044.4,17741.41599,0
1717903200000,0.4922,0.4924,0.4921,0.4923,480297.2,1717903259999,236467.03263,214,447883.8,220515.70357,0
1717903260000,0.4924,0.4926,0.4923,0.4926,174002.8,1717903319999,85684.56021,175,85476.5,42095.37463,0
1717903320000,0.4925,0.4926,0.4921,0.4922,332596.9,1717903379999,163758.99240,248,55687.7,27416.81326,0
1717903380000,0.4921,0.4922,0.4921,0.4922,54945.1,1717903439999,27041.82738,92,33436.7,16457.54374,0
1717903440000,0.4922,0.4923,0.4920,0.4920,256730.0,1717903499999,126358.65880,192,88783.6,43700.64690,0
1717903500000,0.4920,0.4921,0.4919,0.4920,210331.7,1717903559999,103484.22945,158,60819.5,29926.89300,0
1717903560000,0.4919,0.4920,0.4919,0.4919,75858.4,1717903619999,37321.73954,93,69925.8,34403.49360,0
1717903620000,0.4919,0.4922,0.4919,0.4922,187405.1,1717903679999,92208.45796,180,161608.6,79519.14662,0
1717903680000,0.4922,0.4923,0.4922,0.4923,46859.7,1717903739999,23066.84997,39,25056.3,12335.21649,0
1717903740000,0.4922,0.4923,0.4922,0.4922,7429.0,1717903799999,3656.83166,32,2778.6,1367.90478,0
1717903800000,0.4922,0.4922,0.4919,0.4919,245820.8,1717903859999,120959.69623,320,28154.6,13852.26636,0
1717903860000,0.4920,0.4923,0.4919,0.4923,131126.9,1717903919999,64522.78704,185,114920.4,56548.50365,0
1717903920000,0.4922,0.4923,0.4922,0.4922,8644.0,1717903979999,4254.73751,37,1607.1,791.17533,0
1717903980000,0.4923,0.4924,0.4921,0.4921,204474.2,1717904039999,100654.43998,200,72316.7,35601.68433,0
1717904040000,0.4922,0.4923,0.4921,0.4922,90159.9,1717904099999,44377.94519,114,78978.6,38875.39568,0
1717904100000,0.4923,0.4924,0.4922,0.4924,54815.1,1717904159999,26984.06285,93,29253.2,14401.37400,0
1717904160000,0.4924,0.4927,0.4923,0.4927,140256.0,1717904219999,69082.51729,221,76339.4,37598.92958,0
1717904220000,0.4926,0.4929,0.4926,0.4929,261665.1,1717904279999,128925.10023,241,203321.4,100184.60220,0
1717904280000,0.4929,0.4931,0.4927,0.4930,372955.5,1717904339999,183820.19913,271,197162.5,97179.54408,0
1717904340000,0.4929,0.4930,0.4928,0.4928,102197.6,1717904399999,50372.80712,112,13614.4,6710.54197,0
1717904400000,0.4929,0.4930,0.4928,0.4928,278151.2,1717904459999,137100.55934,193,89706.3,44217.67820,0
1717904460000,0.4929,0.4929,0.4927,0.4929,123013.3,1717904519999,60620.99510,150,80700.7,39769.60192,0
1717904520000,0.4928,0.4929,0.4927,0.4928,227773.5,1717904579999,112242.93413,166,62370.1,30736.35218,0
1717904580000,0.4928,0.4928,0.4927,0.4927,5531.7,1717904639999,2725.59015,54,1215.6,599.04768,0
1717904640000,0.4927,0.4928,0.4927,0.4928,14776.1,1717904699999,7281.30545,64,11209.8,5524.18944,0
1717904700000,0.4927,0.4930,0.4927,0.4928,252576.7,1717904759999,124485.73175,246,120732.4,59500.27345,0
1717904760000,0.4928,0.4931,0.4928,0.4931,107670.9,1717904819999,53080.34878,153,106569.1,52537.27299,0
1717904820000,0.4931,0.4932,0.4930,0.4931,248329.4,1717904879999,122439.75077,243,93956.9,46325.16811,0
1717904880000,0.4932,0.4932,0.4930,0.4931,110575.4,1717904939999,54522.74036,99,37417.1,18451.36134,0
1717904940000,0.4931,0.4932,0.4929,0.4930,178330.9,1717904999999,87927.42434,168,43172.9,21290.07402,0
1717905000000,0.4929,0.4930,0.4929,0.4929,86406.9,1717905059999,42593.47188,104,35108.7,17308.58910,0
1717905060000,0.4930,0.4935,0.4929,0.4935,868937.2,1717905119999,428623.70421,449,865578.1,426967.60944,0
1717905120000,0.4935,0.4935,0.4932,0.4933,235748.0,1717905179999,116313.44960,214,62235.3,30712.03762,0
1717905180000,0.4933,0.4933,0.4930,0.4932,194163.8,1717905239999,95751.04744,183,75221.1,37096.96666,0
1717905240000,0.4931,0.4933,0.4931,0.4932,220583.3,1717905299999,108793.68676,135,127969.6,63116.62937,0
1717905300000,0.4932,0.4932,0.4930,0.4930,91223.9,1717905359999,44984.13902,84,36894.7,18195.09192,0
1717905360000,0.4930,0.4930,0.4929,0.4930,31463.8,1717905419999,15511.38784,55,12288.5,6058.23050,0
1717905420000,0.4929,0.4930,0.4929,0.4929,24305.8,1717905479999,11981.80255,48,14737.3,7265.48890,0
1717905480000,0.4930,0.4930,0.4929,0.4929,8562.1,1717905539999,4220.98223,41,7231.4,3565.08020,0
1717905540000,0.4929,0.4930,0.4929,0.4930,14042.4,1717905599999,6922.46901,84,9700.5,4782.34650,0
1717905600000,0.4930,0.4931,0.4928,0.4930,288667.6,1717905659999,142302.32058,315,148313.9,73114.46543,0
1717905660000,0.4929,0.4931,0.4929,0.4930,106716.7,1717905719999,52613.78584,140,49026.3,24172.52652,0
1717905720000,0.4929,0.4930,0.4928,0.4929,52859.1,1717905779999,26054.23318,84,4157.9,2049.76612,0
1717905780000,0.4928,0.4930,0.4928,0.4930,144921.3,1717905839999,71434.26790,172,132023.8,65078.32692,0
1717905840000,0.4930,0.4930,0.4928,0.4928,91465.1,1717905899999,45085.22564,129,24645.3,12149.75626,0
1717905900000,0.4929,0.4929,0.4926,0.4929,221268.0,1717905959999,109027.87379,208,132625.4,65350.41697,0
1717905960000,0.4928,0.4930,0.4928,0.4930,45176.1,1717906019999,22268.13230,82,38509.7,18982.38532,0
1717906020000,0.4929,0.4930,0.4927,0.4928,115484.6,1717906079999,56920.74543,119,30418.8,14992.88555,0
1717906080000,0.4927,0.4928,0.4927,0.4928,22236.8,1717906139999,10957.61711,44,15457.5,7617.45600,0
1717906140000,0.4927,0.4928,0.4927,0.4928,28112.3,1717906199999,13852.86211,57,19319.0,9520.40320,0
1717906200000,0.4927,0.4928,0.4927,0.4927,32338.5,1717906259999,15934.93679,63,17578.4,8662.63552,0
1717906260000,0.4927,0.4928,0.4927,0.4928,61984.1,1717906319999,30544.82471,87,52586.4,25914.57792,0
1717906320000,0.4927,0.4930,0.4927,0.4930,89709.8,1717906379999,44214.28817,121,76377.8,37643.11901,0
1717906380000,0.4929,0.4930,0.4927,0.4928,327696.8,1717906439999,161499.97882,193,105062.0,51777.29386,0
1717906440000,0.4928,0.4930,0.4928,0.4930,75568.5,1717906499999,37247.94068,96,59195.5,29179.04752,0
1717906500000,0.4929,0.4930,0.4927,0.4929,313524.5,1717906559999,154524.57925,190,114654.5,56513.53675,0
1717906560000,0.4929,0.4931,0.4929,0.4930,41233.6,1717906619999,20327.55153,96,30783.0,15176.16056,0
1717906620000,0.4930,0.4931,0.4929,0.4931,183405.9,1717906679999,90419.33429,178,98671.9,48646.92448,0
1717906680000,0.4930,0.4931,0.4930,0.4930,17638.4,1717906739999,8696.92173,40,11905.3,5870.50343,0
1717906740000,0.4930,0.4931,0.4930,0.4931,51539.9,1717906799999,25413.72607,85,45553.7,22462.52947,0
1717906800000,0.4930,0.4931,0.4930,0.4931,28282.2,1717906859999,13945.43584,74,23112.4,11396.72444,0
1717906860000,0.4930,0.4931,0.4930,0.4930,24085.5,1717906919999,11875.70561,55,15541.1,7663.31641,0
1717906920000,0.4931,0.4931,0.4930,0.4931,17880.1,1717906979999,8816.16978,90,12804.8,6314.04688,0
1717906980000,0.4931,0.4931,0.4930,0.4931,39621.1,1717907039999,19536.86349,107,36611.9,18053.32789,0
1717907040000,0.4930,0.4931,0.4930,0.4930,25439.3,1717907099999,12542.99845,52,14235.5,7019.52505,0
1717907100000,0.4930,0.4931,0.4929,0.4931,219914.4,1717907159999,108416.79425,149,110487.2,54470.46945,0
1717907160000,0.4930,0.4931,0.4929,0.4929,78236.0,1717907219999,38570.44029,90,10369.4,5112.79278,0
1717907220000,0.4929,0.4931,0.4929,0.4930,105710.2,1717907279999,52115.18444,92,97855.5,48242.89458,0
1717907280000,0.4930,0.4931,0.4930,0.4931,18992.1,1717907339999,9363.68797,45,5826.7,2873.14577,0
1717907340000,0.4930,0.4931,0.4930,0.4931,20200.6,1717907399999,9960.57434,63,16785.4,8276.88074,0
1717907400000,0.4931,0.4933,0.4930,0.4933,270298.6,1717907459999,133292.27904,283,217464.1,107239.35403,0
1717907460000,0.4932,0.4933,0.4932,0.4932,110645.1,1717907519999,54570.79921,105,71885.2,35454.41653,0
1717907520000,0.4932,0.4933,0.4932,0.4933,20607.5,1717907579999,10164.63338,44,10143.8,5003.93654,0
1717907580000,0.4932,0.4933,0.4929,0.4929,168913.2,1717907639999,83283.64244,163,32294.9,15921.66774,0
1717907640000,0.4929,0.4931,0.4929,0.4931,75568.9,1717907699999,37256.79598,82,62533.5,30830.43062,0
1717907700000,0.4930,0.4932,0.4930,0.4932,88608.0,1717907759999,43696.50852,114,84427.0,41635.27552,0
1717907760000,0.4932,0.4932,0.4931,0.4932,37988.8,1717907819999,18733.10249,63,8252.1,4069.93572,0
1717907820000,0.4932,0.4933,0.4931,0.4933,193343.7,1717907879999,95353.23594,165,102301.5,50456.13924,0
1717907880000,0.4933,0.4933,0.4931,0.4932,84306.8,1717907939999,41580.38687,70,3010.7,1485.17793,0
1717907940000,0.4932,0.4932,0.4931,0.4932,9859.4,1717907999999,4862.36384,43,6937.0,3421.32840,0
1717908000000,0.4931,0.4932,0.4931,0.4932,4361.7,1717908059999,2151.01559,47,2613.2,1288.83024,0
1717908060000,0.4932,0.4934,0.4931,0.4933,290569.4,1717908119999,143346.01084,197,282580.0,139406.43470,0
1717908120000,0.4933,0.4935,0.4933,0.4934,70975.7,1717908179999,35021.90499,93,54813.2,27047.92387,0
1717908180000,0.4935,0.4938,0.4935,0.4937,632741.5,1717908239999,312355.32413,371,367062.5,181200.16123,0
1717908240000,0.4936,0.4937,0.4934,0.4935,223481.8,1717908299999,110303.46314,166,47290.3,23346.37132,0
1717908300000,0.4935,0.4936,0.4934,0.4936,194033.4,1717908359999,95755.70448,226,84254.9,41580.01613,0
1717908360000,0.4936,0.4936,0.4934,0.4934,73211.0,1717908419999,36129.25040,97,18442.3,9101.36503,0
1717908420000,0.4935,0.4935,0.4934,0.4935,12096.6,1717908479999,5969.49302,70,10305.8,5085.91230,0
1717908480000,0.4935,0.4935,0.4933,0.4934,135437.7,1717908539999,66826.09389,171,19328.0,9538.28001,0
1717908540000,0.4934,0.4936,0.4933,0.4936,139307.4,1717908599999,68738.36600,122,137990.7,68088.77881,0
1717908600000,0.4936,0.4936,0.4935,0.4936,8399.4,1717908659999,4145.72444,42,6205.4,3062.98544,0
1717908660000,0.4935,0.4936,0.4934,0.4934,115829.5,1717908719999,57161.82481,110,15823.9,7809.60619,0
1717908720000,0.4935,0.4935,0.4933,0.4934,52617.4,1717908779999,25960.96253,81,8830.8,4357.76232,0
1717908780000,0.4934,0.4934,0.4933,0.4934,13751.9,1717908839999,6784.48296,50,6706.9,3309.18446,0
1717908840000,0.4933,0.4934,0.4931,0.4932,75791.4,1717908899999,37385.10512,175,3337.3,1646.43914,0
1717908900000,0.4932,0.4932,0.4930,0.4932,178171.0,1717908959999,87856.37442,176,117785.8,58080.89046,0
1717908960000,0.4931,0.4932,0.4931,0.4931,160807.3,1717909019999,79296.46235,130,23827.2,11751.57504,0
1717909020000,0.4931,0.4932,0.4930,0.4931,49172.6,1717909079999,24247.76676,104,10465.2,5161.18845,0
1717909080000,0.4931,0.4934,0.4930,0.4933,913062.1,1717909139999,450412.53820,504,666306.8,328695.25512,0
1717909140000,0.4932,0.4933,0.4932,0.4933,79320.2,1717909199999,39127.21730,97,64946.6,32038.15778,0
1717909200000,0.4932,0.4934,0.4931,0.4931,149716.0,1717909259999,73855.10397,293,45727.7,22559.54508,0
1717909260000,0.4931,0.4933,0.4931,0.4931,106511.3,1717909319999,52531.63845,165,59776.7,29482.67087,0
1717909320000,0.4931,0.4933,0.4931,0.4931,61516.4,1717909379999,30339.62774,92,30772.0,15176.75482,0
1717909380000,0.4931,0.4932,0.4931,0.4932,44554.3,1717909439999,21973.77233,72,40470.0,19959.80400,0
1717909440000,0.4931,0.4932,0.4930,0.4931,140797.5,1717909499999,69423.93451,179,21957.6,10828.34494,0
1717909500000,0.4930,0.4931,0.4929,0.4931,223017.4,1717909559999,109939.79987,150,80511.8,39694.22094,0
1717909560000,0.4930,0.4931,0.4925,0.4926,322431.2,1717909619999,158885.11799,268,44019.2,21690.99419,0
1717909620000,0.4925,0.4926,0.4921,0.4922,535731.9,1717909679999,263739.21498,383,275400.9,135570.21411,0
1717909680000,0.4922,0.4924,0.4922,0.4923,195761.9,1717909739999,96373.81777,131,162334.9,79918.29609,0
1717909740000,0.4923,0.4925,0.4922,0.4925,285877.8,1717909799999,140740.90960,208,191121.4,94092.53921,0
1717909800000,0.4924,0.4925,0.4923,0.4923,100382.3,1717909859999,49428.92358,127,15920.6,7840.06099,0
1717909860000,0.4923,0.4924,0.4923,0.4924,94439.8,1717909919999,46501.01949,106,83059.5,40898.49780,0
1717909920000,0.4923,0.4925,0.4923,0.4924,103879.1,1717909979999,51151.61254,162,91178.7,44898.02255,0
1717909980000,0.4924,0.4926,0.4924,0.4925,88730.2,1717910039999,43700.37212,151,61078.5,30082.32030,0
1717910040000,0.4925,0.4927,0.4925,0.4925,97875.5,1717910099999,48212.83625,147,33843.7,16671.43328,0
1717910100000,0.4925,0.4927,0.4925,0.4927,120196.9,1717910159999,59211.68408,249,109062.2,53727.72657,0
1717910160000,0.4927,0.4928,0.4927,0.4927,31837.9,1717910219999,15688.84149,58,23081.6,11374.61248,0
1717910220000,0.4927,0.4929,0.4927,0.4928,247153.2,1717910279999,121793.26372,168,77225.7,38057.12072,0
1717910280000,0.4927,0.4928,0.4927,0.4928,17307.6,1717910339999,8528.23139,41,7768.7,3828.41536,0
1717910340000,0.4927,0.4928,0.4925,0.4925,105996.8,1717910399999,52221.07966,117,5179.6,2551.98530,0
1717910400000,0.4925,0.4927,0.4925,0.4926,109411.7,1717910459999,53896.27074,84,102260.4,50373.62716,0
1717910460000,0.4926,0.4927,0.4925,0.4925,107032.5,1717910519999,52719.72422,104,18191.5,8961.28356,0
1717910520000,0.4925,0.4933,0.4925,0.4931,309590.7,1717910579999,152594.50970,302,224502.0,110632.08104,0
1717910580000,0.4931,0.4934,0.4931,0.4934,208728.9,1717910639999,102960.59465,152,107042.1,52800.41373,0
1717910640000,0.4933,0.4934,0.4932,0.4933,196287.1,1717910699999,96819.62904,171,31185.3,15383.80849,0
1717910700000,0.4932,0.4934,0.4930,0.4933,447500.0,1717910759999,220732.98505,293,240380.4,118570.32020,0
1717910760000,0.4933,0.4936,0.4933,0.4935,257477.3,1717910819999,127064.29080,220,187077.4,92323.04544,0
1717910820000,0.4934,0.4935,0.4933,0.4934,167604.9,1717910879999,82695.80733,146,104522.2,51571.27275,0
1717910880000,0.4934,0.4935,0.4934,0.4934,32464.7,1717910939999,16018.59056,41,5075.8,2504.90730,0
1717910940000,0.4934,0.4934,0.4932,0.4933,67173.1,1717910999999,33139.89668,107,2602.4,1283.76392,0
1717911000000,0.4932,0.4935,0.4932,0.4935,109539.3,1717911059999,54037.51474,207,96035.1,47377.22552,0
1717911060000,0.4934,0.4936,0.4933,0.4934,231934.5,1717911119999,114449.64564,170,60259.6,29736.97151,0
1717911120000,0.4934,0.4935,0.4934,0.4935,15503.1,1717911179999,7650.21600,35,9864.6,4868.18010,0
1717911180000,0.4934,0.4935,0.4932,0.4932,78684.2,1717911239999,38821.41088,131,1661.3,819.51931,0
1717911240000,0.4932,0.4934,0.4932,0.4933,70677.0,1717911299999,34864.12428,92,60837.1,30010.94954,0
1717911300000,0.4934,0.4934,0.4932,0.4932,41012.6,1717911359999,20231.62632,89,6375.3,3145.32703,0
1717911360000,0.4932,0.4935,0.4932,0.4935,143641.6,1717911419999,70865.53110,152,124624.4,61483.29970,0
1717911420000,0.4934,0.4935,0.4934,0.4935,25330.2,1717911479999,12500.15987,52,22391.9,11050.40265,0
1717911480000,0.4934,0.4935,0.4933,0.4933,67845.2,1717911539999,33474.88256,107,3463.2,1708.87525,0
1717911540000,0.4933,0.4936,0.4933,0.4936,72602.7,1717911599999,35824.11874,104,69554.0,34319.83533,0
1717911600000,0.4936,0.4937,0.4935,0.4937,192848.3,1717911659999,95189.75390,131,187188.0,92396.18067,0
1717911660000,0.4937,0.4938,0.4936,0.4937,71422.6,1717911719999,35260.12277,119,54475.4,26894.73069,0
1717911720000,0.4938,0.4938,0.4935,0.4936,343117.8,1717911779999,169367.29799,162,112383.2,55476.43980,0
1717911780000,0.4937,0.4937,0.4936,0.4936,75408.8,1717911839999,37227.93752,65,61538.4,30381.50808,0
1717911840000,0.4937,0.4938,0.4936,0.4937,48417.2,1717911899999,23903.69027,82,38992.6,19251.11469,0
1717911900000,0.4938,0.4940,0.4937,0.4940,334559.8,1717911959999,165219.76117,269,264591.7,130669.89642,0
1717911960000,0.4940,0.4940,0.4937,0.4938,418255.2,1717912019999,206566.93983,269,120488.0,59509.01815,0
1717912020000,0.4938,0.4939,0.4938,0.4938,50128.1,1717912079999,24753.47218,62,29015.8,14328.21844,0
1717912080000,0.4939,0.4939,0.4936,0.4936,92652.0,1717912139999,45749.13049,141,23115.1,11416.31413,0
1717912140000,0.4936,0.4937,0.4936,0.4937,20928.9,1717912199999,10331.27059,45,7655.5,3779.52035,0
1717912200000,0.4937,0.4937,0.4936,0.4937,71150.6,1717912259999,35125.05073,83,51145.7,25250.63209,0
1717912260000,0.4936,0.4937,0.4935,0.4935,71450.0,1717912319999,35268.01730,112,6025.1,2974.34534,0
1717912320000,0.4935,0.4937,0.4935,0.4937,153429.8,1717912379999,75737.56487,101,144198.0,71180.82545,0
1717912380000,0.4937,0.4938,0.4936,0.4938,102664.7,1717912439999,50687.13876,80,42540.5,21003.82592,0
1717912440000,0.4938,0.4938,0.4937,0.4937,14540.8,1717912499999,7179.42074,55,6277.8,3099.97764,0
1717912500000,0.4938,0.4938,0.4936,0.4937,134950.0,1717912559999,66624.87151,143,52514.7,25926.66031,0
1717912560000,0.4936,0.4938,0.4936,0.4937,31801.9,1717912619999,15700.73502,77,26184.0,12927.21834,0
1717912620000,0.4937,0.4938,0.4937,0.4937,13724.6,1717912679999,6776.54137,36,7063.5,3487.95630,0
1717912680000,0.4937,0.4939,0.4937,0.4937,103413.8,1717912739999,51064.93050,159,31012.2,15314.23240,0
1717912740000,0.4937,0.4938,0.4937,0.4937,5846.5,1717912799999,2886.49632,40,792.7,391.43526,0
1717912800000,0.4937,0.4938,0.4937,0.4938,35929.7,1717912859999,17739.68152,162,11886.3,5869.45494,0
1717912860000,0.4938,0.4938,0.4935,0.4938,406810.9,1717912919999,200821.19458,263,223577.9,110361.73727,0
1717912920000,0.4937,0.4938,0.4937,0.4937,25211.0,1717912979999,12447.73446,38,10637.6,5252.84688,0
1717912980000,0.4938,0.4939,0.4938,0.4939,92073.4,1717913039999,45471.00017,111,84495.2,41728.88501,0
1717913040000,0.4939,0.4939,0.4937,0.4938,135736.0,1717913099999,67022.76781,164,12465.6,6155.93167,0
1717913100000,0.4938,0.4939,0.4937,0.4937,130361.5,1717913159999,64373.08496,157,66617.7,32896.57919,0
1717913160000,0.4937,0.4938,0.4937,0.4938,12257.0,1717913219999,6052.18885,45,9079.5,4483.45710,0
1717913220000,0.4938,0.4939,0.4938,0.4939,86576.9,1717913279999,42755.01872,90,80082.6,39548.13338,0
1717913280000,0.4939,0.4941,0.4936,0.4938,1354886.4,1717913339999,669060.41243,421,150347.8,74254.47252,0
1717913340000,0.4938,0.4938,0.4937,0.4938,23516.7,1717913399999,11611.10374,31,9089.5,4488.39510,0
1717913400000,0.4938,0.4938,0.4935,0.4937,335143.5,1717913459999,165435.72962,163,95334.2,47057.81712,0
1717913460000,0.4936,0.4937,0.4935,0.4937,55391.7,1717913519999,27341.15948,79,34982.1,17267.20164,0
1717913520000,0.4936,0.4940,0.4936,0.4940,172064.0,1717913579999,84964.09484,113,165748.0,81845.53030,0
1717913580000,0.4940,0.4940,0.4939,0.4939,61862.4,1717913639999,30557.35726,55,35179.0,17378.42600,0
1717913640000,0.4939,0.4940,0.4939,0.4940,18169.8,1717913699999,8974.81527,46,7510.5,3710.18700,0
1717913700000,0.4939,0.4941,0.4939,0.4940,211827.4,1717913759999,104636.05875,224,66077.3,32643.23457,0
1717913760000,0.4939,0.4942,0.4939,0.4941,430801.2,1717913819999,212865.63151,287,293053.9,144807.78408,0
1717913820000,0.4941,0.4942,0.4940,0.4941,102519.6,1717913879999,50654.98674,108,12712.4,6281.38058,0
1717913880000,0.4941,0.4941,0.4940,0.4940,15097.2,1717913939999,7459.18082,38,11640.2,5751.42282,0
1717913940000,0.4940,0.4942,0.4940,0.4941,50191.5,1717913999999,24799.66008,61,48522.9,23975.26849,0
1717914000000,0.4942,0.4942,0.4941,0.4942,100882.8,1717914059999,49850.23878,68,40473.0,20001.75660,0
1717914060000,0.4941,0.4942,0.4941,0.4941,70564.4,1717914119999,34869.39109,73,35210.5,17401.02910,0
1717914120000,0.4941,0.4942,0.4940,0.4941,94304.9,1717914179999,46599.83486,134,49662.6,24542.80655,0
1717914180000,0.4940,0.4941,0.4940,0.4940,8543.4,1717914239999,4220.67853,31,2389.3,1180.55313,0
1717914240000,0.4941,0.4941,0.4939,0.4939,217987.7,1717914299999,107682.37677,189,2158.6,1066.47452,0
1717914300000,0.4939,0.4940,0.4939,0.4940,21256.5,1717914359999,10498.94670,76,3613.5,1785.06900,0
1717914360000,0.4940,0.4940,0.4939,0.4940,12821.8,1717914419999,6333.02602,67,3390.0,1674.66000,0
1717914420000,0.4939,0.4940,0.4937,0.4937,93310.2,1717914479999,46083.65502,168,13346.9,6593.08829,0
1717914480000,0.4937,0.4938,0.4937,0.4937,56189.2,1717914539999,27740.82022,83,2121.8,1047.74484,0
1717914540000,0.4937,0.4938,0.4937,0.4938,25958.3,1717914599999,12816.30124,162,6885.3,3399.96114,0
1717914600000,0.4938,0.4938,0.4936,0.4938,284436.6,1717914659999,140427.56190,240,121146.7,59815.22125,0
1717914660000,0.4938,0.4938,0.4935,0.4935,207500.5,1717914719999,102438.63520,198,70180.0,34654.29736,0
1717914720000,0.4936,0.4936,0.4934,0.4935,49395.5,1717914779999,24375.43260,47,4737.6,2338.01009,0
1717914780000,0.4934,0.4935,0.4934,0.4934,29806.4,1717914839999,14706.63207,53,1543.1,761.51985,0
1717914840000,0.4935,0.4935,0.4934,0.4934,13566.2,1717914899999,6694.24579,47,6827.1,3369.17385,0
1717914900000,0.4935,0.4935,0.4933,0.4934,249922.7,1717914959999,123317.85309,168,103631.1,51137.86565,0
1717914960000,0.4934,0.4936,0.4933,0.4935,291894.3,1717915019999,144035.09809,120,291253.6,143718.94960,0
1717915020000,0.4935,0.4937,0.4935,0.4936,112894.6,1717915079999,55725.24739,93,61924.0,30566.16994,0
1717915080000,0.4935,0.4935,0.4933,0.4935,189974.5,1717915139999,93734.86547,176,25096.3,12382.59690,0
1717915140000,0.4935,0.4935,0.4934,0.4935,17729.6,1717915199999,8749.45686,20,16722.2,8252.40570,0
1717915200000,0.4935,0.4935,0.4934,0.4934,8172.1,1717915259999,4032.20869,52,945.5,466.60425,0
1717915260000,0.4934,0.4935,0.4934,0.4935,168890.9,1717915319999,83347.59822,53,168281.6,83046.96960,0
1717915320000,0.4935,0.4935,0.4934,0.4934,32696.2,1717915379999,16132.39841,34,933.3,460.58355,0
1717915380000,0.4934,0.4937,0.4934,0.4937,127747.0,1717915439999,63047.30477,101,127145.8,62750.61586,0
1717915440000,0.4937,0.4938,0.4937,0.4938,27864.8,1717915499999,13758.14574,70,23393.2,11550.51682,0
1717915500000,0.4937,0.4939,0.4937,0.4939,45619.8,1717915559999,22526.09165,83,28976.1,14309.05186,0
1717915560000,0.4939,0.4941,0.4938,0.4939,156235.8,1717915619999,77176.44243,130,84913.7,41946.26905,0
1717915620000,0.4940,0.4940,0.4939,0.4940,25474.4,1717915679999,12583.69963,35,18934.7,9353.74180,0
1717915680000,0.4940,0.4941,0.4936,0.4938,517534.0,1717915739999,255577.96761,270,228357.9,112747.31482,0
1717915740000,0.4939,0.4939,0.4937,0.4938,132702.8,1717915799999,65532.83215,112,42670.8,21075.06621,0
1717915800000,0.4938,0.4939,0.4938,0.4939,37882.1,1717915859999,18706.49369,54,34143.9,16860.57053,0
1717915860000,0.4938,0.4939,0.4938,0.4938,13728.6,1717915919999,6780.26792,35,10852.4,5360.00036,0
1717915920000,0.4938,0.4941,0.4938,0.4940,138049.1,1717915979999,68189.01766,74,127484.0,62971.17332,0
1717915980000,0.4940,0.4941,0.4940,0.4941,4362.1,1717916039999,2155.10203,29,2246.3,1109.89683,0
1717916040000,0.4940,0.4941,0.4938,0.4938,161618.2,1717916099999,79834.04773,136,2397.9,1184.47453,0
1717916100000,0.4938,0.4939,0.4938,0.4939,8591.2,1717916159999,4242.96507,47,6305.1,3114.08889,0
1717916160000,0.4938,0.4940,0.4938,0.4939,90180.2,1717916219999,44540.39600,81,52979.3,26166.90051,0
1717916220000,0.4939,0.4940,0.4939,0.4940,27540.8,1717916279999,13605.07913,23,26780.1,13229.36940,0
1717916280000,0.4939,0.4940,0.4939,0.4940,23050.0,1717916339999,11385.22627,52,8312.7,4106.47380,0
1717916340000,0.4939,0.4940,0.4939,0.4939,56823.6,1717916399999,28070.61348,67,54374.4,26860.95360,0
1717916400000,0.4939,0.4940,0.4939,0.4940,15810.4,1717916459999,7809.35921,165,6026.5,2977.09100,0
1717916460000,0.4939,0.4940,0.4939,0.4939,86503.3,1717916519999,42729.47133,129,54914.6,27127.81240,0
1717916520000,0.4939,0.4940,0.4939,0.4939,29007.4,1717916579999,14329.53182,62,27769.6,13718.18240,0
1717916580000,0.4939,0.4941,0.4939,0.4941,80903.5,1717916639999,39964.34053,92,60904.6,30086.87345,0
1717916640000,0.4940,0.4942,0.4940,0.4941,237912.5,1717916699999,117545.08214,138,120370.7,59475.16597,0
1717916700000,0.4942,0.4942,0.4940,0.4942,185506.7,1717916759999,91658.96612,177,66161.8,32691.55532,0
1717916760000,0.4942,0.4944,0.4941,0.4943,128002.8,1717916819999,63264.58377,140,97433.3,48159.15600,0
1717916820000,0.4943,0.4944,0.4943,0.4943,162951.5,1717916879999,80551.20063,118,42741.8,21131.54592,0
1717916880000,0.4943,0.4943,0.4939,0.4940,219161.3,1717916939999,108301.08673,244,6618.5,3270.52948,0
1717916940000,0.4940,0.4941,0.4939,0.4941,90538.1,1717916999999,44725.77285,75,55856.0,27592.93931,0
1717917000000,0.4940,0.4941,0.4938,0.4939,80105.9,1717917059999,39566.20514,111,2864.4,1415.06733,0
1717917060000,0.4939,0.4941,0.4939,0.4941,130829.4,1717917119999,64625.25235,105,82343.7,40673.32130,0
1717917120000,0.4940,0.4941,0.4939,0.4939,141532.8,1717917179999,69915.58227,87,40461.8,19988.67789,0
1717917180000,0.4940,0.4940,0.4937,0.4937,80524.0,1717917239999,39767.02258,137,2054.7,1014.84354,0
1717917240000,0.4937,0.4938,0.4937,0.4937,90168.7,1717917299999,44517.82826,102,15410.7,7609.80366,0
1717917300000,0.4937,0.4940,0.4937,0.4939,120369.4,1717917359999,59443.03419,134,104280.9,51497.96853,0
1717917360000,0.4940,0.4940,0.4939,0.4940,10614.4,1717917419999,5243.36141,32,9092.5,4491.69500,0
1717917420000,0.4939,0.4940,0.4938,0.4939,94940.5,1717917479999,46891.14827,103,3772.8,1863.52546,0
1717917480000,0.4938,0.4939,0.4938,0.4938,6056.4,1717917539999,2990.91619,28,2658.7,1313.13193,0
1717917540000,0.4939,0.4939,0.4938,0.4938,3614.3,1717917599999,1784.96406,34,2227.2,1100.01408,0
1717917600000,0.4939,0.4940,0.4939,0.4940,88424.5,1717917659999,43673.19350,91,85766.4,42360.35791,0
1717917660000,0.4940,0.4940,0.4939,0.4939,14460.4,1717917719999,7143.03051,57,10389.5,5132.41300,0
1717917720000,0.4940,0.4940,0.4938,0.4938,140875.6,1717917779999,69579.03689,120,6887.3,3402.32489,0
1717917780000,0.4938,0.4939,0.4938,0.4939,58631.0,1717917839999,28956.91928,57,49314.8,24356.57972,0
1717917840000,0.4939,0.4939,0.4938,0.4939,6481.7,1717917899999,3201.11001,29,4465.5,2205.51045,0
1717917900000,0.4939,0.4939,0.4938,0.4939,5528.2,1717917959999,2730.21517,47,3900.1,1926.25939,0
1717917960000,0.4939,0.4939,0.4938,0.4939,20268.2,1717918019999,10008.89283,48,4556.7,2250.55413,0
1717918020000,0.4938,0.4938,0.4936,0.4936,113407.7,1717918079999,55997.31015,153,2852.9,1408.54253,0
1717918080000,0.4937,0.4937,0.4936,0.4936,101551.0,1717918139999,50129.50534,91,39317.4,19411.00038,0
1717918140000,0.4936,0.4938,0.4936,0.4938,83539.7,1717918199999,41243.57429,90,57712.0,28492.73036,0
1717918200000,0.4938,0.4939,0.4937,0.4939,153290.6,1717918259999,75697.10817,110,147524.1,72849.83836,0
1717918260000,0.4939,0.4939,0.4938,0.4939,10293.0,1717918319999,5083.59277,44,9093.7,4491.37843,0
1717918320000,0.4939,0.4945,0.4939,0.4942,1707874.1,1717918379999,844174.09832,1463,987176.1,487955.19541,0
1717918380000,0.4942,0.4942,0.4939,0.4940,138286.6,1717918439999,68327.17564,135,33589.5,16599.09592,0
1717918440000,0.4940,0.4941,0.4940,0.4940,136067.7,1717918499999,67218.42264,79,135448.7,66912.63664,0
1717918500000,0.4941,0.4941,0.4940,0.4941,8478.8,1717918559999,4189.13756,45,6103.6,3015.78876,0
1717918560000,0.4941,0.4944,0.4939,0.4944,455133.4,1717918619999,224891.59403,283,362663.5,179208.89348,0
1717918620000,0.4944,0.4944,0.4942,0.4942,178558.9,1717918679999,88262.28357,129,100095.6,49477.93919,0
1717918680000,0.4943,0.4944,0.4943,0.4944,78695.5,1717918739999,38899.75163,80,51916.6,25662.94136,0
1717918740000,0.4944,0.4944,0.4943,0.4943,56320.1,1717918799999,27843.37378,49,43483.5,21498.24240,0
1717918800000,0.4944,0.4944,0.4943,0.4943,26728.2,1717918859999,13212.05282,56,3035.6,1500.80064,0
1717918860000,0.4943,0.4944,0.4943,0.4944,55037.7,1717918919999,27206.48682,96,13517.1,6682.85424,0
1717918920000,0.4943,0.4944,0.4943,0.4943,8560.8,1717918979999,4232.13332,59,5298.8,2619.72672,0
1717918980000,0.4943,0.4944,0.4943,0.4944,14658.5,1717919039999,7246.86845,48,11719.0,5793.87360,0
1717919040000,0.4944,0.4944,0.4943,0.4944,81657.0,1717919099999,40369.02963,64,59745.3,29538.07632,0
1717919100000,0.4943,0.4944,0.4937,0.4938,1018843.7,1717919159999,503352.50713,509,148065.3,73122.97061,0
1717919160000,0.4939,0.4943,0.4939,0.4942,259884.6,1717919219999,128394.54679,147,225335.4,111321.31320,0
1717919220000,0.4943,0.4943,0.4940,0.4941,247463.8,1717919279999,122290.41733,152,46377.4,22924.23286,0
1717919280000,0.4941,0.4941,0.4939,0.4940,39607.2,1717919339999,19565.61660,74,11413.6,5638.32687,0
1717919340000,0.4939,0.4940,0.4939,0.4939,205880.1,1717919399999,101694.49878,129,103173.9,50967.90660,0
1717919400000,0.4940,0.4940,0.4938,0.4939,82634.6,1717919459999,40814.56243,108,13838.4,6836.14356,0
1717919460000,0.4939,0.4939,0.4937,0.4937,54421.9,1717919519999,26874.18009,99,17310.3,8548.50871,0
1717919520000,0.4937,0.4939,0.4937,0.4939,214795.9,1717919579999,106067.88399,130,145193.7,71698.33834,0
1717919580000,0.4939,0.4939,0.4937,0.4938,181319.8,1717919639999,89536.48832,156,64859.7,32032.12749,0
1717919640000,0.4938,0.4938,0.4935,0.4937,748864.2,1717919699999,369662.72648,268,367682.5,181497.32475,0
1717919700000,0.4937,0.4938,0.4935,0.4936,255885.1,1717919759999,126315.85975,177,58967.5,29115.86572,0
1717919760000,0.4936,0.4937,0.4935,0.4936,119933.1,1717919819999,59198.46662,107,97404.7,48080.67980,0
1717919820000,0.4936,0.4938,0.4936,0.4938,216185.0,1717919879999,106739.32508,175,161723.0,79851.45464,0
1717919880000,0.4938,0.4940,0.4938,0.4940,120012.4,1717919939999,59279.55499,122,116150.0,57372.24029,0
1717919940000,0.4940,0.4940,0.4938,0.4939,75989.2,1717919999999,37531.09106,88,6312.7,3117.96439,0
1717920000000,0.4939,0.4939,0.4938,0.4939,49815.7,1717920059999,24600.50068,164,15080.2,7448.11078,0
1717920060000,0.4938,0.4939,0.4937,0.4938,115297.3,1717920119999,56934.65036,169,9804.6,4842.40044,0
1717920120000,0.4938,0.4938,0.4936,0.4936,91537.8,1717920179999,45190.22220,111,5470.2,2700.87264,0
1717920180000,0.4936,0.4937,0.4935,0.4936,114589.6,1717920239999,56561.76512,132,11707.9,5779.70274,0
1717920240000,0.4936,0.4936,0.4935,0.4935,45435.1,1717920299999,22425.37806,62,31562.1,15579.05256,0
1717920300000,0.4936,0.4939,0.4935,0.4938,611912.2,1717920359999,302100.56384,310,493118.4,243447.54437,0
1717920360000,0.4937,0.4939,0.4937,0.4938,86184.4,1717920419999,42557.55709,102,77882.3,38458.71358,0
1717920420000,0.4939,0.4939,0.4938,0.4939,52552.1,1717920479999,25955.30761,86,50806.3,25093.23157,0
1717920480000,0.4940,0.4940,0.4939,0.4940,35764.9,1717920539999,17666.43837,51,21542.6,10642.04440,0
1717920540000,0.4940,0.4940,0.4939,0.4939,30949.0,1717920599999,15287.72485,43,20137.5,9947.92500,0
1717920600000,0.4940,0.4940,0.4939,0.4939,11275.7,1717920659999,5569.65622,44,5879.9,2904.67060,0
1717920660000,0.4940,0.4942,0.4939,0.4942,428677.3,1717920719999,211775.62535,245,411141.3,203113.29096,0
1717920720000,0.4941,0.4942,0.4939,0.4940,301661.4,1717920779999,149036.67607,228,124696.2,61605.95880,0
1717920780000,0.4940,0.4942,0.4940,0.4941,130148.9,1717920839999,64307.14902,116,105652.2,52203.62172,0
1717920840000,0.4941,0.4941,0.4939,0.4941,138060.3,1717920899999,68205.77724,133,56669.8,27995.55621,0
1717920900000,0.4940,0.4941,0.4939,0.4940,65637.5,1717920959999,32424.53034,140,20807.9,10280.01274,0
1717920960000,0.4940,0.4942,0.4940,0.4942,161007.4,1717921019999,79552.20833,134,160117.2,79112.38662,0
1717921020000,0.4941,0.4942,0.4939,0.4941,167375.8,1717921079999,82693.55403,155,53067.7,26216.93965,0
1717921080000,0.4940,0.4941,0.4938,0.4939,96010.9,1717921139999,47425.68787,109,18656.2,9216.24997,0
1717921140000,0.4939,0.4939,0.4938,0.4939,38132.6,1717921199999,18831.88915,52,20112.7,9933.66253,0
1717921200000,0.4938,0.4939,0.4938,0.4939,21165.5,1717921259999,10452.92150,54,13976.0,6902.74640,0
1717921260000,0.4939,0.4939,0.4938,0.4938,10246.0,1717921319999,5059.88501,43,4102.1,2026.02719,0
1717921320000,0.4939,0.4940,0.4938,0.4940,200152.6,1717921379999,98858.88897,101,138392.4,68355.63518,0
1717921380000,0.4940,0.4940,0.4939,0.4940,13351.7,1717921439999,6595.28945,30,8848.2,4371.01080,0
1717921440000,0.4940,0.4940,0.4938,0.4938,59461.3,1717921499999,29367.58908,104,8053.6,3977.77216,0
1717921500000,0.4938,0.4939,0.4938,0.4939,14457.6,1717921559999,7139.91279,40,7499.1,3703.80549,0
1717921560000,0.4938,0.4938,0.4937,0.4938,69408.7,1717921619999,34273.50694,90,15257.1,7533.95598,0
1717921620000,0.4937,0.4939,0.4937,0.4938,158338.8,1717921679999,78187.18743,82,137706.9,68001.20237,0
1717921680000,0.4938,0.4939,0.4938,0.4938,22689.5,1717921739999,11204.63818,50,5630.8,2781.05212,0
1717921740000,0.4939,0.4939,0.4938,0.4938,56657.6,1717921799999,27978.81798,88,12951.0,6396.49890,0
1717921800000,0.4938,0.4940,0.4938,0.4940,73882.1,1717921859999,36493.42856,205,69815.2,34484.80141,0
1717921860000,0.4940,0.4942,0.4939,0.4942,54102.0,1717921919999,26729.39104,141,53284.0,26325.35828,0
1717921920000,0.4941,0.4942,0.4941,0.4942,9260.3,1717921979999,4576.04576,25,5315.3,2626.82126,0
1717921980000,0.4942,0.4942,0.4938,0.4939,347423.0,1717922039999,171622.42583,172,11745.6,5802.06776,0
1717922040000,0.4939,0.4939,0.4937,0.4937,25724.2,1717922099999,12702.52517,70,9223.3,4554.99111,0
1717922100000,0.4937,0.4938,0.4937,0.4938,32314.1,1717922159999,15954.96213,50,14909.6,7362.36048,0
1717922160000,0.4938,0.4938,0.4937,0.4937,6474.9,1717922219999,3197.09598,44,4378.5,2162.10330,0
1717922220000,0.4937,0.4939,0.4937,0.4939,170308.9,1717922279999,84101.24306,118,150030.1,74087.64552,0
1717922280000,0.4938,0.4939,0.4937,0.4938,78084.6,1717922339999,38558.30186,102,5942.1,2934.34423,0
1717922340000,0.4937,0.4938,0.4937,0.4938,10337.6,1717922399999,5104.63940,28,9662.8,4771.49064,0
1717922400000,0.4937,0.4939,0.4937,0.4938,29244.5,1717922459999,14440.78047,77,26758.5,13213.37322,0
1717922460000,0.4939,0.4940,0.4938,0.4940,34142.1,1717922519999,16863.49909,86,32743.7,16172.86615,0
1717922520000,0.4939,0.4940,0.4939,0.4939,30938.1,1717922579999,15281.01506,53,6874.7,3396.10180,0
1717922580000,0.4940,0.4940,0.4939,0.4939,78701.5,1717922639999,38871.12674,117,4558.9,2252.09660,0
1717922640000,0.4939,0.4939,0.4937,0.4937,32042.9,1717922699999,15822.24955,52,8315.9,4106.41360,0
1717922700000,0.4937,0.4940,0.4937,0.4939,174732.7,1717922759999,86293.76947,122,164182.2,81082.90452,0
1717922760000,0.4939,0.4940,0.4939,0.4939,24763.4,1717922819999,12230.96295,46,3196.9,1579.26860,0
1717922820000,0.4939,0.4940,0.4939,0.4940,147770.1,1717922879999,72998.41309,118,147607.0,72917.85800,0
1717922880000,0.4940,0.4941,0.4940,0.4940,40196.7,1717922939999,19857.60726,61,38112.6,18828.06186,0
1717922940000,0.4941,0.4941,0.4940,0.4941,11837.4,1717922999999,5848.42037,49,7447.7,3679.90857,0
1717923000000,0.4940,0.4941,0.4940,0.4941,16332.6,1717923059999,8069.80915,77,15047.5,7434.96975,0
1717923060000,0.4941,0.4943,0.4940,0.4942,158199.1,1717923119999,78172.44857,174,150807.2,74519.55295,0
1717923120000,0.4942,0.4943,0.4940,0.4942,519018.7,1717923179999,256473.61202,273,189206.1,93500.85044,0
1717923180000,0.4941,0.4942,0.4941,0.4942,56183.9,1717923239999,27765.29060,61,48256.1,23848.16462,0
1717923240000,0.4941,0.4942,0.4941,0.4941,34323.5,1717923299999,16961.53770,57,22963.5,11348.56170,0
1717923300000,0.4942,0.4942,0.4941,0.4941,12891.7,1717923359999,6370.33846,73,5494.9,2715.57958,0
1717923360000,0.4941,0.4942,0.4941,0.4942,6885.1,1717923419999,3402.47041,46,5425.0,2681.03500,0
1717923420000,0.4942,0.4943,0.4941,0.4942,48441.1,1717923479999,23939.94634,87,45100.4,22289.12969,0
1717923480000,0.4943,0.4944,0.4941,0.4942,206812.8,1717923539999,102226.15652,250,97783.5,48337.27323,0
1717923540000,0.4941,0.4942,0.4941,0.4942,36676.9,1717923599999,18124.92497,58,28686.8,14177.01656,0
1717923600000,0.4942,0.4943,0.4941,0.4941,121699.6,1717923659999,60143.96151,202,51397.1,25401.36794,0
1717923660000,0.4941,0.4943,0.4941,0.4942,112275.6,1717923719999,55487.65748,127,55916.1,27634.83871,0
1717923720000,0.4941,0.4942,0.4940,0.4941,70374.4,1717923779999,34769.80594,102,16703.4,8253.16846,0
1717923780000,0.4941,0.4942,0.4940,0.4941,131869.4,1717923839999,65157.17788,128,96500.3,47681.38993,0
1717923840000,0.4941,0.4942,0.4940,0.4942,36491.5,1717923899999,18030.55909,53,30568.8,15104.26852,0
1717923900000,0.4941,0.4942,0.4941,0.4942,27409.4,1717923959999,13543.77484,33,7903.0,3905.66260,0
1717923960000,0.4942,0.4944,0.4942,0.4943,137197.6,1717924019999,67819.18924,144,129477.2,64003.36035,0
1717924020000,0.4943,0.4944,0.4943,0.4943,24726.7,1717924079999,12223.71762,52,13098.1,6475.70064,0
1717924080000,0.4943,0.4944,0.4943,0.4944,24585.1,1717924139999,12153.54036,46,11254.3,5564.12592,0
1717924140000,0.4943,0.4945,0.4943,0.4944,198287.5,1717924199999,98048.62883,141,186318.6,92131.20817,0
1717924200000,0.4944,0.4945,0.4944,0.4944,103636.8,1717924259999,51241.49751,102,34635.9,17127.45255,0
1717924260000,0.4944,0.4945,0.4944,0.4945,35618.6,1717924319999,17612.77770,42,29418.6,14547.49770,0
1717924320000,0.4945,0.4945,0.4944,0.4944,41900.2,1717924379999,20718.52453,66,30656.5,15159.63925,0
1717924380000,0.4944,0.4945,0.4944,0.4944,21296.2,1717924439999,10529.51693,47,6756.5,3341.08925,0
1717924440000,0.4944,0.4945,0.4944,0.4945,64237.8,1717924499999,31763.05566,76,38873.4,19222.89630,0
1717924500000,0.4945,0.4945,0.4944,0.4944,44163.5,1717924559999,21836.27052,78,18361.2,9079.61340,0
1717924560000,0.4945,0.4945,0.4943,0.4943,181229.5,1717924619999,89595.61457,122,19346.1,9564.78916,0
1717924620000,0.4944,0.4945,0.4943,0.4944,143674.9,1717924679999,71035.29242,91,114279.8,56503.02308,0
1717924680000,0.4944,0.4946,0.4944,0.4946,159746.5,1717924739999,78996.32092,171,140325.5,69394.57489,0
1717924740000,0.4946,0.4946,0.4943,0.4943,105007.7,1717924799999,51919.91571,106,9331.7,4614.83078,0
1717924800000,0.4943,0.4946,0.4943,0.4946,147887.2,1717924859999,73120.15080,99,122667.7,60653.91336,0
1717924860000,0.4945,0.4946,0.4943,0.4943,213259.2,1717924919999,105444.89387,135,17731.5,8768.26829,0
1717924920000,0.4943,0.4944,0.4943,0.4944,61114.6,1717924979999,30211.59386,36,26470.8,13087.16352,0
1717924980000,0.4944,0.4944,0.4943,0.4944,43814.8,1717925039999,21659.38497,42,17293.3,8549.80752,0
1717925040000,0.4943,0.4944,0.4943,0.4944,103212.7,1717925099999,51027.34660,74,93089.9,46023.64656,0
1717925100000,0.4944,0.4944,0.4943,0.4944,29968.0,1717925159999,14815.23430,52,20519.0,10144.59360,0
1717925160000,0.4944,0.4944,0.4942,0.4942,224218.0,1717925219999,110831.45581,158,40252.8,19899.24111,0
1717925220000,0.4943,0.4945,0.4943,0.4944,160121.9,1717925279999,79158.29965,134,108696.5,53733.62685,0
1717925280000,0.4943,0.4944,0.4943,0.4943,34018.1,1717925339999,16816.65800,46,15111.7,7471.22448,0
1717925340000,0.4943,0.4944,0.4943,0.4944,46736.3,1717925399999,23102.07328,58,3201.9,1583.01936,0
1717925400000,0.4943,0.4944,0.4943,0.4944,10558.5,1717925459999,5219.53396,56,4674.1,2310.87504,0
1717925460000,0.4944,0.4944,0.4943,0.4944,48785.5,1717925519999,24118.93721,60,42645.6,21083.98464,0
1717925520000,0.4944,0.4944,0.4943,0.4944,17862.9,1717925579999,8830.90288,49,12714.1,6285.85104,0
1717925580000,0.4943,0.4944,0.4943,0.4944,44265.5,1717925639999,21881.90784,46,14711.9,7273.56336,0
1717925640000,0.4944,0.4945,0.4943,0.4944,73757.4,1717925699999,36465.69072,74,53378.0,26390.49034,0
1717925700000,0.4944,0.4944,0.4943,0.4944,261674.4,1717925759999,129368.16025,146,27965.5,13826.14320,0
1717925760000,0.4944,0.4945,0.4943,0.4945,102344.9,1717925819999,50600.17384,59,88395.9,43703.93933,0
1717925820000,0.4944,0.4945,0.4944,0.4944,82172.9,1717925879999,40630.97656,59,46948.0,23215.78600,0
1717925880000,0.4944,0.4945,0.4944,0.4944,108810.4,1717925939999,53798.28418,103,24224.2,11978.86690,0
1717925940000,0.4944,0.4945,0.4944,0.4944,67934.6,1717925999999,33592.99388,30,61276.4,30301.17980,0
1717926000000,0.4944,0.4945,0.4944,0.4945,74532.2,1717926059999,36850.57321,67,18535.3,9165.70585,0
1717926060000,0.4945,0.4945,0.4944,0.4945,26455.6,1717926119999,13080.54704,50,8984.0,4442.58800,0
1717926120000,0.4944,0.4945,0.4944,0.4944,33763.9,1717926179999,16694.89712,55,20249.6,10013.42720,0
1717926180000,0.4944,0.4944,0.4942,0.4942,231335.5,1717926239999,114360.45153,139,35619.4,17606.66942,0
1717926240000,0.4943,0.4943,0.4942,0.4943,22701.5,1717926299999,11220.53295,189,14516.5,7175.50595,0
1717926300000,0.4943,0.4945,0.4942,0.4944,208967.7,1717926359999,103303.84085,162,200922.0,99326.36269,0
1717926360000,0.4945,0.4945,0.4944,0.4944,39819.2,1717926419999,19687.82138,50,12089.0,5978.01050,0
1717926420000,0.4944,0.4945,0.4944,0.4944,84555.3,1717926479999,41806.80712,55,26668.0,13187.32600,0
1717926480000,0.4944,0.4948,0.4944,0.4948,1075200.7,1717926539999,531791.32238,493,920845.4,455450.87325,0
1717926540000,0.4947,0.4949,0.4946,0.4948,647052.2,1717926599999,320137.19483,339,227960.0,112794.18506,0
1717926600000,0.4947,0.4948,0.4945,0.4945,301457.6,1717926659999,149109.24533,212,20274.4,10029.60762,0
1717926660000,0.4945,0.4947,0.4945,0.4946,49585.5,1717926719999,24525.62068,114,40890.9,20225.69139,0
1717926720000,0.4946,0.4947,0.4945,0.4945,167765.7,1717926779999,82973.36294,162,48423.1,23950.08545,0
1717926780000,0.4945,0.4946,0.4945,0.4945,24026.5,1717926839999,11882.83062,75,17263.7,8538.62602,0
1717926840000,0.4945,0.4947,0.4945,0.4946,119690.8,1717926899999,59200.97516,119,61604.5,30472.46557,0
1717926900000,0.4947,0.4948,0.4946,0.4947,81284.3,1717926959999,40211.43560,102,74221.1,36717.27576,0
1717926960000,0.4948,0.4948,0.4946,0.4946,305215.9,1717927019999,150984.52157,162,38536.8,19064.16096,0
1717927020000,0.4946,0.4947,0.4946,0.4946,50744.6,1717927079999,25101.72413,66,34449.7,17042.26659,0
1717927080000,0.4946,0.4948,0.4946,0.4947,120318.1,1717927139999,59522.33580,79,97688.1,48327.28437,0
1717927140000,0.4948,0.4948,0.4947,0.4948,28093.6,1717927199999,13898.47249,77,5685.7,2813.28436,0
1717927200000,0.4947,0.4948,0.4947,0.4948,82354.3,1717927259999,40745.33817,191,46659.6,23087.17008,0
1717927260000,0.4947,0.4949,0.4945,0.4945,475778.2,1717927319999,235392.73263,376,253414.9,125387.10927,0
1717927320000,0.4946,0.4947,0.4946,0.4946,101565.0,1717927379999,50235.01870,98,81187.0,40156.05990,0
1717927380000,0.4946,0.4947,0.4945,0.4946,105647.2,1717927439999,52251.83069,139,17781.9,8795.14506,0
1717927440000,0.4945,0.4946,0.4945,0.4945,53660.8,1717927499999,26537.93369,67,26680.9,13196.37314,0
1717927500000,0.4945,0.4947,0.4945,0.4947,186849.4,1717927559999,92403.12488,196,54800.8,27105.05522,0
1717927560000,0.4947,0.4948,0.4946,0.4946,97338.8,1717927619999,48154.22644,167,43570.3,21555.09623,0
1717927620000,0.4946,0.4947,0.4945,0.4946,92713.8,1717927679999,45856.68373,97,15347.3,7591.24026,0
1717927680000,0.4946,0.4947,0.4946,0.4947,115403.9,1717927739999,57079.69228,80,90586.7,44805.10516,0
1717927740000,0.4946,0.4948,0.4946,0.4947,77899.9,1717927799999,38537.22973,103,71766.1,35502.87034,0
1717927800000,0.4947,0.4947,0.4946,0.4947,96275.0,1717927859999,47626.29319,88,22847.0,11302.41090,0
1717927860000,0.4946,0.4948,0.4946,0.4947,297573.7,1717927919999,147215.26065,195,158916.2,78621.42222,0
1717927920000,0.4947,0.4949,0.4947,0.4948,307056.1,1717927979999,151936.59458,153,300665.4,148775.08682,0
1717927980000,0.4948,0.4950,0.4948,0.4949,138580.2,1717928039999,68583.60742,212,90462.5,44771.11435,0
1717928040000,0.4948,0.4949,0.4947,0.4947,164579.6,1717928099999,81426.90234,112,26793.9,13258.38752,0
1717928100000,0.4947,0.4948,0.4947,0.4948,36284.9,1717928159999,17952.64519,76,25051.6,12395.53168,0
1717928160000,0.4947,0.4948,0.4947,0.4948,71918.5,1717928219999,35581.36437,69,32824.2,16241.41416,0
1717928220000,0.4947,0.4948,0.4947,0.4947,7397.7,1717928279999,3659.87833,40,2361.4,1168.42072,0
1717928280000,0.4947,0.4948,0.4947,0.4947,25270.7,1717928339999,12502.86075,39,14454.6,7152.13608,0
1717928340000,0.4948,0.4948,0.4947,0.4947,37205.0,1717928399999,18406.34346,56,10299.6,5096.24208,0
1717928400000,0.4947,0.4948,0.4946,0.4946,84804.1,1717928459999,41952.95819,101,14868.5,7356.09683,0
1717928460000,0.4946,0.4947,0.4946,0.4947,43879.8,1717928519999,21705.68409,62,27350.1,13530.09447,0
1717928520000,0.4947,0.4947,0.4946,0.4947,27525.7,1717928579999,13614.80203,31,5908.1,2922.73707,0
1717928580000,0.4946,0.4947,0.4945,0.4945,109446.3,1717928639999,54132.21077,164,13223.0,6540.68827,0
1717928640000,0.4945,0.4946,0.4945,0.4945,21364.7,1717928699999,10564.95995,22,1158.0,572.74680,0
1717928700000,0.4945,0.4947,0.4945,0.4946,237109.9,1717928759999,117273.38137,119,187241.8,92612.11855,0
1717928760000,0.4946,0.4947,0.4946,0.4947,54192.5,1717928819999,26807.14582,71,35353.2,17489.22804,0
1717928820000,0.4947,0.4948,0.4946,0.4948,93936.2,1717928879999,46474.86262,144,78265.8,38722.84686,0
1717928880000,0.4947,0.4948,0.4947,0.4947,12676.2,1717928939999,6271.05896,36,1428.2,706.67336,0
1717928940000,0.4947,0.4948,0.4946,0.4946,102470.1,1717928999999,50691.96825,107,5641.4,2790.87516,0
1717929000000,0.4946,0.4947,0.4946,0.4947,53590.4,1717929059999,26509.09146,74,32796.2,16224.28014,0
1717929060000,0.4946,0.4947,0.4946,0.4947,36457.1,1717929119999,18033.86905,51,21873.9,10821.01833,0
1717929120000,0.4946,0.4947,0.4946,0.4946,13329.0,1717929179999,6593.54369,34,10202.9,5047.37463,0
1717929180000,0.4947,0.4947,0.4946,0.4946,11724.6,1717929239999,5799.29927,41,3121.1,1544.00817,0
1717929240000,0.4946,0.4949,0.4946,0.4948,123671.1,1717929299999,61188.13115,185,116572.9,57676.14325,0
1717929300000,0.4948,0.4950,0.4948,0.4950,303867.6,1717929359999,150394.96176,162,281465.3,139309.21209,0
1717929360000,0.4950,0.4950,0.4949,0.4950,136743.1,1717929419999,67676.38235,145,22221.6,10999.69200,0
1717929420000,0.4949,0.4950,0.4948,0.4949,112433.8,1717929479999,55642.36893,113,42980.6,21273.34740,0
1717929480000,0.4948,0.4950,0.4948,0.4949,219314.6,1717929539999,108540.99679,122,196421.3,97211.43725,0
1717929540000,0.4950,0.4950,0.4949,0.4949,88080.3,1717929599999,43597.19016,77,62496.9,30935.96550,0
1717929600000,0.4949,0.4951,0.4949,0.4951,60236.1,1717929659999,29815.33034,166,44139.6,21849.12283,0
1717929660000,0.4950,0.4950,0.4948,0.4948,283529.2,1717929719999,140330.27885,234,25751.2,12746.20039,0
1717929720000,0.4949,0.4949,0.4948,0.4948,34146.5,1717929779999,16896.40729,61,7190.9,3558.77641,0
1717929780000,0.4948,0.4948,0.4947,0.4947,68265.6,1717929839999,33777.37081,115,28081.7,13894.82516,0
1717929840000,0.4947,0.4948,0.4947,0.4948,15770.4,1717929899999,7801.90741,51,2905.3,1437.54244,0
1717929900000,0.4947,0.4948,0.4947,0.4947,24136.2,1717929959999,11940.57775,119,3996.1,1977.27028,0
1717929960000,0.4947,0.4948,0.4947,0.4948,75381.4,1717930019999,37292.32037,113,11417.9,5649.57692,0
1717930020000,0.4947,0.4948,0.4947,0.4948,18993.5,1717930079999,9396.23948,64,1550.3,767.08844,0
1717930080000,0.4947,0.4948,0.4947,0.4947,15864.1,1717930139999,7848.13924,48,1689.7,836.06356,0
1717930140000,0.4947,0.4948,0.4947,0.4947,16646.7,1717930199999,8236.54374,29,14212.5,7032.34500,0
1717930200000,0.4947,0.4949,0.4947,0.4949,150631.4,1717930259999,74533.79790,141,114796.5,56802.69088,0
1717930260000,0.4948,0.4949,0.4947,0.4948,127236.3,1717930319999,62956.68306,136,23787.6,11770.35853,0
1717930320000,0.4948,0.4948,0.4946,0.4947,201574.7,1717930379999,99720.64983,121,115689.8,57234.02054,0
1717930380000,0.4947,0.4948,0.4947,0.4948,24724.0,1717930439999,12232.28677,49,13239.7,6551.00356,0
1717930440000,0.4947,0.4948,0.4947,0.4947,27451.0,1717930499999,13580.68697,44,6772.7,3351.13196,0
1717930500000,0.4947,0.4948,0.4946,0.4947,325770.2,1717930559999,161167.56259,200,237118.7,117311.78575,0
1717930560000,0.4947,0.4948,0.4947,0.4947,162871.4,1717930619999,80583.36868,145,108871.0,53869.37080,0
1717930620000,0.4948,0.4948,0.4945,0.4945,329075.0,1717930679999,162765.29312,146,46817.6,23156.68696,0
1717930680000,0.4945,0.4946,0.4945,0.4946,13863.3,1717930739999,6856.45437,43,10525.2,5205.76392,0
1717930740000,0.4946,0.4946,0.4945,0.4945,14420.0,1717930799999,7131.49647,42,8064.7,3988.80062,0
1717930800000,0.4945,0.4946,0.4944,0.4945,60205.3,1717930859999,29769.78446,241,10677.4,5280.47168,0
1717930860000,0.4944,0.4947,0.4944,0.4947,186380.9,1717930919999,92173.82305,203,166354.1,82270.27178,0
1717930920000,0.4947,0.4947,0.4946,0.4947,29119.6,1717930979999,14405.14403,88,25898.7,12812.08689,0
1717930980000,0.4946,0.4947,0.4946,0.4947,41881.4,1717931039999,20717.63321,65,30927.7,15299.93319,0
1717931040000,0.4947,0.4947,0.4945,0.4945,130286.8,1717931099999,64439.14212,153,11280.5,5579.40926,0
1717931100000,0.4945,0.4946,0.4945,0.4946,26275.0,1717931159999,12994.04574,50,10582.4,5234.05504,0
1717931160000,0.4945,0.4946,0.4944,0.4945,154394.9,1717931219999,76345.60998,259,27745.8,13721.47608,0
1717931220000,0.4944,0.4946,0.4944,0.4944,249596.8,1717931279999,123423.24105,188,77063.1,38107.96231,0
1717931280000,0.4944,0.4945,0.4943,0.4944,68217.1,1717931339999,33726.44582,112,4149.1,2051.71452,0
1717931340000,0.4943,0.4944,0.4943,0.4943,32422.4,1717931399999,16027.23231,92,8399.9,4152.91056,0
1717931400000,0.4944,0.4945,0.4943,0.4945,131707.1,1717931459999,65114.83999,207,85641.5,42342.58570,0
1717931460000,0.4945,0.4945,0.4943,0.4944,116691.5,1717931519999,57687.73894,124,14159.1,7000.65116,0
1717931520000,0.4943,0.4945,0.4943,0.4945,61469.6,1717931579999,30390.30681,87,57519.4,28437.69263,0
1717931580000,0.4944,0.4945,0.4944,0.4944,47720.9,1717931639999,23594.59910,74,13861.4,6854.46230,0
1717931640000,0.4945,0.4945,0.4944,0.4945,28065.6,1717931699999,13876.55887,56,9262.3,4580.20735,0
1717931700000,0.4944,0.4946,0.4943,0.4946,294349.3,1717931759999,145544.31784,380,235085.2,116244.08405,0
1717931760000,0.4946,0.4947,0.4945,0.4947,33767.4,1717931819999,16701.88292,198,25634.6,12679.58157,0
1717931820000,0.4947,0.4947,0.4946,0.4946,28327.1,1717931879999,14012.08614,60,15024.8,7432.76856,0
1717931880000,0.4946,0.4947,0.4946,0.4946,19131.5,1717931939999,9463.31268,37,8727.8,4317.64266,0
1717931940000,0.4946,0.4947,0.4946,0.4946,8245.2,1717931999999,4078.56262,42,4867.0,2407.70490,0
1717932000000,0.4947,0.4947,0.4946,0.4947,19580.7,1717932059999,9686.05774,39,14435.2,7141.09344,0
1717932060000,0.4946,0.4947,0.4945,0.4945,68823.7,1717932119999,34040.65424,114,10533.3,5210.31596,0
1717932120000,0.4946,0.4946,0.4944,0.4945,110872.5,1717932179999,54827.48079,102,19455.7,9621.99533,0
1717932180000,0.4945,0.4945,0.4944,0.4945,21954.0,1717932239999,10855.47251,42,14149.1,6996.72995,0
1717932240000,0.4944,0.4945,0.4944,0.4944,15373.1,1717932299999,7601.07687,43,6162.3,3047.25735,0
1717932300000,0.4944,0.4946,0.4944,0.4945,88145.9,1717932359999,43590.45805,136,47069.7,23278.45158,0
1717932360000,0.4946,0.4948,0.4946,0.4948,191873.7,1717932419999,94909.39783,168,158846.3,78570.74305,0
1717932420000,0.4947,0.4948,0.4947,0.4947,34512.6,1717932479999,17076.67060,56,32873.8,16265.95624,0
1717932480000,0.4947,0.4948,0.4947,0.4947,14687.9,1717932539999,7267.34287,53,12387.4,6129.28552,0
1717932540000,0.4947,0.4948,0.4947,0.4947,77245.3,1717932599999,38214.59872,80,13488.1,6673.91188,0
1717932600000,0.4947,0.4948,0.4946,0.4946,87031.5,1717932659999,43054.86588,131,9587.8,4743.61020,0
1717932660000,0.4946,0.4946,0.4945,0.4945,94192.3,1717932719999,46581.91472,110,8331.8,4120.90828,0
1717932720000,0.4945,0.4947,0.4945,0.4947,89568.1,1717932779999,44302.08928,85,88362.1,43705.60964,0
1717932780000,0.4947,0.4947,0.4924,0.4938,6408876.3,1717932839999,3163438.24718,2523,1738947.0,858139.32679,0
1717932840000,0.4938,0.4939,0.4937,0.4939,177260.5,1717932899999,87538.98025,144,158697.4,78372.63971,0
1717932900000,0.4939,0.4940,0.4938,0.4939,214697.8,1717932959999,106035.89602,157,150691.9,74426.72965,0
1717932960000,0.4939,0.4940,0.4939,0.4939,37740.9,1717933019999,18642.30669,62,20761.8,10256.32920,0
1717933020000,0.4939,0.4943,0.4939,0.4942,703155.0,1717933079999,347440.76836,408,570796.5,282038.61956,0
1717933080000,0.4941,0.4942,0.4941,0.4942,130718.8,1717933139999,64597.47021,99,93111.3,46015.60446,0
1717933140000,0.4942,0.4942,0.4940,0.4942,194720.1,1717933199999,96211.33798,169,86467.1,42724.20423,0
1717933200000,0.4941,0.4943,0.4940,0.4942,142850.7,1717933259999,70587.64400,182,103160.5,50976.79794,0
1717933260000,0.4942,0.4944,0.4942,0.4944,61668.4,1717933319999,30481.63330,100,49068.0,24254.51030,0
1717933320000,0.4944,0.4944,0.4943,0.4944,114903.2,1717933379999,56801.26906,126,46173.0,22827.93120,0
1717933380000,0.4943,0.4944,0.4942,0.4943,253085.1,1717933439999,125101.37001,156,123160.8,60880.21031,0
1717933440000,0.4943,0.4944,0.4943,0.4944,151797.9,1717933499999,75048.57518,113,148732.1,73533.15024,0
1717933500000,0.4944,0.4944,0.4942,0.4942,213977.9,1717933559999,105769.11245,160,87752.7,43378.32987,0
1717933560000,0.4942,0.4945,0.4942,0.4943,769530.5,1717933619999,380461.01747,326,689401.0,340849.29983,0
1717933620000,0.4943,0.4944,0.4943,0.4944,37649.7,1717933679999,18613.52131,68,32746.0,16189.62240,0
1717933680000,0.4943,0.4945,0.4943,0.4943,73771.7,1717933739999,36473.20236,143,46271.2,22877.04100,0
1717933740000,0.4943,0.4943,0.4942,0.4942,65457.0,1717933799999,32351.88866,109,11616.1,5741.83823,0
1717933800000,0.4943,0.4944,0.4942,0.4944,167345.1,1717933859999,82720.46828,153,154142.3,76195.03559,0
1717933860000,0.4944,0.4945,0.4943,0.4944,180567.8,1717933919999,89273.99466,169,48762.2,24109.55629,0
1717933920000,0.4943,0.4944,0.4943,0.4943,42836.8,1717933979999,21177.36203,70,31317.9,15483.56976,0
1717933980000,0.4944,0.4944,0.4943,0.4944,41965.6,1717934039999,20745.90621,60,23101.3,11421.28272,0
1717934040000,0.4943,0.4944,0.4943,0.4943,24499.0,1717934099999,12111.04359,45,11878.9,5872.92816,0
1717934100000,0.4943,0.4945,0.4943,0.4944,176256.8,1717934159999,87142.56717,165,167019.8,82575.93080,0
1717934160000,0.4945,0.4945,0.4944,0.4945,8643.6,1717934219999,4273.97752,45,5816.8,2876.40760,0
1717934220000,0.4944,0.4945,0.4943,0.4944,159230.9,1717934279999,78724.90242,132,19875.9,9827.92254,0
1717934280000,0.4943,0.4943,0.4942,0.4942,183952.2,1717934339999,90923.72232,118,14205.5,7021.77865,0
1717934340000,0.4942,0.4943,0.4942,0.4943,49088.7,1717934399999,24262.78105,89,31455.1,15548.25593,0
1717934400000,0.4942,0.4943,0.4942,0.4943,54503.1,1717934459999,26936.58848,175,11564.6,5716.38178,0
1717934460000,0.4943,0.4943,0.4941,0.4941,146824.2,1717934519999,72560.74788,155,12323.8,6091.65069,0
1717934520000,0.4941,0.4942,0.4941,0.4942,154060.1,1717934579999,76122.26622,136,11708.1,5786.14302,0
1717934580000,0.4941,0.4943,0.4941,0.4942,101130.1,1717934639999,49980.83461,187,88652.6,43814.49702,0
1717934640000,0.4942,0.4943,0.4941,0.4941,131834.6,1717934699999,65147.47343,166,13468.1,6655.94078,0
1717934700000,0.4941,0.4941,0.4938,0.4938,354224.7,1717934759999,174967.03652,322,120169.7,59360.19452,0
1717934760000,0.4939,0.4939,0.4934,0.4937,1127236.1,1717934819999,556426.52238,471,461242.0,227705.92413,0
1717934820000,0.4937,0.4940,0.4936,0.4939,602272.9,1717934879999,297355.68088,265,246526.0,121721.82230,0
1717934880000,0.4939,0.4940,0.4938,0.4940,139997.8,1717934939999,69146.72222,148,66386.5,32790.65504,0
1717934940000,0.4940,0.4940,0.4939,0.4940,50628.6,1717934999999,25007.17388,79,17083.4,8439.19960,0
1717935000000,0.4939,0.4940,0.4939,0.4939,147895.2,1717935059999,73059.75865,155,143193.7,70737.68780,0
1717935060000,0.4939,0.4942,0.4939,0.4942,104221.5,1717935119999,51486.92930,187,71533.9,35342.06908,0
1717935120000,0.4942,0.4942,0.4940,0.4940,167181.5,1717935179999,82604.43635,123,91410.2,45166.20641,0
1717935180000,0.4940,0.4941,0.4940,0.4940,34161.7,1717935239999,16877.75282,72,18730.2,9254.59182,0
1717935240000,0.4941,0.4941,0.4940,0.4941,33314.5,1717935299999,16458.29025,81,9272.5,4581.54225,0
1717935300000,0.4941,0.4941,0.4940,0.4940,42888.4,1717935359999,21190.88577,82,40161.7,19843.89597,0
1717935360000,0.4940,0.4943,0.4940,0.4943,99651.9,1717935419999,49244.62092,197,96398.1,47636.94176,0
1717935420000,0.4943,0.4943,0.4941,0.4943,223354.4,1717935479999,110382.27701,171,59433.7,29373.66121,0
1717935480000,0.4942,0.4943,0.4942,0.4942,31922.7,1717935539999,15777.93694,67,17386.0,8593.89980,0
1717935540000,0.4942,0.4943,0.4942,0.4942,15752.2,1717935599999,7786.03270,70,12954.6,6403.45878,0
1717935600000,0.4943,0.4944,0.4942,0.4944,61379.6,1717935659999,30341.82036,105,52942.9,26171.64873,0
1717935660000,0.4943,0.4944,0.4943,0.4943,95477.8,1717935719999,47203.68940,165,90128.6,44559.57984,0
1717935720000,0.4944,0.4945,0.4943,0.4945,150585.5,1717935779999,74453.26584,179,133433.7,65973.52077,0
1717935780000,0.4945,0.4945,0.4944,0.4945,63348.3,1717935839999,31323.94667,118,45471.5,22485.65675,0
1717935840000,0.4945,0.4945,0.4943,0.4943,61717.5,1717935899999,30513.20262,107,17569.5,8686.78468,0
1717935900000,0.4943,0.4945,0.4943,0.4945,46813.6,1717935959999,23144.61722,110,44956.7,22226.75155,0
1717935960000,0.4945,0.4945,0.4943,0.4943,60004.6,1717936019999,29665.63874,80,27238.7,13466.81772,0
1717936020000,0.4944,0.4944,0.4942,0.4943,151501.2,1717936079999,74883.01231,149,51794.2,25601.90003,0
1717936080000,0.4942,0.4943,0.4942,0.4942,18797.4,1717936139999,9290.20229,97,5272.1,2605.99903,0
1717936140000,0.4943,0.4943,0.4942,0.4942,49126.2,1717936199999,24279.58004,70,14120.0,6979.51600,0
1717936200000,0.4942,0.4945,0.4942,0.4944,159166.2,1717936259999,78683.16527,156,153601.4,75931.99125,0
1717936260000,0.4944,0.4945,0.4944,0.4945,32302.4,1717936319999,15973.01661,50,27100.5,13401.19725,0
1717936320000,0.4945,0.4947,0.4944,0.4947,399618.4,1717936379999,197643.35769,273,342975.8,169628.66457,0
1717936380000,0.4946,0.4950,0.4946,0.4949,299926.5,1717936439999,148390.21649,298,205581.3,101719.57569,0
1717936440000,0.4949,0.4951,0.4949,0.4950,329522.9,1717936499999,163105.10137,263,183575.0,90871.26992,0
1717936500000,0.4950,0.4951,0.4947,0.4948,378408.9,1717936559999,187257.18875,241,36448.8,18035.01852,0
1717936560000,0.4948,0.4950,0.4947,0.4950,439297.4,1717936619999,217398.63875,344,287142.5,142102.98168,0
1717936620000,0.4950,0.4951,0.4949,0.4950,189332.6,1717936679999,93720.89912,184,75581.4,37414.46941,0
1717936680000,0.4950,0.4951,0.4950,0.4950,154054.1,1717936739999,76260.12321,170,149948.0,74227.60371,0
1717936740000,0.4950,0.4954,0.4950,0.4953,862868.3,1717936799999,427323.66871,517,690667.7,342057.17455,0
1717936800000,0.4954,0.4956,0.4953,0.4955,357454.3,1717936859999,177090.73657,378,147317.2,72989.85925,0
1717936860000,0.4955,0.4956,0.4954,0.4956,395353.4,1717936919999,195903.70719,312,161624.9,80094.95761,0
1717936920000,0.4956,0.4958,0.4955,0.4958,402879.3,1717936979999,199678.75622,367,246035.7,121947.74383,0
1717936980000,0.4957,0.4961,0.4956,0.4959,1074116.4,1717937039999,532641.85942,673,575894.2,285609.94133,0
1717937040000,0.4959,0.4960,0.4955,0.4959,1320589.0,1717937099999,654672.63403,500,610370.8,302628.45129,0
1717937100000,0.4958,0.4959,0.4956,0.4958,441310.5,1717937159999,218788.63724,258,176785.4,87648.96262,0
1717937160000,0.4958,0.4965,0.4958,0.4964,1400545.5,1717937219999,694996.07109,1002,387373.0,192234.48509,0
1717937220000,0.4964,0.4964,0.4960,0.4961,760414.6,1717937279999,377313.92476,411,210196.5,104293.65899,0
1717937280000,0.4960,0.4965,0.4960,0.4964,251443.8,1717937339999,124780.42602,252,154159.5,76501.99404,0
1717937340000,0.4964,0.4965,0.4961,0.4962,440086.7,1717937399999,218413.71936,411,74791.8,37116.92962,0
1717937400000,0.4962,0.4966,0.4962,0.4964,536547.9,1717937459999,266358.41284,477,219332.6,108886.90123,0
1717937460000,0.4965,0.4966,0.4961,0.4961,784731.9,1717937519999,389525.82404,458,188769.1,93706.60176,0
1717937520000,0.4962,0.4966,0.4962,0.4966,547100.1,1717937579999,271619.87833,337,445628.9,221249.43322,0
1717937580000,0.4966,0.4968,0.4965,0.4968,336140.0,1717937639999,166959.52325,460,261906.9,130094.95167,0
1717937640000,0.4967,0.4971,0.4967,0.4969,1037903.4,1717937699999,515745.89686,551,600587.5,298455.55236,0
1717937700000,0.4969,0.4970,0.4965,0.4967,479433.4,1717937759999,238137.17951,360,183484.6,91138.80449,0
1717937760000,0.4967,0.4969,0.4966,0.4967,343730.8,1717937819999,170746.37473,238,74846.0,37184.15342,0
1717937820000,0.4967,0.4968,0.4966,0.4968,228546.9,1717937879999,113524.28683,200,156805.4,77892.38306,0
1717937880000,0.4967,0.4968,0.4964,0.4965,477629.3,1717937939999,237181.06257,295,150760.3,74873.24179,0
1717937940000,0.4965,0.4966,0.4964,0.4966,122741.6,1717937999999,60942.52392,174,73508.5,36498.85260,0
1717938000000,0.4965,0.4968,0.4965,0.4968,205527.6,1717938059999,102082.31792,273,142041.0,70549.18541,0
1717938060000,0.4968,0.4970,0.4967,0.4968,557182.6,1717938119999,276828.62460,379,316028.9,157017.00004,0
1717938120000,0.4969,0.4969,0.4965,0.4966,340809.5,1717938179999,169257.59749,233,138173.5,68632.31370,0
1717938180000,0.4966,0.4968,0.4966,0.4966,255255.1,1717938239999,126792.87079,239,143311.7,71190.87954,0
1717938240000,0.4967,0.4967,0.4960,0.4963,658412.8,1717938299999,326739.37603,435,187149.6,92855.01774,0
1717938300000,0.4962,0.4963,0.4958,0.4962,677162.1,1717938359999,335897.00661,543,249185.5,123609.65862,0
1717938360000,0.4962,0.4964,0.4960,0.4964,332059.8,1717938419999,164780.14895,313,143736.4,71337.08885,0
1717938420000,0.4964,0.4965,0.4962,0.4965,325970.3,1717938479999,161789.25493,246,201445.1,99988.26501,0
1717938480000,0.4964,0.4965,0.4963,0.4963,134913.9,1717938539999,66970.10757,139,30093.6,14940.06419,0
1717938540000,0.4963,0.4963,0.4961,0.4962,109467.2,1717938599999,54321.04454,136,32692.9,16225.12999,0
1717938600000,0.4961,0.4964,0.4961,0.4962,227984.7,1717938659999,113133.61401,213,132645.5,65822.17639,0
1717938660000,0.4962,0.4965,0.4962,0.4964,287798.8,1717938719999,142852.55006,243,157481.4,78166.54452,0
1717938720000,0.4963,0.4964,0.4960,0.4962,435077.7,1717938779999,215867.85663,366,86740.6,43043.33926,0
1717938780000,0.4961,0.4963,0.4961,0.4961,155040.1,1717938839999,76929.21501,171,96679.2,47972.69843,0
1717938840000,0.4961,0.4964,0.4961,0.4964,313704.7,1717938899999,155686.18567,171,203668.9,101077.24431,0
1717938900000,0.4963,0.4964,0.4958,0.4959,406685.6,1717938959999,201717.60925,306,127390.6,63183.69193,0
1717938960000,0.4959,0.4960,0.4955,0.4955,817580.1,1717939019999,405284.84207,441,183399.7,90903.18909,0
1717939020000,0.4956,0.4956,0.4952,0.4954,385606.2,1717939079999,191020.82929,362,163969.9,81229.24972,0
1717939080000,0.4955,0.4959,0.4954,0.4957,201955.3,1717939139999,100107.03450,241,103632.1,51362.39520,0
1717939140000,0.4957,0.4961,0.4957,0.4961,257275.9,1717939199999,127580.91887,234,222167.0,110174.54034,0
1717939200000,0.4961,0.4962,0.4958,0.4960,520897.1,1717939259999,258371.11884,316,357619.0,177387.55982,0
1717939260000,0.4960,0.4961,0.4956,0.4959,495982.5,1717939319999,245897.52340,386,299750.2,148608.41024,0
1717939320000,0.4958,0.4964,0.4958,0.4962,512425.6,1717939379999,254294.22760,399,261908.6,129959.41303,0
1717939380000,0.4963,0.4964,0.4962,0.4964,312370.5,1717939439999,155040.20434,222,232888.2,115593.32483,0
1717939440000,0.4963,0.4966,0.4963,0.4965,212503.4,1717939499999,105505.03451,208,149359.0,74157.97981,0
1717939500000,0.4965,0.4965,0.4960,0.4960,241651.8,1717939559999,119928.63266,260,44240.7,21954.93336,0
1717939560000,0.4960,0.4963,0.4960,0.4963,419544.9,1717939619999,208176.46585,328,320137.6,158853.24501,0
1717939620000,0.4962,0.4963,0.4960,0.4962,187931.5,1717939679999,93237.38230,180,91554.5,45424.34495,0
1717939680000,0.4963,0.4964,0.4960,0.4960,431212.9,1717939739999,213955.65291,250,122322.7,60701.26332,0
1717939740000,0.4960,0.4962,0.4960,0.4962,34568.1,1717939799999,17149.88499,45,32448.4,16098.30294,0
1717939800000,0.4961,0.4962,0.4958,0.4958,343390.5,1717939859999,170319.70262,272,61894.0,30694.64641,0
1717939860000,0.4958,0.4960,0.4954,0.4957,518735.3,1717939919999,257134.21627,422,188921.2,93643.28610,0
1717939920000,0.4957,0.4958,0.4951,0.4953,580502.6,1717939979999,287593.18098,455,243009.0,120398.41885,0
1717939980000,0.4952,0.4956,0.4951,0.4956,626698.8,1717940039999,310386.55280,307,285041.5,141202.11376,0
1717940040000,0.4955,0.4955,0.4952,0.4954,381504.7,1717940099999,188992.13810,256,101711.4,50385.61584,0
1717940100000,0.4953,0.4956,0.4953,0.4956,313270.6,1717940159999,155215.03427,244,180166.4,89266.36068,0
1717940160000,0.4956,0.4957,0.4954,0.4954,451359.4,1717940219999,223681.95025,244,139174.6,68977.92966,0
1717940220000,0.4955,0.4956,0.4953,0.4955,149449.5,1717940279999,74038.06845,129,81218.3,40239.68509,0
1717940280000,0.4955,0.4956,0.4954,0.4954,69711.6,1717940339999,34541.44641,113,13216.3,6548.83372,0
1717940340000,0.4955,0.4955,0.4952,0.4953,281696.6,1717940399999,139539.60785,194,189604.5,93923.16875,0
1717940400000,0.4954,0.4956,0.4953,0.4955,362693.8,1717940459999,179702.11938,230,229548.1,113737.00793,0
1717940460000,0.4954,0.4956,0.4953,0.4954,257433.4,1717940519999,127549.65700,256,170094.6,84278.22268,0
1717940520000,0.4954,0.4956,0.4953,0.4955,187548.1,1717940579999,92919.94174,165,146031.0,72349.62036,0
1717940580000,0.4954,0.4955,0.4953,0.4954,124033.1,1717940639999,61446.75313,155,71001.8,35175.50754,0
1717940640000,0.4955,0.4956,0.4953,0.4955,139064.4,1717940699999,68895.90440,186,101642.2,50357.40180,0
1717940700000,0.4955,0.4956,0.4953,0.4956,198218.2,1717940759999,98214.12234,253,129187.8,64012.78793,0
1717940760000,0.4957,0.4960,0.4955,0.4959,386659.3,1717940819999,191700.97911,319,150126.5,74426.45780,0
1717940820000,0.4958,0.4961,0.4958,0.4960,746746.5,1717940879999,370356.88080,385,289650.3,143663.31744,0
1717940880000,0.4959,0.4961,0.4956,0.4956,329817.3,1717940939999,163536.18624,251,108816.5,53951.97560,0
1717940940000,0.4956,0.4957,0.4955,0.4957,138987.8,1717940999999,68884.74268,147,50892.6,25225.89552,0
1717941000000,0.4956,0.4958,0.4956,0.4957,203810.1,1717941059999,101020.81946,161,42601.3,21117.76997,0
1717941060000,0.4956,0.4957,0.4953,0.4953,398734.6,1717941119999,197535.96447,314,71212.1,35281.18649,0
1717941120000,0.4953,0.4955,0.4953,0.4954,90812.1,1717941179999,44989.75270,105,70826.7,35089.98807,0
1717941180000,0.4954,0.4955,0.4952,0.4952,177871.4,1717941239999,88105.81516,180,45060.8,22319.12506,0
1717941240000,0.4952,0.4954,0.4952,0.4954,50740.1,1717941299999,25132.71174,63,46996.7,23278.60869,0
1717941300000,0.4953,0.4954,0.4952,0.4953,120920.7,1717941359999,59891.92542,114,38811.1,19223.23464,0
1717941360000,0.4953,0.4955,0.4952,0.4953,376394.6,1717941419999,186453.10938,224,228660.0,113275.68264,0
1717941420000,0.4952,0.4954,0.4952,0.4954,75281.6,1717941479999,37287.05333,93,61863.4,30642.07904,0
1717941480000,0.4954,0.4954,0.4952,0.4953,124036.0,1717941539999,61434.46353,139,64251.0,31823.68982,0
1717941540000,0.4952,0.4953,0.4951,0.4952,59226.7,1717941599999,29328.85010,125,8270.0,4095.59143,0
1717941600000,0.4951,0.4952,0.4950,0.4950,274798.4,1717941659999,136053.85013,320,70235.6,34779.71435,0
1717941660000,0.4950,0.4951,0.4950,0.4950,126245.6,1717941719999,62493.71331,190,21413.1,10601.62581,0
1717941720000,0.4951,0.4952,0.4950,0.4950,261378.0,1717941779999,129407.50676,204,167804.9,83080.40079,0
1717941780000,0.4950,0.4955,0.4950,0.4955,330264.3,1717941839999,163574.46319,312,308503.1,152800.46413,0
1717941840000,0.4955,0.4955,0.4952,0.4953,311615.6,1717941899999,154385.01443,257,74406.4,36867.65599,0
1717941900000,0.4952,0.4953,0.4950,0.4950,69733.6,1717941959999,34526.17235,155,11623.0,5754.72153,0
1717941960000,0.4950,0.4952,0.4949,0.4950,284083.3,1717942019999,140640.90068,333,134797.8,66738.19992,0
1717942020000,0.4950,0.4951,0.4949,0.4950,105730.9,1717942079999,52336.24901,170,66672.7,33003.25911,0
1717942080000,0.4949,0.4952,0.4949,0.4952,314375.6,1717942139999,155642.45361,166,308438.6,152704.13287,0
1717942140000,0.4952,0.4953,0.4950,0.4952,260528.6,1717942199999,128998.65977,225,138318.3,68488.97477,0
1717942200000,0.4952,0.4953,0.4951,0.4952,92860.3,1717942259999,45986.08917,129,36453.8,18053.73833,0
1717942260000,0.4953,0.4953,0.4949,0.4950,215919.0,1717942319999,106899.66511,262,37830.1,18735.76709,0
1717942320000,0.4949,0.4951,0.4949,0.4950,159035.4,1717942379999,78716.37986,161,95613.8,47329.01574,0
1717942380000,0.4950,0.4951,0.4949,0.4949,71388.6,1717942439999,35336.80366,141,11800.5,5841.46213,0
1717942440000,0.4949,0.4950,0.4949,0.4950,61120.0,1717942499999,30249.28190,115,9939.0,4919.80500,0
1717942500000,0.4950,0.4953,0.4949,0.4952,226280.1,1717942559999,112038.58075,276,132486.0,65593.00212,0
1717942560000,0.4951,0.4952,0.4943,0.4946,2484173.2,1717942619999,1228956.68249,914,294794.9,145852.79121,0
1717942620000,0.4946,0.4947,0.4945,0.4947,260197.3,1717942679999,128697.68807,177,191434.2,94687.61250,0
1717942680000,0.4947,0.4950,0.4946,0.4949,261526.6,1717942739999,129410.66735,204,216297.9,107030.35165,0
1717942740000,0.4949,0.4949,0.4946,0.4947,498893.6,1717942799999,246833.54190,268,251880.8,124606.51392,0
1717942800000,0.4947,0.4948,0.4945,0.4946,237266.5,1717942859999,117361.40540,225,130566.6,64587.99304,0
1717942860000,0.4945,0.4948,0.4944,0.4948,887904.0,1717942919999,439209.47658,303,791203.5,391390.12158,0
1717942920000,0.4947,0.4948,0.4944,0.4945,204103.2,1717942979999,100955.28904,222,18466.7,9133.27279,0
1717942980000,0.4945,0.4945,0.4943,0.4943,176220.2,1717943039999,87125.06726,141,36950.1,18269.93192,0
1717943040000,0.4944,0.4946,0.4943,0.4945,123732.6,1717943099999,61175.97153,140,113678.2,56205.87444,0
1717943100000,0.4945,0.4947,0.4944,0.4947,263297.1,1717943159999,130209.62219,174,226536.0,112031.59483,0
1717943160000,0.4946,0.4947,0.4942,0.4943,470678.2,1717943219999,232714.82595,291,149251.6,73786.31816,0
1717943220000,0.4942,0.4942,0.4934,0.4936,2554677.9,1717943279999,1261528.48621,1078,1114759.8,550410.11684,0
1717943280000,0.4936,0.4943,0.4936,0.4942,775501.4,1717943339999,383093.39570,470,667421.4,329691.83911,0
1717943340000,0.4942,0.4943,0.4939,0.4939,263947.6,1717943399999,130432.25010,133,26261.5,12975.41786,0
1717943400000,0.4939,0.4940,0.4933,0.4936,893829.7,1717943459999,441271.25719,531,298767.4,147477.40950,0
1717943460000,0.4936,0.4940,0.4935,0.4940,387785.0,1717943519999,191474.96877,336,270057.5,133363.39224,0
1717943520000,0.4939,0.4941,0.4938,0.4941,257168.4,1717943579999,127033.41711,203,198313.8,97965.04069,0
1717943580000,0.4940,0.4943,0.4940,0.4943,192649.3,1717943639999,95195.59600,197,138289.0,68335.78872,0
1717943640000,0.4943,0.4946,0.4942,0.4944,425971.2,1717943699999,210612.77144,297,228186.3,112816.62698,0
1717943700000,0.4944,0.4946,0.4942,0.4943,995761.8,1717943759999,492315.76661,407,426944.1,211088.25390,0
1717943760000,0.4943,0.4948,0.4943,0.4946,416662.2,1717943819999,206093.63898,385,174360.9,86236.25821,0
1717943820000,0.4946,0.4946,0.4945,0.4946,31416.5,1717943879999,15537.05708,82,15978.3,7902.86718,0
1717943880000,0.4945,0.4947,0.4944,0.4947,203240.4,1717943939999,100522.52932,187,94837.1,46907.41895,0
1717943940000,0.4946,0.4947,0.4945,0.4946,94212.4,1717943999999,46595.88519,97,41633.9,20592.29548,0
1717944000000,0.4945,0.4946,0.4944,0.4945,161864.5,1717944059999,80042.82986,126,77715.3,38431.05722,0
1717944060000,0.4945,0.4946,0.4945,0.4945,30498.7,1717944119999,15082.87890,80,12717.5,6290.07550,0
1717944120000,0.4945,0.4947,0.4945,0.4947,215814.6,1717944179999,106746.22854,128,158346.3,78322.43620,0
1717944180000,0.4946,0.4947,0.4945,0.4945,209443.1,1717944239999,103598.80430,104,82810.8,40966.47680,0
1717944240000,0.4945,0.4948,0.4944,0.4946,611379.8,1717944299999,302394.92413,288,321793.8,159158.28024,0
1717944300000,0.4946,0.4948,0.4945,0.4945,256655.1,1717944359999,126946.86576,215,48976.3,24223.50918,0
1717944360000,0.4946,0.4946,0.4944,0.4944,113091.4,1717944419999,55922.67849,152,25793.1,12754.95412,0
1717944420000,0.4944,0.4948,0.4944,0.4948,245316.4,1717944479999,121334.99369,241,217034.6,107346.96147,0
1717944480000,0.4947,0.4950,0.4947,0.4950,417488.1,1717944539999,206602.73797,231,382718.4,189397.56283,0
1717944540000,0.4950,0.4950,0.4949,0.4950,137631.3,1717944599999,68120.99072,136,72603.5,35938.73250,0
1717944600000,0.4949,0.4950,0.4947,0.4947,94215.5,1717944659999,46622.35625,158,13137.0,6501.35858,0
1717944660000,0.4947,0.4948,0.4946,0.4946,78136.7,1717944719999,38653.24872,111,22967.1,11363.88333,0
1717944720000,0.4947,0.4948,0.4947,0.4947,93728.6,1717944779999,46368.79261,117,79321.3,39241.50130,0
1717944780000,0.4947,0.4948,0.4946,0.4947,94916.5,1717944839999,46953.08910,130,11676.6,5777.34819,0
1717944840000,0.4946,0.4949,0.4946,0.4949,151234.0,1717944899999,74827.01452,188,133510.0,66057.91746,0
1717944900000,0.4948,0.4950,0.4948,0.4950,90223.7,1717944959999,44656.29543,154,73947.6,36601.41470,0
1717944960000,0.4950,0.4950,0.4949,0.4950,34412.7,1717945019999,17032.77709,71,19318.6,9562.70700,0
1717945020000,0.4950,0.4950,0.4949,0.4949,34814.1,1717945079999,17230.62579,65,11277.0,5582.11500,0
1717945080000,0.4949,0.4950,0.4949,0.4949,21826.9,1717945139999,10803.14945,66,10166.4,5032.36800,0
1717945140000,0.4949,0.4950,0.4949,0.4950,8773.6,1717945199999,4342.47363,65,4189.9,2074.00050,0
1717945200000,0.4949,0.4950,0.4947,0.4947,232816.2,1717945259999,115212.48307,291,10569.1,5230.47522,0
1717945260000,0.4948,0.4950,0.4947,0.4949,272898.6,1717945319999,135041.27383,233,258569.7,127951.05084,0
1717945320000,0.4949,0.4950,0.4947,0.4947,64812.5,1717945379999,32072.90473,137,18726.1,9266.62691,0
1717945380000,0.4947,0.4950,0.4947,0.4949,278055.0,1717945439999,137605.83745,272,192431.3,95231.67289,0
1717945440000,0.4948,0.4949,0.4948,0.4949,23095.6,1717945499999,11429.31111,84,16082.3,7959.13027,0
1717945500000,0.4949,0.4950,0.4948,0.4950,136034.3,1717945559999,67324.54928,167,65553.0,32443.65505,0
1717945560000,0.4950,0.4950,0.4949,0.4949,88877.2,1717945619999,43992.50400,156,71777.2,35529.71400,0
1717945620000,0.4950,0.4950,0.4949,0.4950,54509.1,1717945679999,26981.37087,134,48172.8,23845.53600,0
1717945680000,0.4950,0.4953,0.4950,0.4953,426866.0,1717945739999,211357.19307,371,401571.8,198834.28343,0
1717945740000,0.4952,0.4953,0.4949,0.4950,272724.6,1717945799999,135029.39205,244,108726.3,53827.78961,0
1717945800000,0.4950,0.4951,0.4950,0.4950,125475.7,1717945859999,62117.02623,116,65547.3,32452.46823,0
1717945860000,0.4950,0.4954,0.4950,0.4954,164897.9,1717945919999,81657.34836,280,157337.6,77914.76502,0
1717945920000,0.4954,0.4954,0.4951,0.4952,433361.2,1717945979999,214606.89173,274,176167.7,87231.28249,0
1717945980000,0.4952,0.4952,0.4950,0.4951,53530.8,1717946039999,26502.64170,157,29446.5,14579.23452,0
1717946040000,0.4951,0.4952,0.4951,0.4952,15031.4,1717946099999,7442.71859,65,6724.5,3329.97240,0
1717946100000,0.4952,0.4953,0.4951,0.4953,65589.5,1717946159999,32479.65109,152,60871.5,30143.76460,0
1717946160000,0.4952,0.4954,0.4952,0.4953,197861.2,1717946219999,98001.67601,123,190495.8,94353.63497,0
1717946220000,0.4954,0.4955,0.4954,0.4955,65080.0,1717946279999,32242.81995,120,55880.4,27685.33811,0
1717946280000,0.4955,0.4956,0.4954,0.4955,315473.5,1717946339999,156323.49009,269,160326.6,79448.89081,0
1717946340000,0.4954,0.4956,0.4954,0.4955,259341.5,1717946399999,128511.45204,153,237729.4,117803.13693,0
1717946400000,0.4954,0.4955,0.4951,0.4952,500207.9,1717946459999,247704.84297,291,62254.8,30832.98556,0
1717946460000,0.4952,0.4955,0.4951,0.4953,262717.3,1717946519999,130126.95726,237,183178.2,90731.54386,0
1717946520000,0.4953,0.4954,0.4951,0.4952,366139.3,1717946579999,181316.85391,256,235467.2,116606.87680,0
1717946580000,0.4952,0.4953,0.4950,0.4951,174789.7,1717946639999,86551.07793,151,88997.3,44071.98014,0
1717946640000,0.4950,0.4951,0.4948,0.4948,105007.8,1717946699999,51975.52432,144,22131.6,10954.59670,0
1717946700000,0.4949,0.4949,0.4946,0.4946,120837.8,1717946759999,59783.53354,167,62840.9,31092.55271,0
1717946760000,0.4946,0.4949,0.4944,0.4949,511563.8,1717946819999,252987.96662,363,242874.0,120129.34579,0
1717946820000,0.4948,0.4950,0.4948,0.4949,59347.9,1717946879999,29372.72672,112,49706.5,24601.21078,0
1717946880000,0.4949,0.4949,0.4947,0.4947,77580.4,1717946939999,38387.48368,133,6706.9,3318.88948,0
1717946940000,0.4948,0.4949,0.4947,0.4949,112615.4,1717946999999,55722.96668,143,99791.1,49377.56715,0
1717947000000,0.4948,0.4950,0.4948,0.4950,108183.7,1717947059999,53541.88445,138,55495.3,27466.40246,0
1717947060000,0.4950,0.4950,0.4948,0.4949,103623.8,1717947119999,51284.10301,152,66181.3,32753.89619,0
1717947120000,0.4949,0.4951,0.4948,0.4948,154515.7,1717947179999,76479.06792,201,77924.9,38569.78370,0
1717947180000,0.4948,0.4949,0.4947,0.4947,59836.3,1717947239999,29609.54897,96,26682.8,13205.26299,0
1717947240000,0.4947,0.4948,0.4946,0.4947,190671.2,1717947299999,94325.38447,146,102640.2,50776.60435,0
1717947300000,0.4948,0.4949,0.4947,0.4948,301887.4,1717947359999,149373.21094,211,171668.8,84941.97795,0
1717947360000,0.4949,0.4949,0.4947,0.4948,142366.1,1717947419999,70442.69003,108,77264.3,38230.71180,0
1717947420000,0.4947,0.4948,0.4947,0.4947,73571.8,1717947479999,36402.88140,69,69119.4,34200.27912,0
1717947480000,0.4947,0.4948,0.4946,0.4947,85564.8,1717947539999,42328.74144,99,9411.3,4656.46182,0
1717947540000,0.4946,0.4947,0.4946,0.4947,44156.6,1717947599999,21841.84968,68,19953.2,9870.84804,0
1717947600000,0.4946,0.4947,0.4946,0.4946,22671.4,1717947659999,11214.05912,89,7846.8,3881.81196,0
1717947660000,0.4946,0.4948,0.4945,0.4947,189956.5,1717947719999,93966.06134,289,152610.7,75494.83174,0
1717947720000,0.4948,0.4949,0.4947,0.4947,99480.6,1717947779999,49221.68651,133,46198.8,22859.59857,0
1717947780000,0.4947,0.4948,0.4946,0.4947,39638.0,1717947839999,19609.43380,86,13340.2,6599.94470,0
1717947840000,0.4946,0.4947,0.4946,0.4946,56212.3,1717947899999,27804.26731,60,16637.3,8230.47231,0
1717947900000,0.4946,0.4947,0.4946,0.4947,28981.3,1717947959999,14335.72543,70,15744.5,7788.80415,0
1717947960000,0.4946,0.4949,0.4946,0.4948,207719.5,1717948019999,102771.75154,233,177430.6,87786.00568,0
1717948020000,0.4948,0.4948,0.4947,0.4948,24167.7,1717948079999,11956.50230,59,7411.1,3667.01228,0
1717948080000,0.4948,0.4952,0.4947,0.4952,189300.1,1717948139999,93692.16753,249,186989.4,92548.46097,0
1717948140000,0.4952,0.4953,0.4950,0.4950,132933.6,1717948199999,65822.13569,169,50003.1,24760.69864,0
1717948200000,0.4950,0.4951,0.4950,0.4950,34131.0,1717948259999,16895.55067,62,7056.7,3493.77217,0
1717948260000,0.4950,0.4952,0.4950,0.4952,327864.3,1717948319999,162318.06675,234,251611.6,124572.97578,0
1717948320000,0.4951,0.4952,0.4950,0.4950,32992.6,1717948379999,16335.39081,101,11122.6,5507.59735,0
1717948380000,0.4950,0.4953,0.4950,0.4952,264876.5,1717948439999,131165.90605,192,224417.2,111131.22969,0
1717948440000,0.4951,0.4952,0.4951,0.4952,48395.7,1717948499999,23963.52932,65,28182.5,13955.97400,0
1717948500000,0.4952,0.4952,0.4949,0.4951,201913.1,1717948559999,99958.89125,208,88411.3,43767.68410,0
1717948560000,0.4951,0.4951,0.4949,0.4951,178411.4,1717948619999,88319.36174,173,61277.9,30333.01703,0
1717948620000,0.4950,0.4952,0.4950,0.4951,59327.7,1717948679999,29373.66653,78,43299.2,21438.06404,0
1717948680000,0.4952,0.4952,0.4951,0.4951,35423.0,1717948739999,17539.42044,51,14931.4,7394.02928,0
1717948740000,0.4951,0.4952,0.4950,0.4951,43464.8,1717948799999,21519.04874,125,6604.1,3269.72063,0
1717948800000,0.4950,0.4952,0.4950,0.4950,163360.4,1717948859999,80879.44957,203,102064.7,50532.53308,0
1717948860000,0.4951,0.4951,0.4949,0.4950,141194.6,1717948919999,69892.73156,218,98921.2,48967.42938,0
1717948920000,0.4950,0.4952,0.4949,0.4950,192374.4,1717948979999,95244.00126,203,131874.8,65293.92183,0
1717948980000,0.4949,0.4950,0.4948,0.4948,87920.9,1717949039999,43510.46339,132,6299.1,3117.47970,0
1717949040000,0.4949,0.4951,0.4947,0.4951,327350.0,1717949099999,161989.58365,265,276716.9,136936.13034,0
1717949100000,0.4951,0.4951,0.4949,0.4950,141837.6,1717949159999,70206.76569,156,26308.4,13023.82799,0
1717949160000,0.4950,0.4953,0.4949,0.4953,185469.8,1717949219999,91823.63902,268,178998.0,88620.52323,0
1717949220000,0.4952,0.4952,0.4948,0.4950,154242.9,1717949279999,76351.74659,207,45959.6,22747.92368,0
1717949280000,0.4950,0.4951,0.4949,0.4950,91952.4,1717949339999,45516.46462,120,51256.9,25373.21805,0
1717949340000,0.4950,0.4951,0.4949,0.4951,125574.1,1717949399999,62159.95002,155,121387.8,60087.96611,0
1717949400000,0.4951,0.4951,0.4948,0.4948,188605.4,1717949459999,93345.46893,149,115091.6,56961.69295,0
1717949460000,0.4949,0.4951,0.4948,0.4951,180661.7,1717949519999,89424.69208,201,149375.9,73938.34894,0
1717949520000,0.4950,0.4951,0.4949,0.4951,108956.3,1717949579999,53933.81518,180,51654.4,25569.44418,0
1717949580000,0.4951,0.4951,0.4949,0.4950,59714.2,1717949639999,29560.15895,111,17011.4,8422.27578,0
1717949640000,0.4950,0.4950,0.4949,0.4950,32924.8,1717949699999,16296.35019,68,18666.7,9240.01650,0
1717949700000,0.4950,0.4953,0.4949,0.4951,230660.5,1717949759999,114202.11309,465,123932.9,61354.58825,0
1717949760000,0.4951,0.4955,0.4951,0.4954,289193.6,1717949819999,143252.69992,277,259748.8,128668.05783,0
1717949820000,0.4954,0.4955,0.4951,0.4952,149160.2,1717949879999,73877.35713,166,37995.9,18818.88286,0
1717949880000,0.4951,0.4953,0.4951,0.4953,34716.2,1717949939999,17191.15455,108,29140.7,14430.70085,0
1717949940000,0.4953,0.4953,0.4952,0.4952,36637.2,1717949999999,18146.28357,79,35421.3,17544.16989,0
1717950000000,0.4953,0.4953,0.4951,0.4952,89584.0,1717950059999,44363.51200,124,16376.0,8110.94295,0
1717950060000,0.4951,0.4952,0.4951,0.4952,123950.9,1717950119999,61375.66517,144,75745.8,37509.32016,0
1717950120000,0.4951,0.4954,0.4951,0.4954,193518.4,1717950179999,95837.43431,188,161821.7,80140.71915,0
1717950180000,0.4953,0.4954,0.4952,0.4953,77042.4,1717950239999,38158.35705,114,22381.2,11085.58094,0
1717950240000,0.4953,0.4954,0.4952,0.4954,43983.5,1717950299999,21786.17172,107,35886.9,17775.95295,0
1717950300000,0.4954,0.4954,0.4953,0.4954,91126.8,1717950359999,45139.55881,147,44547.7,22068.93058,0
1717950360000,0.4954,0.4954,0.4952,0.4952,131311.0,1717950419999,65030.65137,187,7123.4,3528.62419,0
1717950420000,0.4952,0.4953,0.4952,0.4952,49860.9,1717950479999,24692.85800,101,17403.2,8619.80496,0
1717950480000,0.4952,0.4953,0.4952,0.4953,36064.7,1717950539999,17862.50988,168,32704.4,16198.48932,0
1717950540000,0.4952,0.4954,0.4952,0.4954,97637.1,1717950599999,48361.14881,96,89610.8,44385.72252,0
1717950600000,0.4954,0.4955,0.4953,0.4955,82509.4,1717950659999,40877.08045,159,55609.7,27551.05898,0
1717950660000,0.4955,0.4956,0.4954,0.4956,177012.2,1717950719999,87711.20320,272,127069.8,62969.61352,0
1717950720000,0.4956,0.4959,0.4956,0.4959,290042.7,1717950779999,143781.68500,254,196188.1,97257.86745,0
1717950780000,0.4959,0.4959,0.4956,0.4958,430041.9,1717950839999,213231.92881,297,148300.3,73534.83917,0
1717950840000,0.4958,0.4959,0.4957,0.4959,270864.4,1717950899999,134288.33073,176,190748.9,94574.53145,0
1717950900000,0.4958,0.4959,0.4958,0.4959,64679.5,1717950959999,32071.07411,104,29780.1,14767.95159,0
1717950960000,0.4958,0.4959,0.4957,0.4958,161461.9,1717951019999,80053.34795,227,55312.4,27425.10717,0
1717951020000,0.4959,0.4960,0.4958,0.4960,114684.5,1717951079999,56873.13878,132,37100.5,18399.57490,0
1717951080000,0.4960,0.4960,0.4958,0.4959,159275.3,1717951139999,78978.93813,117,47071.5,23343.01033,0
1717951140000,0.4958,0.4959,0.4958,0.4959,19914.5,1717951199999,9874.23449,60,6253.9,3101.30901,0
1717951200000,0.4958,0.4960,0.4958,0.4960,171150.6,1717951259999,84875.12292,177,161424.6,80052.96604,0
1717951260000,0.4960,0.4961,0.4959,0.4960,209548.1,1717951319999,103925.60613,217,68101.1,33778.57619,0
1717951320000,0.4960,0.4960,0.4957,0.4959,148221.2,1717951379999,73491.43584,146,51713.6,25640.40751,0
1717951380000,0.4959,0.4959,0.4958,0.4959,39088.8,1717951439999,19383.56918,52,33421.4,16573.67226,0
1717951440000,0.4959,0.4959,0.4958,0.4959,19749.4,1717951499999,9792.54547,75,7929.5,3932.23905,0
1717951500000,0.4958,0.4961,0.4958,0.4960,78762.9,1717951559999,39063.11243,169,72877.0,36144.02525,0
1717951560000,0.4960,0.4961,0.4960,0.4961,154495.4,1717951619999,76636.39078,204,66723.8,33101.67718,0
1717951620000,0.4960,0.4961,0.4959,0.4960,82956.1,1717951679999,41144.36179,124,4953.4,2457.06134,0
1717951680000,0.4959,0.4960,0.4959,0.4960,73577.4,1717951739999,36489.39330,84,23606.4,11708.77440,0
1717951740000,0.4959,0.4960,0.4959,0.4960,76168.0,1717951799999,37774.67125,111,29600.5,14681.84800,0
1717951800000,0.4960,0.4961,0.4957,0.4958,150810.3,1717951859999,74793.55676,186,10658.1,5286.31985,0
1717951860000,0.4957,0.4959,0.4957,0.4959,234393.0,1717951919999,116211.96394,171,89048.3,44155.99796,0
1717951920000,0.4958,0.4959,0.4958,0.4958,85835.4,1717951979999,42559.60898,123,24176.6,11989.17594,0
1717951980000,0.4957,0.4958,0.4957,0.4958,18932.0,1717952039999,9385.86334,45,12709.4,6301.32052,0
1717952040000,0.4958,0.4959,0.4957,0.4958,164105.1,1717952099999,81366.07710,111,112458.0,55763.85149,0
1717952100000,0.4958,0.4960,0.4957,0.4957,226034.4,1717952159999,112070.80984,168,18878.4,9360.70201,0
1717952160000,0.4958,0.4959,0.4957,0.4957,90338.4,1717952219999,44789.77068,128,21129.8,10476.34236,0
1717952220000,0.4958,0.4959,0.4957,0.4958,89256.0,1717952279999,44257.63709,74,81820.0,40570.86996,0
1717952280000,0.4959,0.4960,0.4958,0.4959,114407.4,1717952339999,56735.30726,130,49687.8,24641.07975,0
1717952340000,0.4960,0.4960,0.4958,0.4960,111298.8,1717952399999,55192.12222,143,58906.2,29212.18506,0
1717952400000,0.4960,0.4960,0.4959,0.4960,116373.4,1717952459999,57718.89256,234,93235.0,46244.56000,0
1717952460000,0.4959,0.4960,0.4957,0.4958,254714.3,1717952519999,126300.46040,241,16427.1,8146.30870,0
1717952520000,0.4958,0.4959,0.4957,0.4959,135934.6,1717952579999,67404.48596,171,121675.0,60335.05840,0
1717952580000,0.4958,0.4959,0.4958,0.4958,31478.2,1717952639999,15607.70515,84,8135.9,4034.59281,0
1717952640000,0.4959,0.4959,0.4958,0.4959,35513.9,1717952699999,17610.05773,102,22661.1,11237.63949,0
1717952700000,0.4959,0.4959,0.4958,0.4959,10609.8,1717952759999,5260.73798,62,3991.4,1979.33526,0
1717952760000,0.4959,0.4959,0.4958,0.4959,97985.3,1717952819999,48583.09577,154,19840.3,9838.80477,0
1717952820000,0.4959,0.4959,0.4956,0.4956,137824.3,1717952879999,68325.95446,161,22120.5,10966.93341,0
1717952880000,0.4956,0.4957,0.4956,0.4957,29880.0,1717952939999,14810.58102,68,20530.2,10176.82014,0
1717952940000,0.4957,0.4959,0.4956,0.4958,115421.0,1717952999999,57217.63391,171,109125.2,54096.71866,0
1717953000000,0.4959,0.4959,0.4957,0.4959,177092.4,1717953059999,87802.40362,191,35687.3,17694.14478,0
1717953060000,0.4959,0.4959,0.4958,0.4958,126575.5,1717953119999,62763.16710,167,70342.0,34882.59780,0
1717953120000,0.4959,0.4960,0.4958,0.4959,39259.5,1717953179999,19469.77305,81,35067.7,17391.06202,0
1717953180000,0.4959,0.4960,0.4959,0.4959,42198.8,1717953239999,20928.76782,138,23829.0,11819.18400,0
1717953240000,0.4959,0.4960,0.4959,0.4959,32081.4,1717953299999,15909.92262,74,7563.6,3751.54560,0
1717953300000,0.4959,0.4960,0.4957,0.4958,146292.4,1717953359999,72543.19723,235,45533.1,22579.16890,0
1717953360000,0.4958,0.4960,0.4958,0.4959,213552.2,1717953419999,105895.13595,190,73967.2,36681.70734,0
1717953420000,0.4958,0.4959,0.4958,0.4958,45652.4,1717953479999,22636.07231,71,16123.9,7995.84201,0
1717953480000,0.4959,0.4959,0.4957,0.4959,272133.2,1717953539999,134928.75173,214,148746.4,73754.35039,0
1717953540000,0.4958,0.4960,0.4958,0.4960,72746.5,1717953599999,36075.87436,133,27002.0,13391.81186,0
1717953600000,0.4959,0.4959,0.4958,0.4959,37908.0,1717953659999,18795.91163,74,4347.4,2155.87566,0
1717953660000,0.4959,0.4959,0.4957,0.4957,98390.5,1717953719999,48783.46408,158,24816.0,12306.10719,0
1717953720000,0.4957,0.4959,0.4957,0.4958,59686.5,1717953779999,29591.28374,217,31149.1,15443.86697,0
1717953780000,0.4959,0.4959,0.4956,0.4957,87102.5,1717953839999,43181.09748,129,4875.1,2417.16737,0
1717953840000,0.4956,0.4957,0.4956,0.4956,89003.8,1717953899999,44112.18624,141,19029.6,9432.97272,0
1717953900000,0.4956,0.4957,0.4956,0.4956,220449.6,1717953959999,109256.53341,203,54695.6,27108.85101,0
1717953960000,0.4956,0.4957,0.4955,0.4955,182038.7,1717954019999,90215.27356,155,50733.6,25143.70067,0
1717954020000,0.4955,0.4957,0.4955,0.4956,115556.5,1717954079999,57272.62964,105,95209.3,47189.63285,0
1717954080000,0.4956,0.4957,0.4956,0.4956,28600.2,1717954139999,14175.62782,58,13687.0,6784.64590,0
1717954140000,0.4957,0.4957,0.4955,0.4955,82287.7,1717954199999,40777.31785,104,8460.4,4193.05972,0
1717954200000,0.4955,0.4958,0.4955,0.4957,129748.4,1717954259999,64305.21883,160,96317.6,47738.18263,0
1717954260000,0.4957,0.4957,0.4956,0.4956,89615.7,1717954319999,44419.09683,78,3723.1,1845.54067,0
1717954320000,0.4956,0.4957,0.4955,0.4956,115422.8,1717954379999,57196.49483,120,1541.4,763.93081,0
1717954380000,0.4955,0.4956,0.4954,0.4954,123008.6,1717954439999,60947.35708,179,34456.7,17073.32590,0
1717954440000,0.4954,0.4955,0.4954,0.4954,51213.1,1717954499999,25371.17871,67,2089.7,1035.44635,0
1717954500000,0.4954,0.4955,0.4952,0.4953,394679.0,1717954559999,195472.16105,385,21421.1,10614.05369,0
1717954560000,0.4952,0.4954,0.4952,0.4952,254888.4,1717954619999,126242.96163,233,145604.0,72118.64235,0
1717954620000,0.4952,0.4953,0.4952,0.4952,38536.9,1717954679999,19084.01565,60,5427.7,2688.33981,0
1717954680000,0.4953,0.4954,0.4952,0.4954,106310.7,1717954739999,52652.66355,115,50218.2,24873.07469,0
1717954740000,0.4953,0.4954,0.4953,0.4953,111892.8,1717954799999,55425.43049,68,49266.5,24406.62410,0
1717954800000,0.4954,0.4954,0.4953,0.4953,56446.3,1717954859999,27960.03469,99,21823.0,10811.11420,0
1717954860000,0.4953,0.4954,0.4953,0.4953,51755.8,1717954919999,25636.00835,88,13606.1,6740.46194,0
1717954920000,0.4953,0.4954,0.4953,0.4954,24522.2,1717954979999,12148.21779,39,23721.3,11751.53202,0
1717954980000,0.4953,0.4954,0.4953,0.4953,20175.4,1717955039999,9994.10194,50,12263.2,6075.18928,0
1717955040000,0.4953,0.4954,0.4953,0.4954,9110.4,1717955099999,4512.63591,71,2547.9,1262.22966,0
1717955100000,0.4953,0.4955,0.4953,0.4954,75476.3,1717955159999,37390.41030,161,61987.8,30709.42589,0
1717955160000,0.4955,0.4957,0.4954,0.4956,77172.5,1717955219999,38245.19350,200,75216.4,37275.94269,0
1717955220000,0.4956,0.4957,0.4956,0.4957,25064.3,1717955279999,12421.90954,57,424.6,210.47422,0
1717955280000,0.4957,0.4957,0.4956,0.4956,10759.3,1717955339999,5332.76113,45,4520.5,2240.81185,0
1717955340000,0.4957,0.4959,0.4957,0.4958,115403.4,1717955399999,57214.03874,138,74870.4,37117.78690,0
1717955400000,0.4958,0.4959,0.4956,0.4958,287803.0,1717955459999,142682.53985,295,119761.6,59371.65136,0
1717955460000,0.4958,0.4959,0.4956,0.4957,106767.5,1717955519999,52935.11927,132,20197.7,10015.04286,0
1717955520000,0.4956,0.4960,0.4956,0.4959,202318.5,1717955579999,100319.39802,140,192001.3,95205.19063,0
1717955580000,0.4959,0.4960,0.4958,0.4959,118599.9,1717955639999,58812.36786,98,17651.2,8753.24537,0
1717955640000,0.4959,0.4959,0.4958,0.4959,13556.4,1717955699999,6721.45810,35,1949.8,966.90582,0
1717955700000,0.4959,0.4960,0.4958,0.4959,17215.3,1717955759999,8536.89981,78,11781.3,5842.41723,0
1717955760000,0.4959,0.4960,0.4958,0.4959,125227.9,1717955819999,62097.23681,149,1974.6,979.24082,0
1717955820000,0.4958,0.4959,0.4958,0.4959,17113.4,1717955879999,8485.29887,69,4751.5,2356.26885,0
1717955880000,0.4958,0.4960,0.4958,0.4958,140994.8,1717955939999,69917.29875,129,108337.6,53725.35088,0
1717955940000,0.4958,0.4959,0.4958,0.4959,5584.9,1717955999999,2769.10477,53,1113.5,552.18465,0
1717956000000,0.4959,0.4959,0.4958,0.4958,57395.9,1717956059999,28459.50116,151,26139.4,12962.52846,0
1717956060000,0.4958,0.4960,0.4958,0.4958,149835.9,1717956119999,74303.88672,196,42888.8,21269.38534,0
1717956120000,0.4959,0.4959,0.4957,0.4957,148393.4,1717956179999,73574.09901,136,7344.7,3642.18457,0
1717956180000,0.4957,0.4959,0.4957,0.4959,64631.4,1717956239999,32044.22014,101,61068.9,30278.05134,0
1717956240000,0.4959,0.4959,0.4958,0.4958,17136.6,1717956299999,8496.93305,60,6067.7,3008.97243,0
1717956300000,0.4959,0.4960,0.4958,0.4960,113799.1,1717956359999,56432.16007,136,94250.2,46739.29807,0
1717956360000,0.4960,0.4961,0.4959,0.4961,117635.7,1717956419999,58346.89146,189,106393.7,52771.34448,0
1717956420000,0.4961,0.4961,0.4960,0.4961,23116.5,1717956479999,11467.48494,79,17009.4,8438.36334,0
1717956480000,0.4960,0.4963,0.4960,0.4963,132065.3,1717956539999,65528.02733,238,107340.7,53261.88780,0
1717956540000,0.4963,0.4964,0.4962,0.4964,108752.1,1717956599999,53977.14896,177,86690.3,43028.25964,0
1717956600000,0.4964,0.4964,0.4963,0.4964,99664.8,1717956659999,49472.38006,143,64971.3,32251.75332,0
1717956660000,0.4963,0.4965,0.4963,0.4964,151545.4,1717956719999,75220.31643,168,76609.5,38029.15122,0
1717956720000,0.4965,0.4965,0.4962,0.4963,361553.7,1717956779999,179447.15513,250,28708.6,14248.29602,0
1717956780000,0.4962,0.4963,0.4962,0.4963,57200.6,1717956839999,28383.71168,47,7739.6,3841.16348,0
1717956840000,0.4963,0.4963,0.4962,0.4963,6931.8,1717956899999,3439.81246,51,2533.0,1257.12790,0
1717956900000,0.4963,0.4963,0.4962,0.4963,12654.0,1717956959999,6279.54968,71,6348.8,3150.90944,0
1717956960000,0.4962,0.4963,0.4962,0.4963,112840.2,1717957019999,55991.87747,115,5702.3,2830.05149,0
1717957020000,0.4962,0.4963,0.4961,0.4962,122298.3,1717957079999,60683.79628,137,3473.7,1723.69609,0
1717957080000,0.4962,0.4962,0.4961,0.4962,26832.2,1717957139999,13313.22810,82,17736.8,8801.00016,0
1717957140000,0.4961,0.4962,0.4961,0.4962,166733.3,1717957199999,82718.12502,150,17348.9,8608.52418,0
1717957200000,0.4962,0.4962,0.4959,0.4962,195957.2,1717957259999,97207.97865,215,74030.5,36726.88383,0
1717957260000,0.4962,0.4963,0.4962,0.4963,172512.8,1717957319999,85609.30647,148,100610.3,49931.28597,0
1717957320000,0.4962,0.4962,0.4961,0.4962,36373.6,1717957379999,18048.13831,84,8568.4,4251.64008,0
1717957380000,0.4962,0.4963,0.4961,0.4963,32755.7,1717957439999,16253.83368,67,26387.4,13093.90460,0
1717957440000,0.4963,0.4963,0.4962,0.4962,37556.2,1717957499999,18638.36480,67,29783.6,14781.60068,0
1717957500000,0.4963,0.4963,0.4962,0.4962,64114.5,1717957559999,31814.94539,78,13304.9,6603.22187,0
1717957560000,0.4962,0.4963,0.4962,0.4962,97411.1,1717957619999,48336.79433,157,14065.1,6980.50913,0
1717957620000,0.4963,0.4965,0.4962,0.4965,89542.5,1717957679999,44441.95544,198,75052.7,37250.48152,0
1717957680000,0.4965,0.4966,0.4963,0.4964,313465.6,1717957739999,155627.84854,293,143761.4,71377.17877,0
1717957740000,0.4963,0.4965,0.4963,0.4964,43670.2,1717957799999,21677.56151,82,39074.4,19396.63607,0
1717957800000,0.4965,0.4966,0.4964,0.4965,151903.9,1717957859999,75420.44392,172,45131.8,22408.14785,0
1717957860000,0.4965,0.4966,0.4964,0.4964,403352.8,1717957919999,200259.60197,229,164725.2,81786.92266,0
1717957920000,0.4964,0.4966,0.4964,0.4964,89084.0,1717957979999,44229.92978,114,13005.6,6458.06819,0
1717957980000,0.4964,0.4965,0.4964,0.4964,15722.6,1717958039999,7805.31409,77,6154.5,3055.70925,0
1717958040000,0.4965,0.4966,0.4964,0.4965,66721.7,1717958099999,33127.46261,80,34273.5,17016.93683,0
1717958100000,0.4965,0.4966,0.4965,0.4965,9581.5,1717958159999,4757.48341,61,2686.6,1334.16556,0
1717958160000,0.4966,0.4966,0.4964,0.4964,203654.7,1717958219999,101101.52583,185,5810.1,2884.81016,0
1717958220000,0.4964,0.4965,0.4964,0.4964,67094.8,1717958279999,33308.55249,76,26937.7,13374.56805,0
1717958280000,0.4964,0.4965,0.4964,0.4964,20564.4,1717958339999,10209.87411,76,17059.5,8470.04175,0
1717958340000,0.4964,0.4965,0.4964,0.4964,18658.2,1717958399999,9263.29394,85,13634.6,6769.57890,0
1717958400000,0.4964,0.4965,0.4963,0.4964,227547.2,1717958459999,112952.98903,271,59464.7,29518.39700,0
1717958460000,0.4965,0.4965,0.4964,0.4965,102164.6,1717958519999,50714.89518,98,3877.4,1925.12910,0
1717958520000,0.4964,0.4966,0.4964,0.4965,61356.9,1717958579999,30464.33901,103,49817.2,24734.92159,0
1717958580000,0.4965,0.4966,0.4965,0.4965,39243.5,1717958639999,19486.78192,68,23841.7,11839.78822,0
1717958640000,0.4966,0.4966,0.4965,0.4965,11494.9,1717958699999,5707.51904,64,3011.9,1495.70954,0
1717958700000,0.4965,0.4968,0.4965,0.4967,360684.2,1717958759999,179127.83624,281,277209.0,137671.30011,0
1717958760000,0.4967,0.4968,0.4965,0.4965,431396.2,1717958819999,214253.83836,380,29825.5,14817.11020,0
1717958820000,0.4966,0.4966,0.4965,0.4966,28672.1,1717958879999,14236.69672,63,9990.7,4961.38162,0
1717958880000,0.4966,0.4966,0.4965,0.4966,18989.7,1717958939999,9428.70101,122,3149.6,1564.09136,0
1717958940000,0.4965,0.4966,0.4965,0.4965,36317.3,1717958999999,18031.63966,76,1002.1,497.64286,0
1717959000000,0.4966,0.4967,0.4965,0.4965,110838.4,1717959059999,55041.18258,150,30234.0,15014.23208,0
1717959060000,0.4965,0.4967,0.4965,0.4966,116417.1,1717959119999,57812.57672,96,31910.6,15847.05782,0
1717959120000,0.4966,0.4967,0.4966,0.4967,73648.1,1717959179999,36574.08944,122,4429.8,2200.28166,0
1717959180000,0.4966,0.4967,0.4966,0.4966,5232.6,1717959239999,2598.57161,45,624.5,310.18915,0
1717959240000,0.4967,0.4967,0.4966,0.4967,22698.2,1717959299999,11273.99734,55,20712.2,10287.74974,0
1717959300000,0.4966,0.4968,0.4966,0.4968,82501.8,1717959359999,40976.01618,166,52793.3,26222.75479,0
1717959360000,0.4967,0.4969,0.4964,0.4968,922741.0,1717959419999,458167.20567,517,271389.1,134771.95591,0
1717959420000,0.4969,0.4969,0.4967,0.4969,135083.3,1717959479999,67117.67354,179,100789.8,50080.90194,0
1717959480000,0.4969,0.4969,0.4967,0.4967,166411.4,1717959539999,82673.48197,120,79816.3,39654.51126,0
1717959540000,0.4968,0.4968,0.4967,0.4967,43188.1,1717959599999,21454.25226,67,27229.9,13527.81432,0
1717959600000,0.4968,0.4969,0.4967,0.4967,297920.8,1717959659999,148008.42643,289,98695.7,49037.82558,0
1717959660000,0.4967,0.4968,0.4966,0.4967,245404.9,1717959719999,121887.54008,219,102526.7,50925.07257,0
1717959720000,0.4966,0.4968,0.4966,0.4966,244568.7,1717959779999,121477.03701,162,105032.3,52169.65505,0
1717959780000,0.4967,0.4968,0.4966,0.4968,73334.6,1717959839999,36431.62445,133,70954.8,35249.60806,0
1717959840000,0.4968,0.4968,0.4967,0.4967,38214.4,1717959899999,18984.79485,105,37023.7,18393.37416,0
1717959900000,0.4968,0.4973,0.4968,0.4972,704206.9,1717959959999,350046.19543,545,501469.8,249291.52208,0
1717959960000,0.4971,0.4973,0.4971,0.4972,218328.3,1717960019999,108556.29965,222,110822.2,55105.91092,0
1717960020000,0.4973,0.4975,0.4972,0.4974,332410.0,1717960079999,165322.70936,385,155857.7,77526.77065,0
1717960080000,0.4974,0.4976,0.4974,0.4975,253382.4,1717960139999,126054.36988,282,209190.9,104073.47998,0
1717960140000,0.4976,0.4976,0.4973,0.4973,787464.2,1717960199999,391794.37304,1179,223651.0,111281.07690,0
1717960200000,0.4973,0.4976,0.4973,0.4975,89611.8,1717960259999,44573.20688,146,62868.1,31273.50819,0
1717960260000,0.4975,0.4977,0.4975,0.4976,379196.5,1717960319999,188698.91605,329,199151.5,99110.18591,0
1717960320000,0.4976,0.4977,0.4975,0.4975,141073.0,1717960379999,70198.79345,168,50071.6,24916.86896,0
1717960380000,0.4975,0.4979,0.4974,0.4978,328659.2,1717960439999,163543.29436,350,130373.5,64879.71130,0
1717960440000,0.4978,0.4979,0.4977,0.4978,489373.3,1717960499999,243599.28949,268,146049.0,72703.35016,0
1717960500000,0.4977,0.4979,0.4977,0.4979,75920.3,1717960559999,37791.50766,118,49887.7,24834.27987,0
1717960560000,0.4978,0.4979,0.4976,0.4978,382909.9,1717960619999,190597.67046,301,168428.4,83841.27038,0
1717960620000,0.4977,0.4979,0.4976,0.4976,253323.6,1717960679999,126098.39105,188,95682.5,47636.46880,0
1717960680000,0.4977,0.4977,0.4975,0.4975,285848.3,1717960739999,142225.48339,228,8856.1,4407.15741,0
1717960740000,0.4975,0.4978,0.4975,0.4978,471080.1,1717960799999,234417.72474,246,346671.9,172520.75111,0
1717960800000,0.4978,0.4980,0.4977,0.4980,133445.2,1717960859999,66438.51174,234,93174.3,46388.83499,0
1717960860000,0.4980,0.4980,0.4979,0.4979,321280.7,1717960919999,159990.28749,223,182089.4,90680.52120,0
1717960920000,0.4979,0.4980,0.4977,0.4979,477687.5,1717960979999,237810.57723,255,217149.7,108120.10222,0
1717960980000,0.4980,0.4981,0.4977,0.4977,737457.8,1717961039999,367122.63737,372,61597.0,30675.85100,0
1717961040000,0.4978,0.4979,0.4977,0.4978,94539.0,1717961099999,47062.98151,93,92840.7,46217.57362,0
1717961100000,0.4978,0.4979,0.4978,0.4978,35882.4,1717961159999,17864.05027,72,17915.5,8920.12745,0
1717961160000,0.4979,0.4979,0.4975,0.4976,465403.1,1717961219999,231626.66538,297,74414.7,37031.28103,0
1717961220000,0.4976,0.4977,0.4975,0.4977,190786.6,1717961279999,94932.77821,164,120113.6,59769.63530,0
1717961280000,0.4977,0.4977,0.4975,0.4976,241351.9,1717961339999,120093.96039,135,19591.0,9748.90414,0
1717961340000,0.4975,0.4976,0.4974,0.4975,352952.6,1717961399999,175599.90291,180,264927.3,131807.46838,0
1717961400000,0.4975,0.4975,0.4973,0.4973,116210.0,1717961459999,57802.25089,168,11711.0,5825.93654,0
1717961460000,0.4973,0.4974,0.4971,0.4973,367306.4,1717961519999,182627.45557,289,103453.5,51441.70685,0
1717961520000,0.4973,0.4975,0.4973,0.4974,202160.3,1717961579999,100558.46820,135,112966.0,56194.70577,0
1717961580000,0.4974,0.4975,0.4972,0.4972,180941.5,1717961639999,89995.27729,197,43863.5,21819.05858,0
1717961640000,0.4973,0.4973,0.4971,0.4971,42825.0,1717961699999,21292.93269,78,6315.1,3140.49231,0
1717961700000,0.4972,0.4974,0.4971,0.4974,117665.7,1717961759999,58509.54809,171,92420.1,45956.91090,0
1717961760000,0.4974,0.4975,0.4973,0.4975,126667.1,1717961819999,62998.67664,209,70269.4,34952.07987,0
1717961820000,0.4975,0.4975,0.4973,0.4973,95239.6,1717961879999,47365.86783,158,15953.2,7935.12295,0
1717961880000,0.4973,0.4973,0.4972,0.4973,15465.6,1717961939999,7690.18796,54,6916.4,3439.52572,0
1717961940000,0.4973,0.4973,0.4971,0.4973,208731.5,1717961999999,103780.69184,155,122231.3,60773.85191,0
1717962000000,0.4973,0.4975,0.4972,0.4975,153688.5,1717962059999,76438.91903,204,133795.4,66545.95663,0
1717962060000,0.4974,0.4975,0.4972,0.4973,231226.9,1717962119999,114994.17642,223,59997.6,29837.89400,0
1717962120000,0.4972,0.4973,0.4972,0.4973,5216.3,1717962179999,2593.75820,53,2138.4,1063.42632,0
1717962180000,0.4973,0.4973,0.4972,0.4973,13660.9,1717962239999,6793.11339,60,9139.1,4544.87443,0
1717962240000,0.4973,0.4973,0.4971,0.4972,98946.1,1717962299999,49194.81320,151,11040.6,5489.50848,0
1717962300000,0.4971,0.4972,0.4970,0.4971,89771.5,1717962359999,44623.22606,147,7895.4,3925.00804,0
1717962360000,0.4970,0.4973,0.4970,0.4973,464361.9,1717962419999,230871.15584,297,356722.4,177356.25899,0
1717962420000,0.4973,0.4974,0.4972,0.4974,38943.9,1717962479999,19369.18928,92,35691.8,17751.92301,0
1717962480000,0.4974,0.4975,0.4973,0.4974,53914.5,1717962539999,26817.35827,139,40142.8,19967.32892,0
1717962540000,0.4974,0.4977,0.4974,0.4976,232553.3,1717962599999,115697.60922,212,182084.6,90589.90536,0
1717962600000,0.4976,0.4979,0.4976,0.4979,78126.2,1717962659999,38884.97095,143,56671.9,28208.44151,0
1717962660000,0.4978,0.4978,0.4975,0.4978,351303.3,1717962719999,174831.47386,276,96390.7,47969.64815,0
1717962720000,0.4978,0.4978,0.4976,0.4977,86220.6,1717962779999,42908.21641,112,3771.3,1877.10759,0
1717962780000,0.4976,0.4977,0.4975,0.4977,227864.2,1717962839999,113366.40725,191,56252.7,27986.58285,0
1717962840000,0.4976,0.4977,0.4974,0.4974,144217.7,1717962899999,71748.11425,204,5466.0,2719.55075,0
1717962900000,0.4974,0.4976,0.4974,0.4975,177176.3,1717962959999,88146.54300,140,66321.8,32996.64685,0
1717962960000,0.4975,0.4975,0.4974,0.4974,116039.6,1717963019999,57722.95237,170,48924.6,24339.95137,0
1717963020000,0.4974,0.4974,0.4973,0.4973,57079.5,1717963079999,28385.86108,124,2257.3,1122.78102,0
1717963080000,0.4972,0.4975,0.4972,0.4974,269643.8,1717963139999,134123.38404,220,171365.9,85240.19537,0
1717963140000,0.4973,0.4974,0.4973,0.4974,50191.4,1717963199999,24960.57582,75,3926.0,1952.79240,0
1717963200000,0.4973,0.4975,0.4973,0.4975,65323.9,1717963259999,32493.45076,154,42460.7,21121.38428,0
1717963260000,0.4974,0.4977,0.4974,0.4975,193313.6,1717963319999,96184.10563,299,56377.8,28049.56599,0
1717963320000,0.4975,0.4975,0.4974,0.4975,172635.4,1717963379999,85880.17678,108,113288.2,56360.87950,0
1717963380000,0.4975,0.4976,0.4974,0.4976,35196.5,1717963439999,17509.87457,133,30840.1,15342.96772,0
1717963440000,0.4976,0.4977,0.4974,0.4975,339582.8,1717963499999,168960.52598,249,105693.5,52592.44427,0
1717963500000,0.4975,0.4976,0.4974,0.4976,99820.4,1717963559999,49661.26781,110,67629.2,33646.67833,0
1717963560000,0.4976,0.4976,0.4974,0.4976,229797.1,1717963619999,114319.72804,250,59841.3,29773.49148,0
1717963620000,0.4976,0.4977,0.4975,0.4976,76043.6,1717963679999,37836.01410,108,40196.4,20001.77606,0
1717963680000,0.4976,0.4977,0.4974,0.4975,187681.5,1717963739999,93379.53296,182,38450.2,19130.66016,0
1717963740000,0.4974,0.4975,0.4974,0.4975,28289.7,1717963799999,14072.95207,62,16552.9,8235.06775,0
1717963800000,0.4975,0.4975,0.4974,0.4974,43870.1,1717963859999,21822.89338,113,19056.4,9480.55900,0
1717963860000,0.4975,0.4975,0.4973,0.4974,206051.6,1717963919999,102488.38474,217,30922.2,15381.23379,0
1717963920000,0.4974,0.4975,0.4973,0.4975,116133.8,1717963979999,57760.47098,127,61277.9,30480.62875,0
1717963980000,0.4974,0.4975,0.4974,0.4974,56745.7,1717964039999,28227.92219,84,26110.1,12989.77475,0
1717964040000,0.4975,0.4976,0.4974,0.4976,27398.3,1717964099999,13630.15260,74,22353.4,11120.81934,0
1717964100000,0.4975,0.4976,0.4975,0.4976,42252.1,1717964159999,21023.30123,96,28814.8,14338.24448,0
1717964160000,0.4976,0.4976,0.4973,0.4974,144382.2,1717964219999,71827.26361,201,9693.6,4823.52330,0
1717964220000,0.4974,0.4975,0.4974,0.4975,54849.6,1717964279999,27283.34803,100,53350.1,26537.49673,0
1717964280000,0.4974,0.4975,0.4974,0.4974,38305.0,1717964339999,19053.42672,70,5197.2,2585.60700,0
1717964340000,0.4975,0.4976,0.4975,0.4976,114949.7,1717964399999,57189.78641,124,106959.8,53214.81116,0
1717964400000,0.4975,0.4976,0.4975,0.4975,69591.9,1717964459999,34628.52797,149,65577.2,32631.21472,0
1717964460000,0.4975,0.4976,0.4974,0.4975,161429.3,1717964519999,80304.21619,189,3732.9,1857.11841,0
1717964520000,0.4975,0.4976,0.4974,0.4975,76624.9,1717964579999,38120.80761,91,68316.5,33987.49967,0
1717964580000,0.4976,0.4979,0.4976,0.4978,986029.2,1717964639999,490782.67439,392,746030.7,371326.40173,0
1717964640000,0.4977,0.4978,0.4977,0.4977,40382.7,1717964699999,20099.80642,55,13366.3,6653.74414,0
1717964700000,0.4978,0.4979,0.4976,0.4977,205393.9,1717964759999,102228.04874,226,22690.1,11295.12523,0
1717964760000,0.4977,0.4978,0.4976,0.4977,223943.3,1717964819999,111449.65548,225,93393.0,46481.86411,0
1717964820000,0.4977,0.4978,0.4976,0.4977,279300.4,1717964879999,139019.37823,129,211313.2,105184.24103,0
1717964880000,0.4978,0.4978,0.4977,0.4978,14396.1,1717964939999,7165.51414,62,5751.7,2863.19626,0
1717964940000,0.4978,0.4978,0.4977,0.4977,38829.6,1717964999999,19328.17427,59,26823.5,13352.73830,0
1717965000000,0.4978,0.4978,0.4977,0.4977,65050.9,1717965059999,32380.08974,138,42568.1,21190.40018,0
1717965060000,0.4978,0.4978,0.4972,0.4973,648857.2,1717965119999,322757.00201,432,97965.1,48727.90284,0
1717965120000,0.4973,0.4973,0.4971,0.4973,223315.8,1717965179999,111032.72499,252,75593.9,37585.94900,0
1717965180000,0.4973,0.4974,0.4972,0.4973,217051.1,1717965239999,107936.65637,194,98664.1,49066.29767,0
1717965240000,0.4973,0.4974,0.4972,0.4973,120469.4,1717965299999,59908.35847,110,5482.3,2726.52044,0
1717965300000,0.4973,0.4974,0.4972,0.4974,472027.8,1717965359999,234745.87983,263,404092.2,200963.67413,0
1717965360000,0.4973,0.4974,0.4969,0.4969,456344.6,1717965419999,226836.14713,369,25945.0,12899.21579,0
1717965420000,0.4969,0.4973,0.4969,0.4973,440421.2,1717965479999,218948.82421,243,257439.6,127991.93306,0
1717965480000,0.4973,0.4973,0.4970,0.4972,259921.8,1717965539999,129219.09969,136,115252.6,57301.72431,0
1717965540000,0.4972,0.4972,0.4971,0.4972,15746.7,1717965599999,7828.76004,76,10754.7,5347.23684,0
1717965600000,0.4972,0.4972,0.4970,0.4970,248200.4,1717965659999,123378.83915,237,68550.3,34076.42543,0
1717965660000,0.4971,0.4972,0.4970,0.4972,169244.5,1717965719999,84129.14061,178,132491.6,65862.94029,0
1717965720000,0.4972,0.4972,0.4971,0.4971,33133.5,1717965779999,16473.29109,89,26282.4,13067.60928,0
1717965780000,0.4971,0.4972,0.4971,0.4972,7337.3,1717965839999,3647.79293,74,4211.0,2093.70920,0
1717965840000,0.4972,0.4972,0.4971,0.4971,10538.3,1717965899999,5239.49034,79,9014.1,4481.81052,0
1717965900000,0.4972,0.4972,0.4971,0.4972,65561.2,1717965959999,32595.34986,106,48773.4,24250.13448,0
1717965960000,0.4971,0.4972,0.4969,0.4970,437155.8,1717966019999,217263.36416,331,56967.3,28312.75326,0
1717966020000,0.4969,0.4972,0.4969,0.4972,98234.8,1717966079999,48826.12438,153,90129.0,44797.84412,0
1717966080000,0.4972,0.4972,0.4971,0.4972,22157.1,1717966139999,11015.09166,69,7972.5,3963.92700,0
1717966140000,0.4971,0.4972,0.4971,0.4971,18647.9,1717966199999,9271.60013,69,17290.4,8596.78688,0
1717966200000,0.4972,0.4974,0.4971,0.4974,116992.5,1717966259999,58175.46075,162,114138.9,56756.68599,0
1717966260000,0.4974,0.4975,0.4973,0.4974,98778.6,1717966319999,49131.82319,179,84063.6,41813.29225,0
1717966320000,0.4974,0.4975,0.4973,0.4974,153532.3,1717966379999,76364.99818,168,59296.5,29494.19610,0
1717966380000,0.4973,0.4974,0.4973,0.4973,32643.6,1717966439999,16235.02825,105,13659.7,6794.33478,0
1717966440000,0.4974,0.4974,0.4973,0.4973,30749.8,1717966499999,15293.96260,73,20870.6,10381.03644,0
1717966500000,0.4973,0.4974,0.4973,0.4974,9007.2,1717966559999,4479.93528,83,6547.2,3256.57728,0
1717966560000,0.4974,0.4974,0.4973,0.4974,165075.4,1717966619999,82102.60491,167,106084.9,52766.62926,0
1717966620000,0.4974,0.4975,0.4972,0.4975,210232.3,1717966679999,104552.52749,190,58230.6,28961.21399,0
1717966680000,0.4975,0.4976,0.4975,0.4976,57698.2,1717966739999,28706.66700,101,55626.6,27676.04600,0
1717966740000,0.4975,0.4976,0.4975,0.4976,19995.7,1717966799999,9948.38406,77,5233.1,2603.99056,0
1717966800000,0.4976,0.4976,0.4975,0.4976,162331.6,1717966859999,80767.14469,233,71736.9,35696.28144,0
1717966860000,0.4976,0.4976,0.4975,0.4976,96925.3,1717966919999,48224.69333,144,43565.8,21678.34208,0
1717966920000,0.4976,0.4979,0.4976,0.4979,150577.1,1717966979999,74947.43054,241,109194.4,54348.12078,0
1717966980000,0.4979,0.4979,0.4978,0.4979,107842.8,1717967039999,53685.35073,114,12048.9,5999.14731,0
1717967040000,0.4979,0.4980,0.4978,0.4979,205483.3,1717967099999,102307.27910,266,22903.5,11404.18901,0
1717967100000,0.4978,0.4979,0.4977,0.4978,126429.5,1717967159999,62940.86602,158,43660.2,21738.31782,0
1717967160000,0.4978,0.4980,0.4977,0.4979,253916.1,1717967219999,126427.07619,224,129164.1,64314.05822,0
1717967220000,0.4980,0.4980,0.4977,0.4977,144980.5,1717967279999,72181.48765,255,26491.6,13192.49779,0
1717967280000,0.4978,0.4978,0.4976,0.4978,115789.4,1717967339999,57624.47817,142,55634.9,27689.52262,0
1717967340000,0.4978,0.4978,0.4977,0.4978,65126.7,1717967399999,32419.59791,96,60393.2,30063.73496,0
1717967400000,0.4978,0.4978,0.4977,0.4978,107329.6,1717967459999,53423.86444,118,59225.2,29482.30456,0
1717967460000,0.4978,0.4978,0.4977,0.4977,215975.2,1717967519999,107505.54379,198,146867.5,73110.64150,0
1717967520000,0.4978,0.4978,0.4977,0.4978,44848.5,1717967579999,22323.67580,93,25773.5,12830.04830,0
1717967580000,0.4978,0.4979,0.4977,0.4978,188645.8,1717967639999,93906.54794,177,80153.5,39901.12581,0
1717967640000,0.4977,0.4978,0.4976,0.4976,144144.4,1717967699999,71736.23206,179,8541.5,4251.15476,0
1717967700000,0.4976,0.4978,0.4976,0.4978,65668.6,1717967759999,32683.17865,135,53837.3,26795.43437,0
1717967760000,0.4977,0.4978,0.4976,0.4977,176555.3,1717967819999,87871.06302,209,56487.6,28114.39934,0
1717967820000,0.4977,0.4977,0.4976,0.4977,100547.1,1717967879999,50039.79938,118,75624.2,37638.16434,0
1717967880000,0.4977,0.4978,0.4976,0.4977,66040.3,1717967939999,32865.60542,136,39057.2,19438.80464,0
1717967940000,0.4977,0.4978,0.4977,0.4978,81065.2,1717967999999,40348.89021,98,27401.7,13640.56626,0
1717968000000,0.4978,0.4978,0.4977,0.4978,24409.8,1717968059999,12150.89352,81,21360.6,10633.30668,0
1717968060000,0.4977,0.4978,0.4977,0.4978,144871.7,1717968119999,72109.25060,181,66055.1,32882.22878,0
1717968120000,0.4978,0.4978,0.4977,0.4978,12821.7,1717968179999,6382.63332,90,12732.3,6338.13894,0
1717968180000,0.4978,0.4978,0.4977,0.4978,54989.2,1717968239999,27369.78230,90,16574.6,8250.83588,0
1717968240000,0.4978,0.4979,0.4977,0.4978,122535.7,1717968299999,60997.09638,139,25786.0,12836.29380,0
1717968300000,0.4978,0.4979,0.4978,0.4979,222498.0,1717968359999,110773.42551,173,130127.9,64785.44126,0
1717968360000,0.4978,0.4979,0.4978,0.4978,122257.4,1717968419999,60865.10914,154,53754.2,26764.21618,0
1717968420000,0.4979,0.4979,0.4978,0.4979,19373.5,1717968479999,9645.23387,78,11055.7,5504.63303,0
1717968480000,0.4979,0.4981,0.4978,0.4981,160396.3,1717968539999,79867.49385,145,136981.4,68209.76516,0
1717968540000,0.4980,0.4983,0.4980,0.4983,318086.5,1717968599999,158459.52825,262,205059.0,102155.01186,0
1717968600000,0.4983,0.4984,0.4982,0.4982,343658.3,1717968659999,171239.24454,355,37607.0,18741.99498,0
1717968660000,0.4982,0.4983,0.4982,0.4982,224850.3,1717968719999,112028.58206,206,81626.0,40674.23580,0
1717968720000,0.4983,0.4983,0.4982,0.4983,55788.0,1717968779999,27795.53387,89,19522.7,9728.16141,0
1717968780000,0.4983,0.4983,0.4981,0.4983,216468.8,1717968839999,107843.58234,223,59713.6,29750.04220,0
1717968840000,0.4983,0.4983,0.4979,0.4980,184375.9,1717968899999,91833.09532,263,8800.5,4384.07714,0
1717968900000,0.4979,0.4980,0.4978,0.4979,72595.5,1717968959999,36143.06385,165,10659.2,5307.21803,0
1717968960000,0.4979,0.4979,0.4976,0.4977,328736.6,1717969019999,163616.23130,326,58591.8,29161.92007,0
1717969020000,0.4977,0.4977,0.4976,0.4977,82481.9,1717969079999,41043.73271,138,7392.7,3679.34679,0
1717969080000,0.4977,0.4977,0.4974,0.4975,134146.5,1717969139999,66742.19929,204,10973.7,5461.55015,0
1717969140000,0.4974,0.4975,0.4974,0.4975,35266.5,1717969199999,17542.51272,83,9556.2,4754.20950,0
1717969200000,0.4975,0.4975,0.4973,0.4974,377720.0,1717969259999,187886.08120,296,165801.5,82480.42471,0
1717969260000,0.4975,0.4977,0.4975,0.4977,226882.3,1717969319999,112896.24697,224,157787.3,78515.42757,0
1717969320000,0.4978,0.4978,0.4977,0.4978,38763.0,1717969379999,19293.19263,90,8475.3,4219.00434,0
1717969380000,0.4978,0.4978,0.4975,0.4976,251548.2,1717969439999,125177.24120,260,33720.4,16783.25244,0
1717969440000,0.4976,0.4979,0.4975,0.4979,162054.1,1717969499999,80643.38746,187,80661.5,40141.65614,0
1717969500000,0.4979,0.4979,0.4978,0.4978,13045.3,1717969559999,6494.88327,85,9329.3,4645.05847,0
1717969560000,0.4978,0.4979,0.4977,0.4978,110176.0,1717969619999,54843.69255,208,6633.8,3302.72035,0
1717969620000,0.4978,0.4983,0.4976,0.4983,355627.2,1717969679999,177051.17416,396,271844.8,135343.90739,0
1717969680000,0.4982,0.4983,0.4981,0.4982,161941.4,1717969739999,80680.02529,164,55901.9,27855.48202,0
1717969740000,0.4982,0.4985,0.4982,0.4983,279243.0,1717969799999,139159.11467,282,118688.1,59155.67004,0
1717969800000,0.4982,0.4983,0.4982,0.4982,18239.3,1717969859999,9087.43077,81,6115.1,3047.15433,0
1717969860000,0.4982,0.4986,0.4982,0.4986,492878.1,1717969919999,245680.05387,461,392910.2,195862.47656,0
1717969920000,0.4985,0.4989,0.4985,0.4987,453528.0,1717969979999,226208.16214,446,288855.7,144080.79952,0
1717969980000,0.4988,0.4988,0.4985,0.4985,135023.9,1717970039999,67327.30068,231,23091.6,11516.11309,0
1717970040000,0.4985,0.4986,0.4985,0.4986,50230.7,1717970099999,25044.15850,74,41545.5,20714.58630,0
1717970100000,0.4986,0.4986,0.4985,0.4986,25445.0,1717970159999,12684.77976,89,4472.6,2230.03836,0
1717970160000,0.4986,0.4986,0.4984,0.4985,199324.9,1717970219999,99359.42043,245,63770.2,31790.41251,0
1717970220000,0.4985,0.4985,0.4981,0.4982,136138.2,1717970279999,67840.27479,187,10383.1,5172.89103,0
1717970280000,0.4981,0.4985,0.4981,0.4984,94778.8,1717970339999,47224.79502,136,88372.3,44032.16733,0
1717970340000,0.4984,0.4988,0.4984,0.4987,145346.9,1717970399999,72476.36879,210,45103.5,22488.52021,0
1717970400000,0.4987,0.4988,0.4983,0.4985,254879.3,1717970459999,127054.91047,380,104769.6,52215.59681,0
1717970460000,0.4984,0.4986,0.4984,0.4985,346296.1,1717970519999,172617.99140,342,169140.8,84317.45405,0
1717970520000,0.4985,0.4985,0.4983,0.4984,57926.9,1717970579999,28868.50262,124,19554.4,9746.00295,0
1717970580000,0.4984,0.4985,0.4984,0.4985,45989.3,1717970639999,22922.82490,101,38446.3,19163.39370,0
1717970640000,0.4985,0.4987,0.4982,0.4985,1616414.4,1717970699999,805604.18232,729,868634.8,432913.28080,0
1717970700000,0.4985,0.4987,0.4984,0.4987,310984.6,1717970759999,155041.53992,253,197250.4,98338.08510,0
1717970760000,0.4987,0.4987,0.4984,0.4985,240429.3,1717970819999,119858.05551,246,64016.9,31914.10412,0
1717970820000,0.4985,0.4988,0.4984,0.4988,412338.5,1717970879999,205603.41142,358,264775.9,132016.12062,0
1717970880000,0.4988,0.4989,0.4985,0.4986,310259.2,1717970939999,154711.32772,253,151918.1,75750.36982,0
1717970940000,0.4986,0.4988,0.4985,0.4988,213833.8,1717970999999,106626.09524,155,95522.3,47633.10517,0
1717971000000,0.4988,0.4989,0.4987,0.4988,113917.9,1717971059999,56822.88838,140,77503.6,38659.45440,0
1717971060000,0.4988,0.4992,0.4988,0.4990,375665.5,1717971119999,187477.83542,561,202125.2,100871.08600,0
1717971120000,0.4991,0.4991,0.4988,0.4989,257945.0,1717971179999,128681.08258,261,46971.7,23432.42324,0
1717971180000,0.4989,0.4989,0.4985,0.4986,188151.4,1717971239999,93823.86225,227,61148.2,30491.61426,0
1717971240000,0.4987,0.4988,0.4986,0.4986,177264.5,1717971299999,88397.32945,188,54631.3,27245.33297,0
1717971300000,0.4986,0.4989,0.4986,0.4989,95447.6,1717971359999,47597.47645,143,86960.5,43364.71220,0
1717971360000,0.4989,0.4991,0.4988,0.4990,288606.0,1717971419999,144004.62231,236,112100.0,55934.07472,0
1717971420000,0.4990,0.4990,0.4988,0.4989,102810.3,1717971479999,51292.06197,165,43052.3,21479.70501,0
1717971480000,0.4989,0.4990,0.4989,0.4990,19385.4,1717971539999,9672.50987,78,11338.1,5657.71190,0
1717971540000,0.4990,0.4990,0.4987,0.4988,137183.3,1717971599999,68434.28800,184,9289.3,4634.82435,0
1717971600000,0.4988,0.4989,0.4987,0.4988,189786.2,1717971659999,94663.57090,176,119827.5,59770.09657,0
1717971660000,0.4988,0.4989,0.4986,0.4988,396996.5,1717971719999,198001.02002,287,301475.5,150362.09298,0
1717971720000,0.4989,0.4989,0.4988,0.4988,89134.9,1717971779999,44466.58973,117,61016.1,30440.93229,0
1717971780000,0.4989,0.4990,0.4988,0.4989,83962.6,1717971839999,41892.12729,102,45898.2,22902.07702,0
1717971840000,0.4989,0.4990,0.4989,0.4989,12659.7,1717971899999,6316.97012,68,10457.9,5218.49210,0
1717971900000,0.4990,0.4991,0.4989,0.4989,173801.2,1717971959999,86721.36687,203,75734.2,37792.20884,0
1717971960000,0.4989,0.4990,0.4987,0.4989,250336.4,1717972019999,124881.04334,226,66655.0,33252.32562,0
1717972020000,0.4989,0.4990,0.4988,0.4989,41937.2,1717972079999,20921.30875,118,18975.2,9467.01117,0
1717972080000,0.4990,0.4991,0.4989,0.4991,304627.4,1717972139999,152018.55902,212,248466.2,123995.24351,0
1717972140000,0.4991,0.4991,0.4988,0.4989,173854.4,1717972199999,86749.40275,166,9707.4,4844.74194,0
1717972200000,0.4989,0.4990,0.4988,0.4989,110106.3,1717972259999,54931.76004,142,93257.6,46526.83989,0
1717972260000,0.4990,0.4991,0.4989,0.4989,157414.2,1717972319999,78552.43408,266,63125.7,31504.54751,0
1717972320000,0.4990,0.4992,0.4989,0.4991,460724.5,1717972379999,229944.84111,230,413729.4,206491.93366,0
1717972380000,0.4991,0.4991,0.4988,0.4989,198526.2,1717972439999,99049.77949,261,28166.3,14052.52577,0
1717972440000,0.4989,0.4991,0.4987,0.4987,370244.4,1717972499999,184694.83463,253,17275.8,8620.64454,0
1717972500000,0.4987,0.4990,0.4987,0.4989,103628.1,1717972559999,51697.90909,131,79418.8,39620.65854,0
1717972560000,0.4990,0.4990,0.4986,0.4986,275210.5,1717972619999,137267.47151,331,81030.6,40414.49807,0
1717972620000,0.4987,0.4988,0.4986,0.4986,77570.4,1717972679999,38682.86386,145,14010.3,6987.04691,0
1717972680000,0.4987,0.4987,0.4986,0.4986,10611.4,1717972739999,5291.21470,70,3706.6,1848.48142,0
1717972740000,0.4986,0.4987,0.4984,0.4985,121121.8,1717972799999,60383.71807,258,10818.9,5394.06250,0
1717972800000,0.4985,0.4985,0.4984,0.4985,25108.1,1717972859999,12514.72107,102,8440.3,4207.48955,0
1717972860000,0.4985,0.4985,0.4982,0.4982,274093.4,1717972919999,136585.22735,325,60991.8,30398.41189,0
1717972920000,0.4981,0.4983,0.4980,0.4983,315967.5,1717972979999,157396.14750,282,158949.3,79184.34803,0
1717972980000,0.4982,0.4983,0.4981,0.4981,144267.0,1717973039999,71874.09771,160,62701.7,31240.49183,0
1717973040000,0.4981,0.4982,0.4979,0.4981,377284.3,1717973099999,187896.61947,305,77253.3,38473.39710,0
1717973100000,0.4980,0.4981,0.4979,0.4981,184579.6,1717973159999,91923.50864,171,70462.8,35093.78904,0
1717973160000,0.4981,0.4982,0.4980,0.4982,333366.1,1717973219999,166063.48027,309,236819.8,117974.33419,0
1717973220000,0.4982,0.4983,0.4980,0.4981,151208.0,1717973279999,75326.24903,205,28521.0,14208.30639,0
1717973280000,0.4981,0.4983,0.4980,0.4982,371674.1,1717973339999,185165.85712,220,294398.6,146670.17512,0
1717973340000,0.4981,0.4981,0.4979,0.4980,156062.2,1717973399999,77723.91417,221,7339.1,3655.57327,0
1717973400000,0.4979,0.4980,0.4979,0.4979,13757.5,1717973459999,6850.40588,76,5466.3,2722.21740,0
1717973460000,0.4980,0.4981,0.4979,0.4980,375247.4,1717973519999,186868.71384,336,173774.2,86541.21287,0
1717973520000,0.4980,0.4981,0.4979,0.4980,107229.4,1717973579999,53406.55349,150,89889.0,44771.89984,0
1717973580000,0.4981,0.4983,0.4981,0.4983,92368.8,1717973639999,46020.76747,148,79281.6,39500.98203,0
1717973640000,0.4982,0.4983,0.4981,0.4982,110485.1,1717973699999,55042.49717,154,4787.0,2384.88912,0
1717973700000,0.4981,0.4981,0.4979,0.4980,60865.7,1717973759999,30314.27674,165,10707.3,5333.21346,0
1717973760000,0.4980,0.4980,0.4979,0.4979,117339.2,1717973819999,58428.57560,177,53879.2,26831.84160,0
1717973820000,0.4980,0.4980,0.4979,0.4979,4615.0,1717973879999,2298.20332,77,3948.2,1966.20360,0
1717973880000,0.4980,0.4980,0.4979,0.4980,11322.8,1717973939999,5638.22398,64,6018.6,2997.26280,0
1717973940000,0.4979,0.4983,0.4979,0.4982,314443.6,1717973999999,156616.37776,244,128512.3,64005.30777,0
1717974000000,0.4981,0.4981,0.4979,0.4979,72123.3,1717974059999,35916.76760,239,7076.1,3524.01533,0
1717974060000,0.4979,0.4981,0.4978,0.4979,263926.6,1717974119999,131414.28003,297,103070.2,51325.06116,0
1717974120000,0.4978,0.4979,0.4978,0.4978,23415.7,1717974179999,11657.30801,163,9725.5,4842.32645,0
1717974180000,0.4978,0.4980,0.4978,0.4979,53989.9,1717974239999,26881.24678,168,31589.4,15728.58647,0
1717974240000,0.4979,0.4981,0.4979,0.4981,50198.6,1717974299999,25000.91987,117,36032.8,17946.35547,0
1717974300000,0.4981,0.4981,0.4980,0.4981,18747.3,1717974359999,9337.45554,105,13001.4,6475.99734,0
1717974360000,0.4981,0.4982,0.4980,0.4982,89172.6,1717974419999,44416.64265,168,85123.9,42400.38282,0
1717974420000,0.4981,0.4984,0.4981,0.4982,218932.7,1717974479999,109084.64035,266,77792.0,38760.51973,0
1717974480000,0.4982,0.4983,0.4981,0.4983,69768.2,1717974539999,34756.43988,96,39463.6,19661.71862,0
1717974540000,0.4983,0.4985,0.4982,0.4985,384443.5,1717974599999,191612.91977,236,224557.0,111929.54404,0
1717974600000,0.4985,0.4985,0.4983,0.4984,66772.4,1717974659999,33278.84366,115,5199.8,2591.59789,0
1717974660000,0.4983,0.4984,0.4981,0.4982,164487.2,1717974719999,81954.55058,253,13113.1,6533.49986,0
1717974720000,0.4982,0.4984,0.4981,0.4983,329850.4,1717974779999,164360.69105,192,279004.9,139024.49944,0
1717974780000,0.4984,0.4984,0.4983,0.4983,54006.4,1717974839999,26911.88827,78,4991.5,2487.76360,0
1717974840000,0.4984,0.4984,0.4983,0.4983,32789.0,1717974899999,16341.37686,78,26181.6,13048.90944,0
1717974900000,0.4983,0.4985,0.4983,0.4985,52553.1,1717974959999,26194.01525,124,38977.6,19428.22057,0
1717974960000,0.4985,0.4986,0.4984,0.4986,101407.1,1717975019999,50555.94665,150,71073.2,35434.91267,0
1717975020000,0.4985,0.4986,0.4983,0.4984,254762.0,1717975079999,126989.94866,204,12386.7,6173.66169,0
1717975080000,0.4984,0.4984,0.4983,0.4983,16541.9,1717975139999,8243.41612,77,5873.5,2927.35240,0
1717975140000,0.4984,0.4984,0.4983,0.4983,74723.6,1717975199999,37235.15648,133,3933.6,1960.49948,0
1717975200000,0.4983,0.4984,0.4982,0.4984,87833.6,1717975259999,43767.67102,124,83087.6,41402.84562,0
1717975260000,0.4984,0.4985,0.4983,0.4984,128747.0,1717975319999,64168.31908,121,125050.8,62326.18719,0
1717975320000,0.4985,0.4985,0.4984,0.4985,4699.1,1717975379999,2342.41397,76,3825.3,1906.91205,0
1717975380000,0.4985,0.4986,0.4985,0.4986,33704.8,1717975439999,16802.78668,92,33472.5,16686.98513,0
1717975440000,0.4985,0.4988,0.4985,0.4986,265944.5,1717975499999,132617.77985,244,70408.9,35112.12626,0
1717975500000,0.4986,0.4986,0.4984,0.4984,85364.7,1717975559999,42553.44380,137,13958.2,6959.09268,0
1717975560000,0.4984,0.4985,0.4984,0.4985,125879.6,1717975619999,62745.05919,168,66665.5,33232.75175,0
1717975620000,0.4985,0.4985,0.4983,0.4983,118549.4,1717975679999,59083.83561,190,9287.4,4628.90992,0
1717975680000,0.4984,0.4984,0.4983,0.4983,23661.6,1717975739999,11791.83855,83,12632.7,6296.13768,0
1717975740000,0.4984,0.4984,0.4983,0.4984,9989.4,1717975799999,4977.91704,69,1990.2,991.91568,0
1717975800000,0.4983,0.4984,0.4983,0.4984,9449.3,1717975859999,4708.92494,79,3387.5,1688.33000,0
1717975860000,0.4983,0.4985,0.4983,0.4984,137551.3,1717975919999,68559.11751,216,122094.5,60856.74132,0
1717975920000,0.4985,0.4986,0.4985,0.4986,31811.0,1717975979999,15859.06119,124,30571.8,15241.31999,0
1717975980000,0.4986,0.4986,0.4985,0.4985,34677.0,1717976039999,17289.06154,78,25770.4,12849.12144,0
1717976040000,0.4986,0.4986,0.4985,0.4986,37163.0,1717976099999,18527.23821,87,14827.1,7392.79206,0
1717976100000,0.4986,0.4986,0.4985,0.4986,28202.2,1717976159999,14061.57873,85,27820.3,13871.20158,0
1717976160000,0.4986,0.4986,0.4985,0.4985,154907.9,1717976219999,77226.64107,268,50529.2,25193.85912,0
1717976220000,0.4986,0.4986,0.4985,0.4986,19363.8,1717976279999,9654.70654,80,18522.4,9235.26864,0
1717976280000,0.4986,0.4986,0.4984,0.4985,58726.2,1717976339999,29275.28991,161,4280.9,2134.34858,0
1717976340000,0.4985,0.4985,0.4983,0.4984,78939.9,1717976399999,39343.61453,151,12335.7,6148.17952,0
1717976400000,0.4983,0.4984,0.4983,0.4984,56905.2,1717976459999,28358.18157,102,23204.1,11564.92344,0
1717976460000,0.4983,0.4984,0.4982,0.4984,106418.0,1717976519999,53033.46977,192,74149.8,36954.25965,0
1717976520000,0.4984,0.4986,0.4984,0.4985,202108.1,1717976579999,100744.46777,210,129445.5,64522.16167,0
1717976580000,0.4985,0.4985,0.4984,0.4984,19056.5,1717976639999,9498.34388,66,5842.8,2912.63580,0
1717976640000,0.4984,0.4984,0.4983,0.4984,28557.4,1717976699999,14232.79200,106,16867.1,8406.56264,0
1717976700000,0.4984,0.4984,0.4982,0.4984,105448.0,1717976759999,52548.25294,241,54432.1,27127.09138,0
1717976760000,0.4985,0.4986,0.4983,0.4984,297712.1,1717976819999,148397.72072,216,103500.9,51592.75444,0
1717976820000,0.4985,0.4986,0.4984,0.4986,46072.3,1717976879999,22967.33607,131,43064.5,21468.23159,0
1717976880000,0.4986,0.4986,0.4985,0.4986,73178.0,1717976939999,36485.40602,97,61730.2,30778.67772,0
1717976940000,0.4986,0.4986,0.4985,0.4985,39053.4,1717976999999,19470.03370,103,19138.0,9542.20680,0
1717977000000,0.4985,0.4986,0.4985,0.4986,96132.8,1717977059999,47926.13662,169,39358.2,19623.99852,0
1717977060000,0.4985,0.4986,0.4983,0.4984,163566.3,1717977119999,81527.23636,217,30664.3,15286.06100,0
1717977120000,0.4983,0.4984,0.4983,0.4983,90236.4,1717977179999,44965.88171,173,10835.9,5400.61256,0
1717977180000,0.4983,0.4983,0.4982,0.4983,40724.8,1717977239999,20291.79884,142,1790.0,891.95700,0
1717977240000,0.4982,0.4983,0.4982,0.4982,24373.0,1717977299999,12143.12145,114,4928.5,2455.87155,0
1717977300000,0.4983,0.4985,0.4982,0.4984,137522.7,1717977359999,68534.57404,184,129218.0,64395.93160,0
1717977360000,0.4985,0.4986,0.4984,0.4986,172815.6,1717977419999,86150.74896,206,156879.3,78207.88735,0
1717977420000,0.4986,0.4986,0.4984,0.4986,195477.2,1717977479999,97445.37902,195,82804.4,41277.99481,0
1717977480000,0.4986,0.4986,0.4985,0.4986,49624.6,1717977539999,24742.57239,112,47092.9,23480.51994,0
1717977540000,0.4985,0.4986,0.4985,0.4985,35757.0,1717977599999,17826.33099,114,14664.9,7311.91914,0
