open_time,open,high,low,close,volume,close_time,quote_volume,count,taker_buy_volume,taker_buy_quote_volume,ignore
1661904000000,0.3265,0.3276,0.3265,0.3274,5263255.1,1661904299999,1720221.23124,1917,3807976.2,1244774.89421,0
1661904300000,0.3274,0.3282,0.3273,0.3276,3924308.4,1661904599999,1286144.63319,1953,1644803.1,539162.04740,0
1661904600000,0.3276,0.3280,0.3273,0.3277,2114738.9,1661904899999,693011.32559,1234,835625.4,273856.76983,0
1661904900000,0.3277,0.3279,0.3274,0.3278,2049525.7,1661905199999,671558.95695,951,692109.7,226812.75205,0
1661905200000,0.3278,0.3284,0.3277,0.3284,1927502.6,1661905499999,632317.84174,848,901982.7,295924.67205,0
1661905500000,0.3284,0.3289,0.3281,0.3284,2521428.3,1661905799999,828379.29215,1238,1152793.6,378752.42004,0
1661905800000,0.3284,0.3291,0.3284,0.3290,2539952.4,1661906099999,835270.66936,1187,1303927.7,428804.18168,0
1661906100000,0.3289,0.3293,0.3287,0.3290,2281114.4,1661906399999,750563.36038,1048,956558.1,314756.26230,0
1661906400000,0.3291,0.3293,0.3288,0.3291,1965552.3,1661906699999,646872.34529,692,1112322.3,366127.96493,0
1661906700000,0.3290,0.3296,0.3289,0.3290,2084775.0,1661906999999,686326.09782,872,1080931.4,355865.95942,0
1661907000000,0.3290,0.3294,0.3286,0.3290,1681369.1,1661907299999,553231.60509,778,823375.3,270937.96129,0
1661907300000,0.3290,0.3291,0.3286,0.3290,1491815.7,1661907599999,490679.99523,620,569108.4,187225.31650,0
1661907600000,0.3290,0.3292,0.3287,0.3288,2324353.4,1661907899999,764528.66450,1038,1038108.4,341508.19308,0
1661907900000,0.3288,0.3298,0.3287,0.3294,2324261.9,1661908199999,765379.80644,1196,1148297.2,378139.04306,0
1661908200000,0.3294,0.3297,0.3291,0.3297,2561522.9,1661908499999,843731.72726,965,1387513.5,457056.01169,0
1661908500000,0.3297,0.3298,0.3292,0.3294,2980326.0,1661908799999,982252.24450,1133,1357289.1,447367.31608,0
1661908800000,0.3294,0.3299,0.3293,0.3296,2463879.6,1661909099999,812342.10948,898,1521481.2,501667.02032,0
1661909100000,0.3296,0.3299,0.3291,0.3293,2073598.0,1661909399999,683049.91451,859,1005022.2,331059.82050,0
1661909400000,0.3294,0.3296,0.3292,0.3295,1762359.7,1661909699999,580539.71585,899,758654.9,249921.17511,0
1661909700000,0.3295,0.3318,0.3294,0.3308,12920656.7,1661909999999,4274364.67956,4637,7397709.8,2447513.47687,0
1661910000000,0.3308,0.3317,0.3305,0.3310,7171200.1,1661910299999,2373802.93159,2091,3870991.8,1281438.04511,0
1661910300000,0.3310,0.3312,0.3303,0.3310,7542334.7,1661910599999,2494495.72271,1953,3598287.9,1190026.53688,0
1661910600000,0.3310,0.3312,0.3302,0.3302,2384672.5,1661910899999,788655.89405,843,829606.6,274371.85533,0
1661910900000,0.3303,0.3306,0.3302,0.3302,2145570.5,1661911199999,708854.42686,746,1121731.9,370609.19741,0
1661911200000,0.3303,0.3306,0.3299,0.3304,3188604.3,1661911499999,1053190.42835,1658,1634536.1,539914.62245,0
1661911500000,0.3304,0.3309,0.3304,0.3308,2640132.5,1661911799999,873087.40876,1546,1440938.7,476548.16496,0
1661911800000,0.3308,0.3320,0.3308,0.3320,3735995.3,1661912099999,1238036.00639,2246,2203407.2,730202.85255,0
1661912100000,0.3320,0.3320,0.3314,0.3320,2843601.1,1661912399999,943371.20691,1596,1315609.5,436485.77762,0
1661912400000,0.3320,0.3321,0.3314,0.3318,3259056.2,1661912699999,1081315.16012,1708,1818170.6,603271.54895,0
1661912700000,0.3318,0.3319,0.3315,0.3316,1317685.1,1661912999999,437083.46166,815,671808.2,222859.29399,0
1661913000000,0.3317,0.3321,0.3316,0.3319,2204653.4,1661913299999,731456.23827,1020,1141731.9,378811.61193,0
1661913300000,0.3318,0.3321,0.3318,0.3320,1255791.9,1661913599999,416790.83437,617,472143.3,156712.61559,0
1661913600000,0.3319,0.3323,0.3318,0.3323,2530090.4,1661913899999,840164.93167,1022,1373335.8,456052.63901,0
1661913900000,0.3323,0.3325,0.3317,0.3319,3366701.4,1661914199999,1118131.42588,1278,1610435.5,534909.39263,0
1661914200000,0.3319,0.3323,0.3316,0.3316,4169070.7,1661914499999,1384025.84779,1297,2295049.2,761904.98642,0
1661914500000,0.3316,0.3317,0.3314,0.3314,874796.4,1661914799999,290035.30218,499,253142.3,83938.70791,0
1661914800000,0.3315,0.3318,0.3311,0.3311,2428181.3,1661915099999,804931.83778,1298,1089221.2,361105.96918,0
1661915100000,0.3312,0.3316,0.3310,0.3311,1884066.6,1661915399999,624015.71976,929,631610.4,209213.21597,0
1661915400000,0.3312,0.3315,0.3311,0.3312,2023485.9,1661915699999,670343.60143,953,969012.2,321004.65257,0
1661915700000,0.3313,0.3318,0.3310,0.3312,3541035.9,1661915999999,1173926.06752,1227,1711037.6,567229.84055,0
1661916000000,0.3312,0.3325,0.3309,0.3323,5030013.4,1661916299999,1668105.79817,1812,2644047.8,877010.62005,0
1661916300000,0.3321,0.3323,0.3310,0.3316,4286013.9,1661916599999,1421022.62979,1533,1867128.2,618985.25197,0
1661916600000,0.3317,0.3323,0.3315,0.3323,1481960.8,1661916899999,491855.27332,913,867315.2,287891.43185,0
1661916900000,0.3323,0.3324,0.3317,0.3320,1443593.5,1661917199999,479483.71745,785,607716.1,201841.34992,0
1661917200000,0.3319,0.3323,0.3318,0.3322,1130128.0,1661917499999,375272.67507,607,518824.7,172309.26913,0
1661917500000,0.3322,0.3324,0.3313,0.3315,2285885.8,1661917799999,758663.07004,778,739302.8,245442.70716,0
1661917800000,0.3315,0.3318,0.3313,0.3317,1068716.3,1661918099999,354352.13650,624,621899.0,206223.86666,0
1661918100000,0.3318,0.3320,0.3315,0.3317,1810841.6,1661918399999,600733.07229,846,739540.4,245361.04916,0
1661918400000,0.3318,0.3325,0.3316,0.3324,3903627.1,1661918699999,1296454.52151,1578,2360445.9,784132.12549,0
1661918700000,0.3324,0.3325,0.3321,0.3323,969666.1,1661918999999,322200.70349,766,480291.0,159598.60404,0
1661919000000,0.3322,0.3324,0.3320,0.3324,1455475.9,1661919299999,483462.14050,836,814791.3,270670.72291,0
1661919300000,0.3323,0.3328,0.3322,0.3323,2286561.4,1661919599999,760257.46135,1287,1239455.4,412148.26306,0
1661919600000,0.3324,0.3325,0.3318,0.3322,2154865.7,1661919899999,715723.88920,1172,1105255.2,367127.01100,0
1661919900000,0.3321,0.3326,0.3319,0.3320,1670131.9,1661920199999,554808.28346,945,562298.4,186831.84567,0
1661920200000,0.3319,0.3324,0.3319,0.3324,1152867.8,1661920499999,382944.34639,646,722749.6,240075.28104,0
1661920500000,0.3324,0.3334,0.3323,0.3331,4201638.1,1661920799999,1398451.01004,1745,2414453.0,803627.42947,0
1661920800000,0.3330,0.3332,0.3327,0.3327,1052137.2,1661921099999,350387.51554,616,394315.4,131320.52852,0
1661921100000,0.3327,0.3328,0.3320,0.3321,1598734.8,1661921399999,531586.58936,827,584092.7,194267.57859,0
1661921400000,0.3321,0.3323,0.3320,0.3321,1311460.7,1661921699999,435602.63699,668,651401.1,216373.63048,0
1661921700000,0.3321,0.3323,0.3319,0.3321,1472263.2,1661921999999,488940.57859,625,546126.8,181388.97304,0
1661922000000,0.3322,0.3326,0.3319,0.3321,1708900.6,1661922299999,567715.16411,927,677490.0,225110.26465,0
1661922300000,0.3320,0.3323,0.3320,0.3322,1768489.3,1661922599999,587362.38842,1000,1023381.6,339903.18762,0
1661922600000,0.3321,0.3323,0.3319,0.3321,1190405.5,1661922899999,395304.58841,745,550021.6,182666.94795,0
1661922900000,0.3322,0.3326,0.3319,0.3324,1376297.8,1661923199999,457331.90238,736,550954.9,183074.32527,0
1661923200000,0.3324,0.3327,0.3323,0.3323,1361832.5,1661923499999,452789.58525,606,504018.1,167609.03944,0
1661923500000,0.3324,0.3324,0.3317,0.3319,1832621.8,1661923799999,608513.11665,743,919040.9,305169.68369,0
1661923800000,0.3319,0.3327,0.3318,0.3325,2098294.8,1661924099999,697528.81560,927,1128484.9,375063.51032,0
1661924100000,0.3326,0.3327,0.3324,0.3326,1087226.6,1661924399999,361613.00469,598,719443.8,239298.75228,0
1661924400000,0.3325,0.3331,0.3325,0.3326,1675598.5,1661924699999,557792.55408,849,906271.0,301701.99576,0
1661924700000,0.3325,0.3330,0.3324,0.3325,1290908.1,1661924999999,429515.35054,700,618548.0,205803.94100,0
1661925000000,0.3324,0.3328,0.3323,0.3326,1043676.7,1661925299999,347074.78015,566,578356.8,192319.93026,0
1661925300000,0.3326,0.3326,0.3320,0.3324,1404778.7,1661925599999,466832.70817,710,599194.6,199116.40164,0
1661925600000,0.3324,0.3328,0.3320,0.3324,2228228.8,1661925899999,740483.28799,1311,924317.3,307159.81542,0
1661925900000,0.3324,0.3331,0.3323,0.3329,1808678.9,1661926199999,601924.33234,1102,1023750.8,340693.35228,0
1661926200000,0.3329,0.3336,0.3325,0.3329,3725463.9,1661926499999,1240862.91851,1756,1928284.7,642310.89302,0
1661926500000,0.3328,0.3329,0.3312,0.3314,5293791.1,1661926799999,1757250.41083,2057,1941074.0,644268.02190,0
1661926800000,0.3315,0.3324,0.3314,0.3321,2272193.6,1661927099999,754488.73119,1087,1441162.0,478520.85835,0
1661927100000,0.3321,0.3323,0.3314,0.3315,2358286.4,1661927399999,782617.76299,1075,1041029.7,345508.56890,0
1661927400000,0.3314,0.3315,0.3304,0.3307,4742397.5,1661927699999,1569100.20391,2159,1974203.1,653194.82116,0
1661927700000,0.3307,0.3312,0.3304,0.3311,2607294.7,1661927999999,862611.86814,1100,1646240.6,544722.31145,0
1661928000000,0.3310,0.3313,0.3309,0.3311,1560863.7,1661928299999,516785.69764,815,787590.3,260765.37497,0
1661928300000,0.3310,0.3313,0.3310,0.3312,1750211.7,1661928599999,579630.94124,909,973720.9,322494.05633,0
1661928600000,0.3311,0.3313,0.3307,0.3308,1796271.2,1661928899999,594656.64619,790,834385.4,276251.21182,0
1661928900000,0.3308,0.3311,0.3307,0.3309,1078060.3,1661929199999,356694.94098,583,681168.6,225378.98013,0
1661929200000,0.3309,0.3312,0.3307,0.3309,1758524.2,1661929499999,581980.52651,974,872027.2,288607.27774,0
1661929500000,0.3309,0.3313,0.3306,0.3309,2992462.6,1661929799999,990304.49212,1405,1917444.0,634540.35468,0
1661929800000,0.3309,0.3315,0.3307,0.3315,2295175.9,1661930099999,759974.11192,1174,1286763.6,426050.58951,0
1661930100000,0.3315,0.3321,0.3314,0.3321,2245632.3,1661930399999,745163.59374,1192,1459199.6,484205.88292,0
1661930400000,0.3321,0.3321,0.3314,0.3315,3284573.8,1661930699999,1089422.47440,1020,1186688.0,393523.48802,0
1661930700000,0.3315,0.3319,0.3312,0.3318,1067114.8,1661930999999,353787.46136,645,513870.8,170367.00162,0
1661931000000,0.3318,0.3319,0.3312,0.3312,1054774.0,1661931299999,349761.24562,655,433699.4,143810.84210,0
1661931300000,0.3312,0.3315,0.3310,0.3312,997707.9,1661931599999,330459.14312,627,504006.7,166947.88622,0
1661931600000,0.3312,0.3316,0.3311,0.3315,1571821.8,1661931899999,520813.51098,717,845832.8,280255.33674,0
1661931900000,0.3314,0.3315,0.3309,0.3310,1547663.7,1661932199999,512643.84471,834,780603.3,258594.48138,0
1661932200000,0.3311,0.3312,0.3305,0.3308,2687460.5,1661932499999,889353.83044,1066,1439427.4,476445.23524,0
1661932500000,0.3308,0.3311,0.3303,0.3304,2774774.4,1661932799999,917483.13424,1106,1121245.5,370780.06409,0
1661932800000,0.3304,0.3311,0.3303,0.3309,2055405.0,1661933099999,679786.74031,1230,1031604.5,341203.58438,0
1661933100000,0.3310,0.3316,0.3307,0.3313,2652056.1,1661933399999,878337.40365,1286,1579419.3,523161.65112,0
1661933400000,0.3314,0.3317,0.3313,0.3316,1956565.8,1661933699999,648458.81535,1053,1050353.6,348140.87822,0
1661933700000,0.3316,0.3316,0.3311,0.3313,1493843.5,1661933999999,494938.71845,776,674334.9,223428.18320,0
1661934000000,0.3313,0.3313,0.3288,0.3294,8810954.1,1661934299999,2904064.86415,3493,3919440.7,1291457.74721,0
1661934300000,0.3293,0.3295,0.3286,0.3295,5234204.6,1661934599999,1721874.82247,2059,2638306.1,868016.47976,0
1661934600000,0.3294,0.3296,0.3289,0.3291,3222874.1,1661934899999,1061123.85311,1496,1807573.4,595195.67070,0
1661934900000,0.3290,0.3303,0.3287,0.3302,4389155.9,1661935199999,1447016.86668,1601,2843373.4,937515.89229,0
1661935200000,0.3301,0.3313,0.3300,0.3308,3488099.8,1661935499999,1153298.78179,1593,1989145.0,657626.96372,0
1661935500000,0.3307,0.3312,0.3306,0.3307,2694703.4,1661935799999,891570.23956,1053,1124110.9,371973.59222,0
1661935800000,0.3308,0.3308,0.3302,0.3304,1854660.0,1661936099999,612984.38469,859,726224.0,240037.76033,0
1661936100000,0.3304,0.3306,0.3299,0.3301,1880768.2,1661936399999,620962.30958,739,762051.2,251634.57871,0
1661936400000,0.3300,0.3303,0.3295,0.3302,1940090.6,1661936699999,640115.29964,1248,1021316.0,336976.98469,0
1661936700000,0.3302,0.3303,0.3298,0.3300,1793902.8,1661936999999,592079.40455,1102,875692.3,289019.43103,0
1661937000000,0.3300,0.3305,0.3299,0.3301,1708924.4,1661937299999,564280.09518,1084,1053529.9,347872.79678,0
1661937300000,0.3301,0.3306,0.3300,0.3305,1436345.0,1661937599999,474532.76901,837,969780.6,320390.42959,0
1661937600000,0.3304,0.3311,0.3303,0.3305,1923253.6,1661937899999,635765.24245,1047,939271.4,310486.50340,0
1661937900000,0.3304,0.3310,0.3302,0.3305,2023136.0,1661938199999,668899.78472,1162,1173950.5,388205.27334,0
1661938200000,0.3306,0.3314,0.3305,0.3311,2827724.5,1661938499999,935852.79181,1354,1600088.0,529494.10707,0
1661938500000,0.3311,0.3316,0.3309,0.3310,1686518.0,1661938799999,558826.30051,798,716374.4,237418.88933,0
1661938800000,0.3311,0.3320,0.3309,0.3319,2223316.9,1661939099999,736998.61650,1032,1515493.0,502369.37833,0
1661939100000,0.3319,0.3323,0.3318,0.3322,2893947.2,1661939399999,960881.11553,1345,1683237.8,558917.80811,0
1661939400000,0.3322,0.3336,0.3321,0.3333,4496793.8,1661939699999,1497403.79542,2353,2725062.0,907562.87327,0
1661939700000,0.3332,0.3334,0.3324,0.3332,5222543.1,1661939999999,1738627.90431,2122,2340598.6,779335.78559,0
1661940000000,0.3331,0.3338,0.3331,0.3334,4219444.2,1661940299999,1406678.58381,2439,2322873.2,774497.03661,0
1661940300000,0.3334,0.3335,0.3316,0.3318,5605931.5,1661940599999,1863401.78900,3135,2360960.0,784854.55243,0
1661940600000,0.3318,0.3321,0.3313,0.3321,5453456.6,1661940899999,1808654.18335,2540,2997422.5,994201.08543,0
1661940900000,0.3320,0.3324,0.3317,0.3319,3853795.9,1661941199999,1279530.42723,1983,2245516.0,745621.30872,0
1661941200000,0.3319,0.3319,0.3308,0.3314,3774147.3,1661941499999,1250329.23182,2139,1785454.4,591530.57969,0
1661941500000,0.3315,0.3318,0.3309,0.3312,3138836.9,1661941799999,1039922.71253,1721,1654490.9,548222.19555,0
1661941800000,0.3313,0.3314,0.3309,0.3312,3053970.1,1661942099999,1011138.49949,1391,1149857.0,380736.19212,0
1661942100000,0.3312,0.3318,0.3311,0.3316,2375358.9,1661942399999,787244.74269,1118,1495941.9,495802.71028,0
1661942400000,0.3315,0.3319,0.3312,0.3315,2183827.3,1661942699999,724016.78761,1010,934383.5,309808.72552,0
1661942700000,0.3314,0.3317,0.3309,0.3317,2632092.1,1661942999999,872016.37639,1133,1066534.4,353390.23528,0
1661943000000,0.3317,0.3326,0.3315,0.3320,5836112.2,1661943299999,1937318.02122,1999,2791010.0,926617.23241,0
1661943300000,0.3321,0.3321,0.3310,0.3311,2064276.3,1661943599999,684315.81070,1235,962740.7,319126.01450,0
1661943600000,0.3312,0.3320,0.3310,0.3316,3282703.8,1661943899999,1088117.44648,1606,1961043.1,649965.27392,0
1661943900000,0.3317,0.3318,0.3304,0.3308,3095644.5,1661944199999,1024608.14922,1498,1490425.0,493279.08115,0
1661944200000,0.3308,0.3308,0.3304,0.3307,2135887.1,1661944499999,706170.60095,1173,1238796.6,409586.38845,0
1661944500000,0.3306,0.3310,0.3303,0.3309,1200342.9,1661944799999,396766.46760,843,853470.7,282134.55054,0
1661944800000,0.3309,0.3310,0.3302,0.3305,1759834.0,1661945099999,581882.21946,1046,906672.5,299827.85256,0
1661945100000,0.3306,0.3306,0.3297,0.3302,3643562.8,1661945399999,1202238.69483,1576,1562369.4,515515.97743,0
1661945400000,0.3301,0.3306,0.3298,0.3300,2369965.6,1661945699999,782504.72875,1309,1139040.5,376103.57835,0
1661945700000,0.3300,0.3303,0.3291,0.3294,3350243.0,1661945999999,1104340.53797,1359,1598475.7,527125.54278,0
1661946000000,0.3294,0.3297,0.3291,0.3293,3457982.8,1661946299999,1139185.80973,1212,1887496.8,621876.58469,0
1661946300000,0.3294,0.3298,0.3292,0.3297,2350656.5,1661946599999,774513.38280,898,1799042.4,592744.14168,0
1661946600000,0.3297,0.3303,0.3295,0.3300,2374489.4,1661946899999,783308.61282,1070,1211875.4,399836.79896,0
1661946900000,0.3299,0.3303,0.3297,0.3301,1713956.7,1661947199999,565664.81237,827,1074564.0,354673.66203,0
1661947200000,0.3301,0.3314,0.3301,0.3313,5400415.5,1661947499999,1786210.17268,2269,2954564.2,977202.93530,0
1661947500000,0.3314,0.3319,0.3313,0.3315,2657509.7,1661947799999,881306.91553,1588,1251678.6,415143.12573,0
1661947800000,0.3314,0.3318,0.3312,0.3312,2285341.1,1661948099999,757663.36197,1398,872335.7,289277.64587,0
1661948100000,0.3311,0.3323,0.3311,0.3316,5264665.3,1661948399999,1746630.29640,2081,2669455.2,885559.22985,0
1661948400000,0.3316,0.3318,0.3296,0.3301,7972304.2,1661948699999,2635507.94279,2920,4236244.0,1400414.19134,0
1661948700000,0.3300,0.3311,0.3300,0.3305,3457725.3,1661948999999,1143313.27923,1571,2028182.4,670611.93984,0
1661949000000,0.3305,0.3307,0.3298,0.3302,2682519.0,1661949299999,885638.23524,1454,1390068.6,458986.40762,0
1661949300000,0.3302,0.3315,0.3302,0.3314,3559609.2,1661949599999,1177353.38040,1425,1732186.5,572967.79298,0
1661949600000,0.3314,0.3315,0.3306,0.3309,4635333.9,1661949899999,1534585.59305,1443,2423182.3,802124.31231,0
1661949900000,0.3310,0.3317,0.3307,0.3316,4069597.5,1661950199999,1348461.66760,1496,1807849.2,599070.40605,0
1661950200000,0.3316,0.3317,0.3311,0.3313,1514895.8,1661950499999,502027.03646,882,747656.4,247787.93370,0
1661950500000,0.3313,0.3314,0.3309,0.3309,1595325.2,1661950799999,528271.86846,713,698307.5,231279.71491,0
1661950800000,0.3310,0.3313,0.3305,0.3312,2326894.1,1661951099999,770197.89547,1195,1323954.4,438241.04148,0
1661951100000,0.3312,0.3314,0.3307,0.3312,2347577.2,1661951399999,777252.02821,1274,1248263.8,413309.71960,0
1661951400000,0.3312,0.3314,0.3304,0.3306,3320810.0,1661951699999,1098794.82419,1539,1885673.0,623915.96771,0
1661951700000,0.3306,0.3310,0.3301,0.3302,2516246.8,1661951999999,831786.53514,1240,1040421.3,343956.41268,0
1661952000000,0.3303,0.3308,0.3301,0.3302,1565275.4,1661952299999,517243.12452,751,782931.5,258719.23282,0
1661952300000,0.3302,0.3305,0.3301,0.3302,1543114.0,1661952599999,509617.49651,792,741978.6,245066.01172,0
1661952600000,0.3302,0.3303,0.3287,0.3288,10374524.8,1661952899999,3418415.36140,3543,3920468.4,1291802.89611,0
1661952900000,0.3288,0.3295,0.3281,0.3290,5338454.0,1661953199999,1755635.92853,2189,2940367.7,967344.76862,0
1661953200000,0.3290,0.3304,0.3290,0.3303,4079943.9,1661953499999,1344827.30609,1664,2540871.0,837427.59300,0
1661953500000,0.3303,0.3308,0.3299,0.3303,4117128.8,1661953799999,1360097.89085,1786,1841392.7,608312.79681,0
1661953800000,0.3303,0.3309,0.3302,0.3305,2086503.6,1661954099999,689769.96240,964,1078524.6,356549.56321,0
1661954100000,0.3305,0.3307,0.3289,0.3291,5101304.1,1661954399999,1682818.97239,1753,1741185.6,574437.91942,0
1661954400000,0.3290,0.3295,0.3287,0.3292,3546465.8,1661954699999,1167152.92416,1733,1936680.6,637414.30592,0
1661954700000,0.3292,0.3297,0.3290,0.3291,3010345.7,1661954999999,991370.97139,1350,1367628.0,450452.26769,0
1661955000000,0.3290,0.3303,0.3290,0.3300,2853152.2,1661955299999,940918.72727,1394,1803527.6,594736.27655,0
1661955300000,0.3300,0.3300,0.3293,0.3297,1750068.4,1661955599999,576982.35546,1074,696245.3,229563.48844,0
1661955600000,0.3297,0.3304,0.3295,0.3298,1905382.2,1661955899999,628566.11614,896,880509.0,290534.70392,0
1661955900000,0.3298,0.3302,0.3291,0.3292,2233788.1,1661956199999,736420.94470,911,1045551.6,344743.98528,0
1661956200000,0.3292,0.3295,0.3287,0.3291,3137964.0,1661956499999,1032522.03482,1224,1357365.8,446660.86053,0
1661956500000,0.3291,0.3295,0.3277,0.3280,4655456.1,1661956799999,1529130.16167,1897,1898253.5,623881.23243,0
1661956800000,0.3281,0.3294,0.3279,0.3292,3268487.2,1661957099999,1074066.06904,1657,1871390.6,615078.67129,0
1661957100000,0.3291,0.3295,0.3287,0.3291,3059663.9,1661957399999,1006919.40475,1230,1509418.2,496799.29336,0
1661957400000,0.3290,0.3293,0.3280,0.3285,5433243.4,1661957699999,1783860.24813,1611,2373568.7,779484.34092,0
1661957700000,0.3285,0.3285,0.3271,0.3273,5565827.3,1661957999999,1823492.26665,2421,2403518.0,787511.90158,0
1661958000000,0.3272,0.3273,0.3244,0.3251,18830271.0,1661958299999,6136772.09887,6789,7657413.6,2495335.80651,0
1661958300000,0.3251,0.3251,0.3228,0.3242,15739297.9,1661958599999,5099129.64012,6495,7270327.7,2355465.51463,0
1661958600000,0.3243,0.3249,0.3237,0.3248,5176672.1,1661958899999,1678266.81301,2843,2796642.7,906827.54973,0
1661958900000,0.3248,0.3254,0.3241,0.3254,5749888.0,1661959199999,1867345.06167,2778,2613165.2,848724.93435,0
1661959200000,0.3253,0.3254,0.3244,0.3250,3467647.8,1661959499999,1126629.21970,1903,1828848.3,594193.76642,0
1661959500000,0.3249,0.3253,0.3245,0.3249,3379369.1,1661959799999,1097859.63793,1640,1591107.0,517003.37908,0
1661959800000,0.3249,0.3255,0.3244,0.3253,4188441.1,1661960099999,1360985.91626,1869,2716720.4,882866.46408,0
1661960100000,0.3254,0.3263,0.3252,0.3260,7056201.9,1661960399999,2299168.99233,2643,3192483.0,1040298.63440,0
1661960400000,0.3260,0.3263,0.3253,0.3260,3310255.6,1661960699999,1078378.73595,1471,1752130.0,570852.54112,0
1661960700000,0.3260,0.3266,0.3257,0.3263,3035054.8,1661960999999,990108.73174,1442,1510372.5,492706.08515,0
1661961000000,0.3263,0.3263,0.3257,0.3261,2205898.7,1661961299999,719106.52712,968,1084918.8,353679.62829,0
1661961300000,0.3261,0.3265,0.3260,0.3264,1851202.8,1661961599999,604072.75549,835,962518.8,314096.55422,0
1661961600000,0.3263,0.3266,0.3259,0.3265,4342691.9,1661961899999,1416906.90247,2092,2179777.6,711216.97815,0
1661961900000,0.3264,0.3265,0.3257,0.3258,3466356.7,1661962199999,1130029.32311,1575,1918713.8,625488.35668,0
1661962200000,0.3258,0.3259,0.3254,0.3258,2737836.7,1661962499999,891499.35213,1536,1470219.7,478769.34162,0
1661962500000,0.3257,0.3264,0.3256,0.3259,2539879.0,1661962799999,827738.51978,1411,1386036.8,451759.67316,0
1661962800000,0.3259,0.3260,0.3250,0.3251,3520536.4,1661963099999,1146174.78754,1716,1697953.1,552925.13111,0
1661963100000,0.3251,0.3257,0.3250,0.3256,2249576.8,1661963399999,732192.28488,1123,1455650.5,473798.86359,0
1661963400000,0.3257,0.3262,0.3253,0.3261,2051820.4,1661963699999,668351.86812,1202,1130641.1,368341.80140,0
1661963700000,0.3262,0.3264,0.3254,0.3260,1492505.9,1661963999999,486517.60563,888,772439.1,251811.85972,0
1661964000000,0.3259,0.3260,0.3255,0.3257,1864639.0,1661964299999,607310.33363,814,688383.6,224231.80303,0
1661964300000,0.3256,0.3258,0.3254,0.3256,1531915.4,1661964599999,498791.55768,823,807920.1,263073.37272,0
1661964600000,0.3257,0.3261,0.3254,0.3257,2147869.9,1661964899999,699790.18210,817,1080306.4,352005.62730,0
1661964900000,0.3256,0.3260,0.3254,0.3256,2396198.4,1661965199999,780335.70355,984,1065892.0,347098.81015,0
1661965200000,0.3257,0.3259,0.3252,0.3258,2917116.3,1661965499999,949711.44924,1301,1037256.2,337709.28064,0
1661965500000,0.3258,0.3270,0.3256,0.3269,2623013.5,1661965799999,856425.83028,1440,1630180.7,532261.94883,0
1661965800000,0.3268,0.3274,0.3266,0.3272,2962102.7,1661966099999,968905.93259,1401,1755019.3,574104.94492,0
1661966100000,0.3272,0.3278,0.3268,0.3268,3641180.4,1661966399999,1192089.23194,1815,1661463.5,544153.96199,0
1661966400000,0.3269,0.3271,0.3262,0.3268,2272343.0,1661966699999,742400.17386,1069,1077510.9,352032.77106,0
1661966700000,0.3268,0.3269,0.3264,0.3269,1349067.5,1661966999999,440744.52851,675,710620.4,232176.17673,0
1661967000000,0.3268,0.3269,0.3262,0.3265,1518589.8,1661967299999,495740.37621,756,554144.8,180869.54745,0
1661967300000,0.3265,0.3265,0.3257,0.3259,1327804.7,1661967599999,432932.27546,748,640908.6,208977.09361,0
1661967600000,0.3258,0.3258,0.3245,0.3252,6493123.9,1661967899999,2110801.44513,2540,2656673.4,863563.69822,0
1661967900000,0.3252,0.3257,0.3242,0.3244,3332518.9,1661968199999,1082899.03107,1600,1617412.3,525631.63668,0
1661968200000,0.3243,0.3257,0.3240,0.3257,3584951.9,1661968499999,1164252.78469,1721,1916773.7,622601.65982,0
1661968500000,0.3256,0.3256,0.3248,0.3250,1926756.6,1661968799999,626727.39695,908,722508.3,234977.19920,0
1661968800000,0.3250,0.3255,0.3247,0.3255,1734239.5,1661969099999,563857.69528,1188,1156395.3,376019.21219,0
1661969100000,0.3255,0.3267,0.3254,0.3265,2524303.4,1661969399999,822930.79033,1442,1242716.5,405159.81616,0
1661969400000,0.3265,0.3267,0.3261,0.3267,1096582.6,1661969699999,357876.61799,941,581131.4,189679.63396,0
1661969700000,0.3266,0.3268,0.3262,0.3264,1064637.0,1661969999999,347520.88774,841,449849.0,146855.82275,0
1661970000000,0.3265,0.3269,0.3263,0.3265,1836132.0,1661970299999,599643.62863,798,1030510.0,336548.89762,0
1661970300000,0.3265,0.3275,0.3265,0.3271,1125111.1,1661970599999,367987.42284,878,686306.9,224445.71690,0
1661970600000,0.3272,0.3272,0.3257,0.3263,2709009.8,1661970899999,884241.32937,1247,1103398.5,360038.38279,0
1661970900000,0.3263,0.3264,0.3255,0.3256,1571755.2,1661971199999,512422.77233,762,688591.0,224476.95230,0
1661971200000,0.3256,0.3260,0.3254,0.3256,1740004.5,1661971499999,566582.96536,821,886615.1,288744.33292,0
1661971500000,0.3255,0.3264,0.3253,0.3263,1842826.4,1661971799999,600319.18823,930,948558.0,309042.02123,0
1661971800000,0.3263,0.3263,0.3256,0.3260,1481701.9,1661972099999,482872.00768,739,722959.6,235585.18211,0
1661972100000,0.3260,0.3264,0.3256,0.3261,2178398.7,1661972399999,710257.40519,807,1162525.3,379068.48431,0
1661972400000,0.3261,0.3273,0.3256,0.3270,3792934.1,1661972699999,1238580.96766,1557,1919737.1,626914.80489,0
1661972700000,0.3270,0.3271,0.3265,0.3269,1965854.7,1661972999999,642423.04994,971,706212.0,230786.84746,0
1661973000000,0.3270,0.3278,0.3269,0.3278,3233526.7,1661973299999,1058819.57693,1567,1759046.8,576046.49649,0
1661973300000,0.3277,0.3290,0.3277,0.3287,6838734.1,1661973599999,2246783.93940,2777,3598740.7,1182393.34647,0
1661973600000,0.3287,0.3294,0.3283,0.3291,3668501.8,1661973899999,1205972.37438,1676,2033581.5,668663.30695,0
1661973900000,0.3291,0.3293,0.3286,0.3289,1669395.3,1661974199999,549071.39576,1121,708702.8,233139.12139,0
1661974200000,0.3288,0.3290,0.3285,0.3288,2521734.3,1661974499999,829049.23149,1245,1085113.5,356775.32374,0
1661974500000,0.3288,0.3294,0.3287,0.3293,2902840.8,1661974799999,955133.28558,1087,1461578.8,480931.31109,0
1661974800000,0.3293,0.3300,0.3290,0.3299,2728745.5,1661975099999,899149.56968,1374,1336700.3,440503.21078,0
1661975100000,0.3299,0.3304,0.3293,0.3301,5885188.0,1661975399999,1941615.11948,2324,3156215.3,1041353.27852,0
1661975400000,0.3302,0.3303,0.3293,0.3295,2802493.6,1661975699999,923665.91439,1231,1095788.9,361119.26156,0
1661975700000,0.3294,0.3295,0.3288,0.3292,2958586.4,1661975999999,974092.43556,1097,1497416.2,493094.59112,0
1661976000000,0.3291,0.3293,0.3287,0.3289,2381613.1,1661976299999,783595.56446,1293,1141892.5,375735.59731,0
1661976300000,0.3288,0.3292,0.3288,0.3289,1476179.5,1661976599999,485693.48418,834,590966.0,194452.70594,0
1661976600000,0.3290,0.3295,0.3285,0.3288,2800204.4,1661976899999,921375.65159,1234,1075514.5,353916.39882,0
1661976900000,0.3287,0.3299,0.3287,0.3295,2132282.5,1661977199999,702062.64308,1000,1224545.1,403120.19161,0
1661977200000,0.3294,0.3299,0.3292,0.3294,3456171.4,1661977499999,1138786.94525,1172,1348778.9,444419.60951,0
1661977500000,0.3293,0.3304,0.3293,0.3303,3971493.6,1661977799999,1310001.49153,1546,2657144.0,876474.41975,0
1661977800000,0.3303,0.3305,0.3299,0.3300,3382993.3,1661978099999,1117248.76810,1444,1178428.0,389259.61281,0
1661978100000,0.3300,0.3304,0.3295,0.3299,2212569.7,1661978399999,730012.70643,1110,1067946.5,352420.42100,0
1661978400000,0.3299,0.3305,0.3296,0.3302,2903047.6,1661978699999,957988.60041,999,1883112.7,621356.72121,0
1661978700000,0.3303,0.3303,0.3297,0.3301,1885027.1,1661978999999,622075.89897,772,866002.8,285775.60373,0
1661979000000,0.3302,0.3305,0.3299,0.3302,2047082.8,1661979299999,675951.87812,879,1089542.4,359794.88396,0
1661979300000,0.3302,0.3310,0.3300,0.3306,1678521.6,1661979599999,554767.49749,963,925822.6,305996.66611,0
1661979600000,0.3306,0.3308,0.3300,0.3302,3023669.3,1661979899999,999225.61218,1402,1229159.1,406234.48929,0
1661979900000,0.3302,0.3309,0.3301,0.3305,1622145.3,1661980199999,536042.09507,1080,741541.2,245024.54155,0
1661980200000,0.3305,0.3308,0.3304,0.3307,1632536.9,1661980499999,539770.33429,947,626621.7,207196.78250,0
1661980500000,0.3307,0.3307,0.3304,0.3307,1009129.1,1661980799999,333585.54942,555,650051.4,214900.95185,0
1661980800000,0.3307,0.3309,0.3305,0.3307,1601059.5,1661981099999,529435.52102,614,826007.0,273168.22425,0
1661981100000,0.3306,0.3307,0.3300,0.3300,1732331.0,1661981399999,572245.23826,826,250118.3,82647.37533,0
1661981400000,0.3301,0.3302,0.3294,0.3295,1325774.1,1661981699999,437388.94178,876,260680.5,86035.60116,0
1661981700000,0.3295,0.3298,0.3294,0.3298,422276.4,1661981999999,139220.52691,375,296827.7,97864.99020,0
1661982000000,0.3297,0.3299,0.3297,0.3298,563717.1,1661982299999,185923.63625,365,253980.6,83776.70381,0
1661982300000,0.3298,0.3300,0.3296,0.3300,819135.7,1661982599999,270141.59101,349,391880.0,129249.17245,0
1661982600000,0.3299,0.3304,0.3298,0.3304,752587.2,1661982899999,248407.80468,526,476648.6,157346.91256,0
1661982900000,0.3303,0.3311,0.3303,0.3309,1573233.7,1661983199999,520380.85186,857,873901.9,289110.06837,0
1661983200000,0.3309,0.3312,0.3301,0.3310,2806838.2,1661983499999,928146.62231,1714,1403278.0,464110.38420,0
1661983500000,0.3311,0.3312,0.3306,0.3310,1639902.2,1661983799999,542755.58717,1152,824290.6,272835.50980,0
1661983800000,0.3310,0.3310,0.3288,0.3292,3216683.3,1661984099999,1060400.06433,1695,1480673.6,487901.19686,0
1661984100000,0.3292,0.3295,0.3286,0.3294,2946638.4,1661984399999,969485.90933,1402,1542431.1,507524.08467,0
1661984400000,0.3294,0.3297,0.3290,0.3291,1541482.5,1661984699999,507786.68442,907,870393.2,286756.24402,0
1661984700000,0.3291,0.3291,0.3285,0.3289,1997725.6,1661984999999,656859.98693,919,813567.2,267568.54962,0
1661985000000,0.3288,0.3293,0.3286,0.3289,2916848.7,1661985299999,959400.45050,1083,1402427.3,461290.02741,0
1661985300000,0.3288,0.3290,0.3282,0.3283,2010986.9,1661985599999,660761.86290,928,786466.2,258458.12043,0
1661985600000,0.3283,0.3285,0.3276,0.3281,3164839.9,1661985899999,1038380.59159,1252,1287789.0,422636.84067,0
1661985900000,0.3282,0.3293,0.3280,0.3293,1909181.4,1661986199999,627406.71394,949,1184459.7,389259.36374,0
1661986200000,0.3293,0.3299,0.3291,0.3299,1511303.0,1661986499999,497910.32292,748,764007.1,251724.97044,0
1661986500000,0.3299,0.3299,0.3292,0.3294,1161019.0,1661986799999,382652.13676,486,528149.7,174105.96326,0
1661986800000,0.3294,0.3294,0.3285,0.3287,1967709.1,1661987099999,647397.00634,1118,785928.5,258524.66398,0
1661987100000,0.3287,0.3288,0.3282,0.3283,1547854.4,1661987399999,508412.69650,1088,743047.8,244089.99074,0
1661987400000,0.3284,0.3288,0.3281,0.3282,1348384.1,1661987699999,442857.68959,834,659380.5,216581.61794,0
1661987700000,0.3281,0.3283,0.3275,0.3277,1969975.1,1661987999999,646198.91145,1021,896635.1,294132.67816,0
1661988000000,0.3277,0.3279,0.3266,0.3270,3882602.6,1661988299999,1270353.16848,1591,1646956.0,538872.05987,0
1661988300000,0.3270,0.3271,0.3266,0.3268,2692508.7,1661988599999,880150.70453,997,1366151.7,446607.29662,0
1661988600000,0.3269,0.3271,0.3257,0.3261,3856115.6,1661988899999,1258858.52427,1713,1531529.8,499988.06487,0
1661988900000,0.3262,0.3266,0.3260,0.3265,1157958.8,1661989199999,377700.83942,737,611230.2,199388.40896,0
1661989200000,0.3264,0.3268,0.3261,0.3266,2047430.5,1661989499999,668277.81253,871,1151095.4,375751.82601,0
1661989500000,0.3266,0.3275,0.3265,0.3273,2015235.6,1661989799999,658989.82597,946,1350913.3,441760.14679,0
1661989800000,0.3272,0.3276,0.3270,0.3272,2266847.4,1661990099999,742033.59512,681,1610818.7,527344.13724,0
1661990100000,0.3273,0.3276,0.3271,0.3273,1104089.4,1661990399999,361448.26206,521,575055.4,188272.37214,0
