1595980800000,0.2307,0.2311,0.2306,0.2311,613874.8,1595980859999,141764.85200,141,450387.8,104005.20162,0
1595980860000,0.2311,0.2313,0.2307,0.2312,1112937.9,1595980919999,257160.09657,237,315209.9,72867.51885,0
1595980920000,0.2312,0.2319,0.2312,0.2319,734246.6,1595980979999,169997.00693,254,493413.0,114230.28233,0
1595980980000,0.2318,0.2325,0.2318,0.2323,929606.6,1595981039999,215736.60463,356,677900.0,157359.25979,0
1595981040000,0.2323,0.2327,0.2321,0.2325,2692558.7,1595981099999,625775.14960,545,1608812.4,373907.62456,0
1595981100000,0.2325,0.2326,0.2321,0.2325,760784.0,1595981159999,176727.64765,271,306170.7,71120.24144,0
1595981160000,0.2322,0.2327,0.2322,0.2325,833710.4,1595981219999,193827.05626,191,296369.1,68930.38436,0
1595981220000,0.2324,0.2328,0.2323,0.2328,379501.9,1595981279999,88246.30575,152,221528.1,51525.96550,0
1595981280000,0.2328,0.2328,0.2326,0.2327,323000.9,1595981339999,75168.29353,76,170092.5,39586.86688,0
1595981340000,0.2327,0.2328,0.2326,0.2328,163716.3,1595981399999,38097.35135,68,126139.3,29353.67511,0
1595981400000,0.2328,0.2330,0.2328,0.2329,410179.0,1595981459999,95525.23954,190,294962.7,68694.83750,0
1595981460000,0.2329,0.2332,0.2327,0.2329,566318.4,1595981519999,131929.16254,163,373477.1,87019.54828,0
1595981520000,0.2328,0.2328,0.2323,0.2323,396562.7,1595981579999,92244.13776,171,31509.6,7333.23792,0
1595981580000,0.2324,0.2324,0.2320,0.2322,515946.4,1595981639999,119828.29644,201,104944.4,24364.39366,0
1595981640000,0.2322,0.2323,0.2316,0.2319,630604.0,1595981699999,146241.95230,250,168491.1,39070.37273,0
1595981700000,0.2319,0.2323,0.2318,0.2323,227390.6,1595981759999,52752.17331,151,216214.6,50158.09870,0
1595981760000,0.2323,0.2323,0.2321,0.2323,164048.6,1595981819999,38089.83306,95,82000.7,19039.66186,0
1595981820000,0.2322,0.2322,0.2320,0.2321,317566.0,1595981879999,73708.71734,54,60931.0,14144.05744,0
1595981880000,0.2322,0.2322,0.2320,0.2320,144800.1,1595981939999,33603.07701,91,43362.7,10064.62315,0
1595981940000,0.2321,0.2323,0.2320,0.2322,164749.0,1595981999999,38248.52643,85,125694.3,29183.93091,0
1595982000000,0.2322,0.2323,0.2320,0.2323,161383.2,1595982059999,37465.72599,62,105161.3,24416.75373,0
1595982060000,0.2323,0.2323,0.2321,0.2321,103767.0,1595982119999,24094.81754,59,38757.5,9000.36724,0
1595982120000,0.2322,0.2323,0.2321,0.2323,348278.6,1595982179999,80862.25381,84,122320.3,28411.34504,0
1595982180000,0.2323,0.2323,0.2320,0.2322,147052.2,1595982239999,34134.44147,56,31140.8,7230.71833,0
1595982240000,0.2321,0.2321,0.2319,0.2319,413694.6,1595982299999,95984.00659,122,61909.2,14367.23239,0
1595982300000,0.2319,0.2321,0.2315,0.2320,1499849.1,1595982359999,347651.25421,364,840599.4,194834.22221,0
1595982360000,0.2319,0.2320,0.2317,0.2318,323961.9,1595982419999,75103.56416,114,103363.7,23967.22266,0
1595982420000,0.2318,0.2318,0.2313,0.2314,337901.3,1595982479999,78199.90023,234,64074.9,14835.30157,0
1595982480000,0.2314,0.2314,0.2311,0.2311,186916.9,1595982539999,43224.21798,184,30759.2,7117.62852,0
1595982540000,0.2311,0.2312,0.2309,0.2311,399320.2,1595982599999,92259.73242,197,171176.1,39552.14996,0
1595982600000,0.2311,0.2313,0.2310,0.2313,353872.2,1595982659999,81790.90494,103,295839.0,68373.65074,0
1595982660000,0.2313,0.2315,0.2309,0.2311,638631.4,1595982719999,147644.29743,287,296839.1,68633.84084,0
1595982720000,0.2311,0.2314,0.2311,0.2312,238493.6,1595982779999,55156.07535,85,200208.3,46306.25845,0
1595982780000,0.2312,0.2312,0.2311,0.2311,42414.8,1595982839999,9802.50599,89,4457.1,1030.48152,0
1595982840000,0.2311,0.2312,0.2309,0.2311,421441.2,1595982899999,97396.40607,223,295551.8,68305.60154,0
1595982900000,0.2311,0.2311,0.2305,0.2307,1184085.3,1595982959999,273313.17078,384,157113.6,36291.28446,0
1595982960000,0.2306,0.2310,0.2304,0.2307,748280.9,1595983019999,172562.23269,352,475815.7,109745.95065,0
1595983020000,0.2306,0.2309,0.2305,0.2309,292170.1,1595983079999,67404.63500,169,107782.5,24868.85880,0
1595983080000,0.2309,0.2309,0.2303,0.2304,541403.0,1595983139999,124824.64083,223,72151.1,16644.27810,0
1595983140000,0.2303,0.2305,0.2300,0.2303,947132.1,1595983199999,218019.26598,231,354018.6,81517.76274,0
1595983200000,0.2303,0.2304,0.2300,0.2302,487197.6,1595983259999,112132.17135,167,240164.7,55288.43355,0
1595983260000,0.2301,0.2302,0.2296,0.2302,1344566.5,1595983319999,308987.59967,430,290272.3,66741.49983,0
1595983320000,0.2302,0.2306,0.2302,0.2305,439252.7,1595983379999,101210.17458,158,245947.1,56669.84040,0
1595983380000,0.2305,0.2305,0.2303,0.2304,260058.0,1595983439999,59920.31988,74,200035.3,46092.85531,0
1595983440000,0.2303,0.2305,0.2302,0.2303,130296.0,1595983499999,30016.17486,98,76899.5,17717.42397,0
1595983500000,0.2303,0.2306,0.2303,0.2305,327643.2,1595983559999,75495.29892,108,126402.8,29132.92264,0
1595983560000,0.2303,0.2309,0.2303,0.2309,146590.5,1595983619999,33809.81305,107,108220.5,24964.26666,0
1595983620000,0.2308,0.2312,0.2307,0.2311,375324.2,1595983679999,86720.29639,208,233428.0,53933.12413,0
1595983680000,0.2310,0.2313,0.2310,0.2313,164708.8,1595983739999,38067.58342,75,162886.5,37646.63132,0
1595983740000,0.2313,0.2313,0.2310,0.2313,198971.8,1595983799999,46006.19916,112,106754.6,24685.91715,0
1595983800000,0.2313,0.2314,0.2311,0.2314,141299.3,1595983859999,32675.37980,86,93580.2,21644.10270,0
1595983860000,0.2313,0.2315,0.2312,0.2313,189856.6,1595983919999,43921.90129,78,63341.9,14652.84394,0
1595983920000,0.2312,0.2312,0.2310,0.2310,288755.0,1595983979999,66726.83303,92,75895.8,17545.25037,0
1595983980000,0.2310,0.2311,0.2308,0.2309,298923.1,1595984039999,69033.35852,132,148008.3,34192.71190,0
1595984040000,0.2309,0.2312,0.2307,0.2310,473200.9,1595984099999,109263.62311,141,166093.5,38358.73089,0
1595984100000,0.2310,0.2312,0.2308,0.2311,198720.7,1595984159999,45904.30433,107,119308.8,27564.35972,0
1595984160000,0.2311,0.2311,0.2307,0.2308,103106.1,1595984219999,23813.10786,64,29613.2,6839.46533,0
1595984220000,0.2308,0.2310,0.2306,0.2309,537238.3,1595984279999,123947.01864,219,313085.9,72236.28831,0
1595984280000,0.2308,0.2310,0.2307,0.2309,183810.9,1595984339999,42422.53766,99,118423.0,27337.49677,0
1595984340000,0.2309,0.2310,0.2307,0.2307,138280.7,1595984399999,31923.84147,47,57020.3,13165.83161,0
1595984400000,0.2308,0.2312,0.2308,0.2312,288719.6,1595984459999,66690.19577,114,198170.7,45776.57545,0
1595984460000,0.2311,0.2313,0.2309,0.2313,499176.1,1595984519999,115371.29144,133,309964.1,71654.02251,0
1595984520000,0.2313,0.2316,0.2312,0.2314,368025.1,1595984579999,85181.21730,179,273349.6,63270.14364,0
1595984580000,0.2313,0.2316,0.2312,0.2316,456789.0,1595984639999,105693.99715,115,336243.6,77810.33359,0
1595984640000,0.2316,0.2316,0.2314,0.2316,204683.7,1595984699999,47387.23809,104,74359.7,17221.00652,0
1595984700000,0.2316,0.2316,0.2314,0.2315,128152.0,1595984759999,29664.90805,63,22145.8,5128.53902,0
1595984760000,0.2314,0.2315,0.2309,0.2311,287910.8,1595984819999,66559.72064,162,85650.7,19808.26260,0
1595984820000,0.2310,0.2311,0.2308,0.2310,355916.1,1595984879999,82190.84669,152,161896.5,37396.45517,0
1595984880000,0.2310,0.2311,0.2307,0.2309,236197.8,1595984939999,54521.12036,83,70703.6,16328.64106,0
1595984940000,0.2309,0.2310,0.2308,0.2310,158069.6,1595984999999,36508.30440,35,147792.6,34136.37280,0
1595985000000,0.2311,0.2313,0.2310,0.2313,219510.1,1595985059999,50756.13159,126,184447.4,42655.59593,0
1595985060000,0.2312,0.2313,0.2310,0.2311,79948.8,1595985119999,18480.24609,73,17428.1,4029.22451,0
1595985120000,0.2311,0.2312,0.2309,0.2310,118271.5,1595985179999,27323.77774,73,68705.0,15874.41860,0
1595985180000,0.2309,0.2312,0.2308,0.2310,340369.0,1595985239999,78616.48640,108,273274.1,63118.06233,0
1595985240000,0.2310,0.2310,0.2308,0.2309,134331.2,1595985299999,31018.50378,68,66096.1,15263.36935,0
1595985300000,0.2308,0.2311,0.2308,0.2311,175848.9,1595985359999,40618.45224,76,97499.9,22522.36708,0
1595985360000,0.2311,0.2312,0.2308,0.2311,353213.2,1595985419999,81596.66903,102,241680.6,55831.84085,0
1595985420000,0.2310,0.2312,0.2309,0.2312,239789.2,1595985479999,55414.30248,77,116504.2,26927.66447,0
1595985480000,0.2312,0.2313,0.2310,0.2312,135614.0,1595985539999,31350.27242,59,86991.1,20110.36546,0
1595985540000,0.2312,0.2316,0.2312,0.2316,1310591.7,1595985599999,303293.74631,217,1165774.0,269797.99880,0
1595985600000,0.2316,0.2325,0.2314,0.2323,1728482.5,1595985659999,400849.21231,517,1289176.0,298986.61745,0
1595985660000,0.2323,0.2331,0.2322,0.2327,1790939.9,1595985719999,416893.57366,446,1552399.8,361418.62551,0
1595985720000,0.2328,0.2335,0.2327,0.2333,596289.8,1595985779999,139008.89119,358,368753.3,85952.70487,0
1595985780000,0.2333,0.2341,0.2331,0.2338,940771.2,1595985839999,219779.46604,494,270787.7,63268.51954,0
1595985840000,0.2339,0.2346,0.2336,0.2343,1613695.4,1595985899999,377842.70035,549,1066746.0,249837.77652,0
1595985900000,0.2344,0.2348,0.2343,0.2347,1114244.3,1595985959999,261354.47842,611,533517.0,125165.01743,0
1595985960000,0.2348,0.2355,0.2347,0.2354,1588993.7,1595986019999,373574.49804,722,1043030.4,245218.24473,0
1595986020000,0.2354,0.2363,0.2352,0.2357,3042792.9,1595986079999,717531.33621,1085,1508197.0,355582.10967,0
1595986080000,0.2357,0.2371,0.2357,0.2367,1830255.2,1595986139999,432783.86550,766,1451126.8,343159.33701,0
1595986140000,0.2369,0.2379,0.2367,0.2373,2901107.0,1595986199999,688337.04195,1219,1374052.6,326068.01019,0
1595986200000,0.2373,0.2380,0.2371,0.2379,2448278.1,1595986259999,581654.89795,640,1581008.7,375778.13106,0
1595986260000,0.2378,0.2394,0.2378,0.2391,2794603.8,1595986319999,667392.45523,991,1921094.8,458868.09052,0
1595986320000,0.2391,0.2391,0.2378,0.2378,2019147.5,1595986379999,481297.62508,799,647863.3,154550.67381,0
1595986380000,0.2378,0.2380,0.2374,0.2377,1179136.7,1595986439999,280351.17461,445,636676.7,151400.87682,0
1595986440000,0.2377,0.2377,0.2371,0.2374,1976371.2,1595986499999,469131.39176,612,662735.8,157338.85284,0
1595986500000,0.2372,0.2384,0.2372,0.2383,1465816.2,1595986559999,348610.70955,393,1028860.5,244639.29780,0
1595986560000,0.2384,0.2387,0.2380,0.2386,1251116.4,1595986619999,298178.26839,390,834444.1,198882.22804,0
1595986620000,0.2387,0.2391,0.2385,0.2389,1172988.5,1595986679999,280079.01148,386,717647.0,171391.64000,0
1595986680000,0.2388,0.2388,0.2383,0.2384,892470.9,1595986739999,212965.70990,178,110320.0,26341.92556,0
1595986740000,0.2383,0.2384,0.2372,0.2375,3134449.1,1595986799999,744846.25016,818,1447045.6,343760.06244,0
1595986800000,0.2376,0.2385,0.2376,0.2384,1410399.0,1595986859999,335787.43950,412,980761.2,233477.33057,0
1595986860000,0.2385,0.2387,0.2381,0.2384,734819.4,1595986919999,175176.86263,212,301261.8,71826.90195,0
1595986920000,0.2384,0.2385,0.2378,0.2378,912154.6,1595986979999,217189.54304,291,278472.0,66301.56838,0
1595986980000,0.2378,0.2380,0.2372,0.2372,1195498.0,1595987039999,284079.72737,249,543381.8,129169.70058,0
1595987040000,0.2373,0.2377,0.2372,0.2375,896128.9,1595987099999,212750.09735,223,524126.0,124429.12693,0
1595987100000,0.2373,0.2377,0.2373,0.2376,318710.6,1595987159999,75667.50525,131,93914.3,22305.54587,0
1595987160000,0.2376,0.2379,0.2372,0.2372,1244524.2,1595987219999,295707.85229,284,593110.7,140967.65007,0
1595987220000,0.2372,0.2372,0.2363,0.2368,1747042.0,1595987279999,413599.39085,474,296565.4,70235.77249,0
1595987280000,0.2368,0.2373,0.2368,0.2373,1195764.1,1595987339999,283469.16857,302,819031.4,194164.52046,0
1595987340000,0.2373,0.2381,0.2372,0.2380,1402690.6,1595987399999,333309.10579,348,908533.2,215936.30831,0
1595987400000,0.2379,0.2380,0.2377,0.2378,338049.0,1595987459999,80427.96463,128,226362.4,53860.53780,0
1595987460000,0.2378,0.2380,0.2376,0.2380,241867.7,1595987519999,57510.97594,92,179547.3,42698.62687,0
1595987520000,0.2380,0.2381,0.2379,0.2380,201072.8,1595987579999,47854.39434,95,65181.4,15514.80001,0
1595987580000,0.2380,0.2388,0.2380,0.2388,750275.5,1595987639999,178969.31227,324,579438.6,138222.18699,0
1595987640000,0.2386,0.2388,0.2382,0.2383,464310.5,1595987699999,110735.28191,190,97237.7,23194.31401,0
1595987700000,0.2382,0.2389,0.2382,0.2389,528676.0,1595987759999,126137.33380,165,448815.5,107082.62031,0
1595987760000,0.2389,0.2394,0.2388,0.2393,570315.0,1595987819999,136404.41270,268,415319.3,99342.70568,0
1595987820000,0.2394,0.2394,0.2387,0.2389,690496.3,1595987879999,164996.33115,229,193567.7,46257.16311,0
1595987880000,0.2387,0.2393,0.2386,0.2393,418304.4,1595987939999,99948.27532,211,328647.9,78535.59389,0
1595987940000,0.2392,0.2397,0.2391,0.2397,782004.1,1595987999999,187289.12680,257,595700.2,142680.19969,0
1595988000000,0.2396,0.2398,0.2388,0.2389,1237369.7,1595988059999,296012.19956,298,351593.2,84173.95830,0
1595988060000,0.2389,0.2390,0.2378,0.2378,3381170.4,1595988119999,806057.02574,670,505011.0,120519.13879,0
1595988120000,0.2378,0.2384,0.2378,0.2383,474079.4,1595988179999,112885.85252,240,290144.0,69091.75107,0
1595988180000,0.2383,0.2387,0.2383,0.2387,661620.5,1595988239999,157759.95421,258,621127.1,148107.02143,0
1595988240000,0.2386,0.2386,0.2385,0.2385,158534.3,1595988299999,37812.08624,115,16556.9,3950.47634,0
1595988300000,0.2385,0.2386,0.2374,0.2374,2159751.9,1595988359999,514108.39247,526,197201.3,46899.05669,0
1595988360000,0.2375,0.2380,0.2375,0.2378,710530.3,1595988419999,168919.26241,375,465626.7,110704.65388,0
1595988420000,0.2378,0.2381,0.2376,0.2380,876228.6,1595988479999,208376.78270,226,671269.0,159637.66438,0
1595988480000,0.2380,0.2381,0.2374,0.2376,559263.0,1595988539999,132988.13890,180,249105.4,59264.50048,0
1595988540000,0.2376,0.2382,0.2375,0.2380,798926.7,1595988599999,190052.25382,229,602400.3,143320.38842,0
1595988600000,0.2378,0.2386,0.2377,0.2386,1759536.4,1595988659999,419129.41666,334,1523640.6,362955.46950,0
1595988660000,0.2386,0.2389,0.2385,0.2386,404127.5,1595988719999,96441.07883,185,162690.6,38831.74077,0
1595988720000,0.2385,0.2392,0.2385,0.2392,588478.1,1595988779999,140575.37462,220,282603.2,67532.11967,0
1595988780000,0.2392,0.2392,0.2385,0.2386,336541.4,1595988839999,80367.76611,179,84350.4,20141.84636,0
1595988840000,0.2386,0.2391,0.2386,0.2391,720957.7,1595988899999,172191.81811,141,415643.8,99279.44019,0
1595988900000,0.2391,0.2398,0.2390,0.2392,1513826.2,1595988959999,362338.25607,356,918731.2,219879.23729,0
1595988960000,0.2391,0.2393,0.2389,0.2390,355638.5,1595989019999,85043.86600,103,213321.2,51018.49256,0
1595989020000,0.2390,0.2392,0.2390,0.2391,123943.2,1595989079999,29630.98817,51,61093.5,14607.45634,0
1595989080000,0.2391,0.2392,0.2381,0.2383,2177504.2,1595989139999,519745.25973,432,393857.8,93956.70849,0
1595989140000,0.2383,0.2383,0.2379,0.2380,396945.5,1595989199999,94503.74533,122,157773.0,37566.27102,0
1595989200000,0.2380,0.2386,0.2379,0.2385,1446368.0,1595989259999,344722.70174,308,1272992.7,303406.37608,0
1595989260000,0.2384,0.2388,0.2383,0.2385,499593.0,1595989319999,119136.36732,188,260384.6,62101.60020,0
1595989320000,0.2385,0.2387,0.2385,0.2387,140426.2,1595989379999,33512.89056,71,60169.5,14360.76948,0
1595989380000,0.2387,0.2388,0.2385,0.2386,258025.4,1595989439999,61581.98936,93,4775.1,1140.01729,0
1595989440000,0.2385,0.2385,0.2381,0.2383,175391.6,1595989499999,41797.32087,136,4097.5,977.25374,0
1595989500000,0.2383,0.2384,0.2376,0.2380,1440439.3,1595989559999,342596.39190,357,156733.4,37290.21572,0
1595989560000,0.2380,0.2385,0.2380,0.2384,210110.9,1595989619999,50063.38125,115,155137.1,36962.56742,0
1595989620000,0.2383,0.2385,0.2382,0.2385,334839.0,1595989679999,79801.13529,166,257417.7,61358.93164,0
1595989680000,0.2385,0.2387,0.2383,0.2384,585928.9,1595989739999,139717.15176,164,150974.8,36016.81711,0
1595989740000,0.2384,0.2385,0.2381,0.2383,443709.5,1595989799999,105740.09983,152,222109.0,52945.47418,0
1595989800000,0.2382,0.2385,0.2381,0.2385,287047.5,1595989859999,68410.85205,82,197703.8,47115.48141,0
1595989860000,0.2385,0.2385,0.2381,0.2381,55596.6,1595989919999,13252.71093,108,18022.7,4297.78691,0
1595989920000,0.2381,0.2382,0.2372,0.2375,1195469.6,1595989979999,284070.64465,408,186286.8,44224.79933,0
1595989980000,0.2375,0.2376,0.2369,0.2371,618626.8,1595990039999,146727.56278,342,132117.7,31363.33162,0
1595990040000,0.2371,0.2375,0.2371,0.2371,287456.4,1595990099999,68209.48877,79,119073.8,28258.02845,0
1595990100000,0.2371,0.2372,0.2364,0.2371,1175150.5,1595990159999,278390.66998,418,622478.5,147523.12651,0
1595990160000,0.2372,0.2378,0.2370,0.2378,1352540.8,1595990219999,321152.16982,216,1216534.5,288872.83887,0
1595990220000,0.2378,0.2378,0.2374,0.2375,855467.4,1595990279999,203178.71069,159,91282.4,21700.08155,0
1595990280000,0.2374,0.2376,0.2373,0.2374,630610.5,1595990339999,149742.69076,107,413317.3,98158.58750,0
1595990340000,0.2373,0.2374,0.2366,0.2368,1839791.2,1595990399999,435806.48651,431,281956.8,66788.43422,0
1595990400000,0.2368,0.2378,0.2367,0.2378,526038.5,1595990459999,124888.93399,283,434281.9,103090.93161,0
1595990460000,0.2378,0.2379,0.2375,0.2376,446917.4,1595990519999,106253.20488,144,104075.4,24744.80730,0
1595990520000,0.2376,0.2378,0.2373,0.2375,371836.1,1595990579999,88322.41456,180,141325.1,33570.17164,0
1595990580000,0.2376,0.2376,0.2373,0.2375,250251.7,1595990639999,59410.48513,118,107088.3,25424.58352,0
1595990640000,0.2376,0.2376,0.2371,0.2373,412098.3,1595990699999,97780.65499,144,37784.6,8968.10411,0
1595990700000,0.2372,0.2374,0.2370,0.2374,267672.3,1595990759999,63484.55649,111,178836.9,42413.67836,0
1595990760000,0.2373,0.2378,0.2373,0.2373,341629.4,1595990819999,81148.32194,162,182856.7,43435.29253,0
1595990820000,0.2373,0.2375,0.2371,0.2375,231410.6,1595990879999,54894.76344,68,91905.6,21811.56854,0
1595990880000,0.2374,0.2385,0.2374,0.2385,2273312.9,1595990939999,541074.45676,402,2121522.4,504952.34127,0
1595990940000,0.2384,0.2384,0.2380,0.2384,433544.6,1595990999999,103309.14809,276,143171.5,34115.95418,0
1595991000000,0.2384,0.2390,0.2382,0.2385,1319367.8,1595991059999,314845.89550,462,950400.7,226802.60741,0
1595991060000,0.2385,0.2388,0.2384,0.2388,158575.6,1595991119999,37826.62359,54,96010.3,22905.84684,0
1595991120000,0.2388,0.2388,0.2387,0.2387,119982.4,1595991179999,28650.15349,80,103546.1,24726.80868,0
1595991180000,0.2388,0.2391,0.2387,0.2389,830620.3,1595991239999,198422.16114,126,206146.1,49240.31843,0
1595991240000,0.2389,0.2390,0.2384,0.2386,373919.0,1595991299999,89259.28241,105,128269.6,30634.57420,0
1595991300000,0.2385,0.2388,0.2384,0.2388,227829.7,1595991359999,54339.50729,76,136126.0,32477.17781,0
1595991360000,0.2386,0.2387,0.2382,0.2385,339088.5,1595991419999,80874.51192,135,86467.6,20612.71590,0
1595991420000,0.2385,0.2387,0.2384,0.2384,137879.8,1595991479999,32891.54639,68,108562.5,25898.01787,0
1595991480000,0.2384,0.2386,0.2383,0.2386,286646.2,1595991539999,68340.95429,73,76969.0,18352.25851,0
1595991540000,0.2386,0.2386,0.2384,0.2385,126719.1,1595991599999,30220.98041,136,31914.6,7611.69705,0
1595991600000,0.2385,0.2392,0.2384,0.2391,640811.6,1595991659999,152953.83988,283,545680.0,130248.85535,0
1595991660000,0.2392,0.2395,0.2389,0.2395,1061696.1,1595991719999,253992.60899,263,788324.8,188639.08866,0
1595991720000,0.2394,0.2395,0.2390,0.2393,719346.2,1595991779999,172132.95725,153,215478.7,51565.79795,0
1595991780000,0.2393,0.2393,0.2391,0.2393,567714.9,1595991839999,135836.61280,97,387738.8,92784.32842,0
1595991840000,0.2392,0.2393,0.2391,0.2392,338803.5,1595991899999,81042.06765,83,177264.9,42407.83292,0
1595991900000,0.2391,0.2392,0.2389,0.2389,276387.5,1595991959999,66067.97416,203,83005.6,19844.56319,0
1595991960000,0.2390,0.2392,0.2389,0.2392,421388.1,1595992019999,100715.87243,125,300588.3,71856.79977,0
1595992020000,0.2391,0.2391,0.2390,0.2390,26278.2,1595992079999,6282.79421,85,8898.7,2127.67917,0
1595992080000,0.2390,0.2397,0.2386,0.2394,1699637.1,1595992139999,406116.21020,466,507653.4,121457.79094,0
1595992140000,0.2394,0.2409,0.2391,0.2403,3637415.2,1595992199999,873198.66391,1002,2824085.6,678173.13098,0
1595992200000,0.2403,0.2418,0.2403,0.2415,4342953.8,1595992259999,1047118.99137,1146,3376591.4,814142.28906,0
1595992260000,0.2415,0.2425,0.2413,0.2422,1565685.2,1595992319999,378705.77585,689,890645.8,215542.08123,0
1595992320000,0.2422,0.2430,0.2420,0.2427,2602646.5,1595992379999,631292.41972,1114,1539675.8,373647.61960,0
1595992380000,0.2427,0.2434,0.2421,0.2427,2369089.6,1595992439999,574803.88798,755,1135765.1,275589.63885,0
1595992440000,0.2426,0.2426,0.2416,0.2424,2604861.7,1595992499999,630689.99587,619,1359619.2,329202.45526,0
1595992500000,0.2423,0.2431,0.2419,0.2429,1750265.2,1595992559999,423947.74750,374,633687.6,153598.62119,0
1595992560000,0.2429,0.2435,0.2428,0.2433,2244708.9,1595992619999,545934.47408,503,1556947.9,378749.33953,0
1595992620000,0.2433,0.2439,0.2432,0.2434,1424821.0,1595992679999,347067.40208,510,761063.0,185380.71568,0
1595992680000,0.2435,0.2440,0.2432,0.2437,2413222.4,1595992739999,587755.60706,379,563720.4,137345.98773,0
1595992740000,0.2437,0.2438,0.2427,0.2429,1695975.1,1595992799999,412568.58935,465,459926.7,111952.28149,0
1595992800000,0.2428,0.2430,0.2424,0.2424,2694866.1,1595992859999,653976.52684,448,1421037.0,345004.26725,0
1595992860000,0.2424,0.2426,0.2421,0.2425,2443265.9,1595992919999,592063.42639,521,967404.1,234421.84431,0
1595992920000,0.2424,0.2426,0.2423,0.2425,1165403.4,1595992979999,282581.25033,365,352993.4,85604.71615,0
1595992980000,0.2425,0.2426,0.2420,0.2421,795562.9,1595993039999,192761.77045,227,90122.0,21831.11732,0
1595993040000,0.2421,0.2427,0.2421,0.2424,470126.5,1595993099999,113949.26062,164,252181.5,61134.57447,0
1595993100000,0.2426,0.2429,0.2424,0.2425,1274073.7,1595993159999,309251.56617,274,877746.3,213069.23088,0
1595993160000,0.2424,0.2425,0.2412,0.2417,977826.4,1595993219999,236350.65669,454,260763.3,62992.58654,0
1595993220000,0.2417,0.2419,0.2416,0.2419,850803.5,1595993279999,205688.99076,126,712236.5,172201.17818,0
1595993280000,0.2419,0.2420,0.2418,0.2420,209474.0,1595993339999,50664.69546,78,92725.2,22432.93562,0
1595993340000,0.2419,0.2425,0.2419,0.2423,791367.4,1595993399999,191658.50960,372,730981.4,177046.57040,0
1595993400000,0.2423,0.2427,0.2422,0.2427,813785.4,1595993459999,197373.29574,337,653919.9,158605.77080,0
1595993460000,0.2427,0.2427,0.2423,0.2425,813677.6,1595993519999,197358.80852,206,208899.9,50686.35198,0
1595993520000,0.2424,0.2424,0.2417,0.2420,512833.0,1595993579999,124103.10589,183,164586.5,39840.55850,0
1595993580000,0.2420,0.2422,0.2417,0.2418,1255676.3,1595993639999,303803.93999,227,792737.0,191851.09864,0
1595993640000,0.2418,0.2419,0.2407,0.2411,1071181.0,1595993699999,258400.07891,514,170875.9,41187.09113,0
1595993700000,0.2411,0.2415,0.2409,0.2414,767467.2,1595993759999,185225.53637,218,507600.4,122508.37539,0
1595993760000,0.2415,0.2415,0.2409,0.2410,862794.5,1595993819999,208130.78274,246,65783.0,15880.32981,0
1595993820000,0.2410,0.2412,0.2409,0.2412,1261738.9,1595993879999,304146.18007,163,790604.1,190609.55474,0
1595993880000,0.2412,0.2414,0.2411,0.2412,403500.2,1595993939999,97324.06281,120,93584.0,22574.30447,0
1595993940000,0.2412,0.2413,0.2410,0.2412,314432.4,1595993999999,75826.54200,150,180014.2,43409.87095,0
1595994000000,0.2412,0.2412,0.2410,0.2412,375754.0,1595994059999,90583.74754,110,290646.4,70068.53317,0
1595994060000,0.2412,0.2416,0.2411,0.2416,732244.1,1595994119999,176703.90944,187,322295.4,77793.59141,0
1595994120000,0.2416,0.2422,0.2416,0.2422,1036806.7,1595994179999,250833.79325,253,873826.7,211403.91686,0
1595994180000,0.2422,0.2424,0.2420,0.2422,281117.9,1595994239999,68079.90789,112,131469.7,31840.68245,0
1595994240000,0.2421,0.2423,0.2421,0.2423,100022.1,1595994299999,24225.80918,60,78974.1,19128.45988,0
1595994300000,0.2423,0.2430,0.2423,0.2429,714839.9,1595994359999,173322.23447,254,544948.4,132085.65413,0
1595994360000,0.2428,0.2432,0.2427,0.2429,773392.9,1595994419999,187917.10064,256,378624.0,92000.15417,0
1595994420000,0.2428,0.2432,0.2428,0.2431,841369.3,1595994479999,204474.00033,113,354338.1,86089.98774,0
1595994480000,0.2431,0.2431,0.2425,0.2426,740807.3,1595994539999,179855.85172,211,100217.7,24345.33576,0
1595994540000,0.2425,0.2426,0.2417,0.2420,1445680.5,1595994599999,349791.05092,529,352454.7,85272.67547,0
1595994600000,0.2420,0.2423,0.2420,0.2423,363149.5,1595994659999,87917.78260,211,326255.7,78987.72698,0
1595994660000,0.2423,0.2425,0.2423,0.2425,227945.7,1595994719999,55258.85584,163,222676.4,53982.10218,0
1595994720000,0.2425,0.2425,0.2420,0.2424,960626.8,1595994779999,232682.04600,352,294859.7,71453.11547,0
1595994780000,0.2423,0.2425,0.2422,0.2423,445743.4,1595994839999,108030.06388,201,237988.6,57682.20861,0
1595994840000,0.2423,0.2428,0.2421,0.2426,648591.8,1595994899999,157261.72066,223,499507.1,121134.96760,0
1595994900000,0.2426,0.2427,0.2423,0.2425,182495.9,1595994959999,44262.22626,87,75256.5,18254.41104,0
1595994960000,0.2425,0.2434,0.2425,0.2430,2037349.4,1595995019999,494860.35506,381,1488525.7,361548.71367,0
1595995020000,0.2430,0.2434,0.2429,0.2432,364460.8,1595995079999,88640.43813,165,231256.8,56245.67303,0
1595995080000,0.2433,0.2438,0.2431,0.2438,857715.7,1595995139999,208818.48779,215,618770.8,150678.41971,0
1595995140000,0.2438,0.2448,0.2437,0.2446,2312002.7,1595995199999,565098.17687,826,1657926.3,405230.04648,0
1595995200000,0.2445,0.2447,0.2433,0.2436,1395084.7,1595995259999,340558.95075,554,274237.3,66952.35355,0
1595995260000,0.2435,0.2439,0.2430,0.2432,787260.6,1595995319999,191725.75972,357,294566.7,71775.82674,0
1595995320000,0.2432,0.2434,0.2429,0.2433,721269.2,1595995379999,175361.50529,266,240813.9,58556.69871,0
1595995380000,0.2433,0.2435,0.2430,0.2432,904253.4,1595995439999,219968.96715,173,666138.7,162077.27818,0
1595995440000,0.2432,0.2434,0.2432,0.2434,240723.9,1595995499999,58548.77194,68,161243.8,39218.64431,0
1595995500000,0.2433,0.2435,0.2433,0.2434,657150.2,1595995559999,159955.03175,79,527271.1,128342.46881,0
1595995560000,0.2435,0.2436,0.2430,0.2432,577303.8,1595995619999,140464.96534,151,112521.1,27389.92421,0
1595995620000,0.2431,0.2432,0.2420,0.2425,1316052.4,1595995679999,319183.44839,434,227640.8,55263.03418,0
1595995680000,0.2425,0.2425,0.2420,0.2424,514232.2,1595995739999,124582.79743,139,301741.2,73102.17647,0
1595995740000,0.2423,0.2424,0.2417,0.2417,506781.0,1595995799999,122633.58878,208,95105.8,23004.10554,0
1595995800000,0.2418,0.2424,0.2418,0.2423,1130184.4,1595995859999,273729.44951,278,944806.8,228833.82556,0
1595995860000,0.2423,0.2424,0.2421,0.2423,331472.1,1595995919999,80291.99932,75,34431.5,8342.89434,0
1595995920000,0.2423,0.2424,0.2421,0.2422,156770.7,1595995979999,37973.83160,85,78940.6,19122.99160,0
1595995980000,0.2421,0.2423,0.2418,0.2423,572039.7,1595996039999,138477.37398,147,262423.5,63547.24607,0
1595996040000,0.2422,0.2424,0.2419,0.2422,1079797.5,1595996099999,261367.77182,142,179707.9,43512.05520,0
1595996100000,0.2422,0.2426,0.2420,0.2423,494914.8,1595996159999,119930.13391,163,338982.8,82155.32347,0
1595996160000,0.2423,0.2426,0.2422,0.2423,290446.1,1595996219999,70403.32848,80,156381.8,37914.02519,0
1595996220000,0.2424,0.2424,0.2420,0.2422,399543.2,1595996279999,96753.05381,104,137937.3,33414.81349,0
1595996280000,0.2421,0.2424,0.2421,0.2423,271862.1,1595996339999,65848.31703,108,148400.5,35948.24046,0
1595996340000,0.2424,0.2424,0.2420,0.2422,1095733.9,1595996399999,265367.93009,218,541156.6,131080.19283,0
1595996400000,0.2421,0.2424,0.2410,0.2411,2379107.9,1595996459999,575112.93182,542,741937.7,179631.46241,0
1595996460000,0.2411,0.2415,0.2402,0.2409,1995983.1,1595996519999,480324.40026,658,382674.9,92145.37392,0
1595996520000,0.2408,0.2414,0.2407,0.2414,378198.1,1595996579999,91163.06854,165,250616.4,60436.45659,0
1595996580000,0.2414,0.2415,0.2405,0.2409,649517.0,1595996639999,156476.96749,213,239499.9,57694.17831,0
1595996640000,0.2408,0.2410,0.2403,0.2404,456728.6,1595996699999,109888.75571,117,72274.2,17398.08503,0
1595996700000,0.2404,0.2406,0.2391,0.2399,4492696.7,1595996759999,1077041.63904,1031,1125013.3,269626.00872,0
1595996760000,0.2399,0.2409,0.2399,0.2407,1189046.2,1595996819999,285819.73552,398,712146.2,171187.84755,0
1595996820000,0.2406,0.2411,0.2405,0.2407,677644.4,1595996879999,163178.51310,179,460436.5,110907.21324,0
1595996880000,0.2406,0.2410,0.2404,0.2404,457661.9,1595996939999,110119.56830,121,154354.2,37160.94726,0
1595996940000,0.2403,0.2407,0.2400,0.2400,619558.1,1595996999999,148936.30576,165,205883.2,49504.94841,0
1595997000000,0.2403,0.2408,0.2402,0.2408,435600.9,1595997059999,104753.22174,182,254462.6,61219.46278,0
1595997060000,0.2408,0.2411,0.2407,0.2408,733862.4,1595997119999,176835.94529,206,544924.8,131313.24380,0
1595997120000,0.2408,0.2410,0.2405,0.2407,655889.5,1595997179999,157891.48624,163,161345.8,38848.13100,0
1595997180000,0.2406,0.2409,0.2405,0.2409,192293.5,1595997239999,46279.81438,63,132932.7,31991.87925,0
1595997240000,0.2408,0.2409,0.2405,0.2409,423183.8,1595997299999,101870.05765,99,119546.6,28778.62706,0
1595997300000,0.2409,0.2410,0.2408,0.2410,314377.9,1595997359999,75736.25973,71,286618.6,69049.21674,0
1595997360000,0.2409,0.2411,0.2407,0.2411,429670.8,1595997419999,103514.03416,112,196315.9,47305.40350,0
1595997420000,0.2411,0.2411,0.2409,0.2411,150602.5,1595997479999,36302.19140,53,119454.0,28797.75863,0
1595997480000,0.2411,0.2419,0.2411,0.2417,764039.3,1595997539999,184459.92616,233,688927.2,166314.55021,0
1595997540000,0.2416,0.2416,0.2409,0.2410,856228.0,1595997599999,206518.14912,166,105787.1,25529.00093,0
1595997600000,0.2410,0.2411,0.2409,0.2410,131595.9,1595997659999,31715.37417,65,120546.0,29052.80547,0
1595997660000,0.2410,0.2414,0.2410,0.2414,71040.0,1595997719999,17134.53918,80,67550.9,16293.66608,0
1595997720000,0.2415,0.2416,0.2412,0.2413,579779.4,1595997779999,139953.52393,138,279018.2,67357.18067,0
1595997780000,0.2413,0.2415,0.2410,0.2415,409758.1,1595997839999,98839.08966,110,144249.9,34804.10843,0
1595997840000,0.2415,0.2416,0.2411,0.2411,146139.6,1595997899999,35279.50658,85,57962.9,13997.99333,0
1595997900000,0.2411,0.2416,0.2411,0.2415,328015.3,1595997959999,79186.11814,88,261695.6,63181.77561,0
1595997960000,0.2414,0.2415,0.2411,0.2414,244527.4,1595998019999,59011.91422,87,79286.2,19137.11047,0
1595998020000,0.2413,0.2416,0.2411,0.2413,313449.5,1595998079999,75660.71845,87,174227.2,42061.74529,0
1595998080000,0.2413,0.2414,0.2409,0.2411,438551.2,1595998139999,105745.52455,120,100424.9,24225.69479,0
1595998140000,0.2410,0.2411,0.2407,0.2408,641019.0,1595998199999,154412.85237,106,135556.5,32667.99607,0
1595998200000,0.2407,0.2411,0.2407,0.2411,318647.6,1595998259999,76727.00460,116,101153.5,24366.28632,0
1595998260000,0.2411,0.2414,0.2411,0.2412,401418.0,1595998319999,96825.69419,122,212789.2,51321.76294,0
1595998320000,0.2412,0.2415,0.2412,0.2414,116113.1,1595998379999,28018.53443,55,96255.5,23225.53729,0
1595998380000,0.2414,0.2417,0.2414,0.2415,195930.9,1595998439999,47315.50091,82,128345.0,30994.36217,0
1595998440000,0.2414,0.2414,0.2411,0.2413,162687.4,1595998499999,39253.90582,67,73774.4,17799.51326,0
1595998500000,0.2413,0.2413,0.2411,0.2411,115789.9,1595998559999,27932.99597,125,13180.8,3180.42455,0
1595998560000,0.2412,0.2415,0.2410,0.2415,219637.3,1595998619999,52978.06293,74,183796.6,44333.67322,0
1595998620000,0.2414,0.2415,0.2410,0.2411,157755.7,1595998679999,38047.50064,64,15516.4,3741.25361,0
1595998680000,0.2410,0.2413,0.2409,0.2411,402640.6,1595998739999,97061.39594,119,168361.3,40583.42781,0
1595998740000,0.2410,0.2416,0.2410,0.2413,828189.7,1595998799999,199793.59514,185,413349.7,99692.69982,0
1595998800000,0.2413,0.2413,0.2410,0.2411,287465.3,1595998859999,69322.87843,72,93083.7,22444.07067,0
1595998860000,0.2411,0.2411,0.2406,0.2411,432128.7,1595998919999,104069.77221,129,210719.4,50752.97324,0
1595998920000,0.2411,0.2412,0.2410,0.2411,202358.6,1595998979999,48788.27761,57,178128.1,42946.55914,0
1595998980000,0.2411,0.2411,0.2407,0.2410,214522.7,1595999039999,51672.41978,69,106599.7,25679.43099,0
1595999040000,0.2410,0.2410,0.2408,0.2409,164902.8,1595999099999,39723.52766,70,64125.3,15447.85471,0
1595999100000,0.2409,0.2409,0.2401,0.2401,855757.7,1595999159999,205742.82125,241,81073.1,19476.28602,0
1595999160000,0.2401,0.2405,0.2400,0.2403,427856.2,1595999219999,102776.57547,169,285402.5,68565.17444,0
1595999220000,0.2400,0.2401,0.2392,0.2393,2287349.9,1595999279999,547877.03221,505,609708.2,146180.61823,0
1595999280000,0.2393,0.2399,0.2392,0.2399,752762.6,1595999339999,180419.30236,193,362251.0,86818.47393,0
1595999340000,0.2399,0.2401,0.2396,0.2398,530621.0,1595999399999,127274.60235,164,191775.3,45999.89950,0
1595999400000,0.2398,0.2405,0.2397,0.2405,484252.6,1595999459999,116303.18443,197,354982.0,85252.83676,0
1595999460000,0.2403,0.2405,0.2402,0.2405,42954.3,1595999519999,10322.60368,40,24878.9,5978.60245,0
1595999520000,0.2404,0.2404,0.2403,0.2403,164106.2,1595999579999,39436.87836,65,18258.8,4389.41552,0
1595999580000,0.2403,0.2405,0.2403,0.2405,166220.5,1595999639999,39954.29364,80,69740.3,16765.77511,0
1595999640000,0.2404,0.2405,0.2403,0.2405,112710.8,1595999699999,27101.76111,73,77534.0,18645.35880,0
1595999700000,0.2405,0.2410,0.2405,0.2410,400418.9,1595999759999,96370.59184,208,332213.5,79962.54817,0
1595999760000,0.2409,0.2410,0.2407,0.2409,335051.7,1595999819999,80705.01120,142,159099.7,38321.66168,0
1595999820000,0.2408,0.2408,0.2404,0.2408,613136.2,1595999879999,147543.71671,137,213182.0,51304.01984,0
1595999880000,0.2409,0.2413,0.2407,0.2411,621716.3,1595999939999,149815.89665,184,303094.7,73029.99885,0
1595999940000,0.2411,0.2419,0.2411,0.2418,2098561.4,1595999999999,506969.45582,440,1520210.6,367267.92306,0
1596000000000,0.2418,0.2420,0.2416,0.2419,388610.3,1596000059999,93999.78673,225,178882.3,43274.06183,0
1596000060000,0.2419,0.2419,0.2417,0.2419,250535.9,1596000119999,60591.93483,109,111658.8,27007.50907,0
1596000120000,0.2419,0.2419,0.2415,0.2418,459309.3,1596000179999,110999.22816,158,164025.4,39638.98673,0
1596000180000,0.2417,0.2419,0.2416,0.2418,167837.2,1596000239999,40579.32757,88,97472.4,23569.57739,0
1596000240000,0.2417,0.2423,0.2417,0.2420,739025.3,1596000299999,178851.04996,253,488591.2,118266.11337,0
1596000300000,0.2419,0.2423,0.2419,0.2421,562369.3,1596000359999,136224.76762,172,476533.3,115444.76580,0
1596000360000,0.2421,0.2423,0.2420,0.2420,144041.4,1596000419999,34882.78548,46,77820.9,18848.35210,0
1596000420000,0.2420,0.2421,0.2417,0.2417,468465.4,1596000479999,113324.84910,116,20516.8,4964.36751,0
1596000480000,0.2417,0.2418,0.2413,0.2414,318507.1,1596000539999,76945.10738,123,25694.9,6211.62831,0
1596000540000,0.2413,0.2418,0.2413,0.2418,222793.5,1596000599999,53789.27819,94,133815.2,32315.09732,0
1596000600000,0.2418,0.2423,0.2417,0.2423,858082.7,1596000659999,207640.21042,161,779917.5,188723.76684,0
1596000660000,0.2423,0.2425,0.2419,0.2420,751648.0,1596000719999,182079.93884,233,420742.0,101952.90000,0
1596000720000,0.2420,0.2423,0.2419,0.2423,191043.5,1596000779999,46256.58856,81,137219.1,33227.27685,0
1596000780000,0.2423,0.2427,0.2422,0.2426,437410.5,1596000839999,106063.51795,180,290141.3,70357.54058,0
1596000840000,0.2425,0.2427,0.2424,0.2424,627952.3,1596000899999,152311.16147,155,222439.8,53956.71261,0
1596000900000,0.2424,0.2426,0.2424,0.2426,300910.3,1596000959999,72976.37726,78,172977.4,41955.30450,0
1596000960000,0.2426,0.2429,0.2425,0.2429,266779.6,1596001019999,64757.12689,107,165443.0,40158.06041,0
1596001020000,0.2428,0.2430,0.2428,0.2429,355967.6,1596001079999,86449.25913,145,177029.1,43001.13763,0
1596001080000,0.2428,0.2428,0.2423,0.2424,903676.6,1596001139999,219114.14097,174,86569.9,20991.06811,0
1596001140000,0.2423,0.2429,0.2423,0.2425,725286.2,1596001199999,175972.08027,223,307367.3,74564.96566,0
1596001200000,0.2425,0.2426,0.2419,0.2419,1040888.3,1596001259999,252183.98369,248,186220.0,45133.88341,0
1596001260000,0.2419,0.2423,0.2419,0.2421,211733.4,1596001319999,51255.32594,97,149270.3,36134.58689,0
1596001320000,0.2421,0.2423,0.2421,0.2421,206396.4,1596001379999,49980.45149,68,77495.7,18769.02869,0
1596001380000,0.2420,0.2422,0.2420,0.2422,189899.2,1596001439999,45979.40066,103,125115.2,30297.23378,0
1596001440000,0.2421,0.2422,0.2420,0.2421,212016.8,1596001499999,51318.62294,153,24938.5,6039.09171,0
1596001500000,0.2420,0.2429,0.2419,0.2427,600054.0,1596001559999,145412.92146,216,507124.7,122862.21423,0
1596001560000,0.2427,0.2430,0.2425,0.2430,865926.2,1596001619999,210165.87701,165,458795.4,111371.43822,0
1596001620000,0.2430,0.2431,0.2428,0.2431,160485.9,1596001679999,38990.81862,94,94603.5,22988.10702,0
1596001680000,0.2431,0.2432,0.2428,0.2431,421215.0,1596001739999,102342.29668,115,261506.9,63552.23162,0
1596001740000,0.2431,0.2432,0.2426,0.2428,402448.2,1596001799999,97772.69106,140,190622.4,46334.17351,0
1596001800000,0.2428,0.2428,0.2425,0.2427,139031.0,1596001859999,33737.51812,73,35774.3,8679.70601,0
1596001860000,0.2426,0.2433,0.2425,0.2432,402738.8,1596001919999,97859.90742,176,249137.3,60534.39245,0
1596001920000,0.2432,0.2435,0.2432,0.2433,277255.7,1596001979999,67457.88445,135,169006.2,41124.92266,0
1596001980000,0.2434,0.2435,0.2432,0.2435,152854.0,1596002039999,37196.58128,58,100235.6,24394.35640,0
1596002040000,0.2434,0.2435,0.2431,0.2435,760318.0,1596002099999,184994.07379,120,459573.5,111823.20470,0
1596002100000,0.2435,0.2436,0.2426,0.2428,1790398.8,1596002159999,435076.39590,392,623183.8,151466.22807,0
1596002160000,0.2426,0.2428,0.2424,0.2426,204964.0,1596002219999,49715.20348,112,113831.2,27615.68187,0
1596002220000,0.2427,0.2429,0.2426,0.2428,247862.3,1596002279999,60165.71400,151,139117.2,33773.27795,0
1596002280000,0.2429,0.2429,0.2422,0.2423,562343.0,1596002339999,136431.76504,156,72620.4,17623.44683,0
1596002340000,0.2422,0.2424,0.2422,0.2422,221247.0,1596002399999,53596.21924,71,65597.0,15891.77558,0
1596002400000,0.2422,0.2422,0.2418,0.2419,586950.8,1596002459999,142010.29298,191,209952.5,50800.65637,0
1596002460000,0.2418,0.2420,0.2416,0.2417,628740.6,1596002519999,151949.86303,174,113574.6,27456.50571,0
1596002520000,0.2415,0.2419,0.2414,0.2418,448451.9,1596002579999,108329.69705,138,137148.8,33141.34168,0
1596002580000,0.2419,0.2426,0.2419,0.2425,505059.0,1596002639999,122360.80685,169,325497.9,78858.12402,0
1596002640000,0.2425,0.2427,0.2422,0.2427,359953.9,1596002699999,87262.37280,110,203900.2,49441.07884,0
1596002700000,0.2427,0.2434,0.2425,0.2431,2018161.9,1596002759999,490435.24917,445,729253.3,177233.52018,0
1596002760000,0.2430,0.2436,0.2430,0.2433,741165.0,1596002819999,180238.67674,204,319196.0,77624.66191,0
1596002820000,0.2433,0.2442,0.2433,0.2438,1756758.4,1596002879999,428224.27659,368,1445151.5,352250.08904,0
1596002880000,0.2438,0.2438,0.2432,0.2433,537087.8,1596002939999,130848.15148,166,283187.0,69005.09814,0
1596002940000,0.2433,0.2436,0.2430,0.2431,1162492.0,1596002999999,282803.89988,247,710947.3,172972.40348,0
1596003000000,0.2432,0.2434,0.2426,0.2429,1125977.4,1596003059999,273606.59996,296,664955.0,161644.35365,0
1596003060000,0.2429,0.2430,0.2425,0.2426,435875.4,1596003119999,105838.92420,126,186574.5,45319.63323,0
1596003120000,0.2424,0.2429,0.2424,0.2426,342123.2,1596003179999,83032.78065,109,200025.0,48548.65655,0
1596003180000,0.2426,0.2426,0.2422,0.2423,375956.3,1596003239999,91130.36508,127,128456.2,31137.23672,0
1596003240000,0.2424,0.2424,0.2421,0.2424,280006.5,1596003299999,67833.59365,100,143693.1,34818.07443,0
1596003300000,0.2424,0.2424,0.2419,0.2419,553634.7,1596003359999,134103.35246,184,287721.7,69728.38647,0
1596003360000,0.2419,0.2424,0.2419,0.2422,568055.9,1596003419999,137503.85937,151,238696.5,57788.84903,0
1596003420000,0.2420,0.2422,0.2419,0.2422,270656.2,1596003479999,65495.23883,75,79657.2,19281.70863,0
1596003480000,0.2422,0.2422,0.2416,0.2418,591676.8,1596003539999,143104.39588,212,137764.3,33328.78895,0
1596003540000,0.2416,0.2418,0.2411,0.2418,1908936.0,1596003599999,460634.94422,343,334160.6,80693.88241,0
1596003600000,0.2418,0.2419,0.2417,0.2417,167981.0,1596003659999,40613.78219,68,72679.2,17574.43445,0
1596003660000,0.2418,0.2419,0.2417,0.2419,911432.5,1596003719999,220327.94581,112,748654.3,180971.59660,0
1596003720000,0.2419,0.2419,0.2414,0.2415,490960.4,1596003779999,118584.15058,60,33907.2,8194.32160,0
1596003780000,0.2415,0.2416,0.2413,0.2415,389565.8,1596003839999,94060.26832,99,188263.2,45457.47385,0
1596003840000,0.2415,0.2419,0.2414,0.2419,155925.2,1596003899999,37661.78633,52,132498.2,32005.64492,0
1596003900000,0.2418,0.2422,0.2417,0.2422,459893.1,1596003959999,111268.01530,174,301683.3,73002.21958,0
1596003960000,0.2421,0.2422,0.2420,0.2422,145060.8,1596004019999,35116.27900,52,74505.2,18039.18870,0
1596004020000,0.2422,0.2422,0.2419,0.2420,217937.4,1596004079999,52739.86548,67,102625.8,24836.02528,0
1596004080000,0.2419,0.2419,0.2414,0.2415,147162.3,1596004139999,35544.17736,160,38999.7,9418.27115,0
1596004140000,0.2414,0.2417,0.2412,0.2417,264642.4,1596004199999,63888.78426,97,151259.4,36536.52417,0
1596004200000,0.2416,0.2418,0.2415,0.2416,236140.0,1596004259999,57068.51625,71,151251.5,36560.91111,0
1596004260000,0.2416,0.2416,0.2410,0.2413,777135.0,1596004319999,187440.62551,205,321620.8,77597.28357,0
1596004320000,0.2412,0.2416,0.2411,0.2415,279997.9,1596004379999,67565.75203,94,108728.5,26244.54527,0
1596004380000,0.2415,0.2416,0.2411,0.2412,325202.6,1596004439999,78488.76816,129,170567.9,41175.31919,0
1596004440000,0.2411,0.2412,0.2408,0.2411,387625.0,1596004499999,93409.81852,131,84804.4,20448.82477,0
1596004500000,0.2409,0.2411,0.2409,0.2411,131463.5,1596004559999,31689.17804,85,65130.1,15702.82874,0
1596004560000,0.2411,0.2413,0.2411,0.2413,277442.2,1596004619999,66906.65991,150,277442.2,66906.65991,0
1596004620000,0.2413,0.2414,0.2412,0.2414,380929.4,1596004679999,91939.14882,100,222408.2,53682.19843,0
1596004680000,0.2415,0.2416,0.2413,0.2414,249070.2,1596004739999,60140.01663,82,146069.2,35275.41295,0
1596004740000,0.2413,0.2413,0.2410,0.2410,643330.9,1596004799999,155140.29649,133,125888.4,30351.79870,0
1596004800000,0.2411,0.2416,0.2409,0.2415,1232366.7,1596004859999,297163.20392,217,350355.3,84546.85081,0
1596004860000,0.2415,0.2415,0.2411,0.2412,577283.3,1596004919999,139260.58601,77,71080.2,17152.14381,0
1596004920000,0.2412,0.2415,0.2411,0.2411,420773.4,1596004979999,101498.91320,90,124991.0,30155.22909,0
1596004980000,0.2411,0.2413,0.2410,0.2412,184891.1,1596005039999,44581.47358,63,106140.0,25591.87764,0
1596005040000,0.2412,0.2415,0.2411,0.2412,550938.1,1596005099999,132910.35705,98,279091.3,67347.15095,0
1596005100000,0.2411,0.2412,0.2409,0.2410,131278.2,1596005159999,31641.98980,50,30501.2,7354.54631,0
1596005160000,0.2409,0.2412,0.2408,0.2411,292025.3,1596005219999,70368.67646,86,179791.1,43329.34138,0
1596005220000,0.2411,0.2412,0.2409,0.2412,193176.7,1596005279999,46572.23691,48,101636.9,24508.43050,0
1596005280000,0.2412,0.2413,0.2410,0.2411,258355.9,1596005339999,62301.44164,57,145160.3,35008.94532,0
1596005340000,0.2412,0.2415,0.2411,0.2415,166302.1,1596005399999,40125.26615,54,126005.2,30404.88400,0
1596005400000,0.2415,0.2418,0.2414,0.2417,883286.2,1596005459999,213430.29922,122,733112.0,177162.35517,0
1596005460000,0.2415,0.2418,0.2415,0.2418,210321.0,1596005519999,50831.97271,62,201819.7,48778.05883,0
1596005520000,0.2418,0.2419,0.2416,0.2419,381637.8,1596005579999,92255.79946,100,259800.5,62803.93618,0
1596005580000,0.2419,0.2424,0.2419,0.2421,681125.8,1596005639999,164967.77519,237,531799.1,128818.39133,0
1596005640000,0.2420,0.2423,0.2419,0.2423,294679.1,1596005699999,71345.07787,61,60520.0,14656.61232,0
1596005700000,0.2423,0.2423,0.2422,0.2423,440639.1,1596005759999,106735.07714,53,183398.8,44431.47648,0
1596005760000,0.2423,0.2426,0.2422,0.2426,665057.5,1596005819999,161241.50757,119,582491.7,141231.12316,0
1596005820000,0.2425,0.2426,0.2424,0.2425,319958.8,1596005879999,77581.16583,114,152671.9,37019.52299,0
1596005880000,0.2425,0.2425,0.2419,0.2419,409042.7,1596005939999,99056.41556,129,138405.9,33541.00507,0
1596005940000,0.2418,0.2422,0.2418,0.2420,517592.3,1596005999999,125267.40585,132,229085.7,55463.54852,0
1596006000000,0.2420,0.2420,0.2412,0.2413,1436927.5,1596006059999,347316.75090,268,536182.9,129609.89753,0
1596006060000,0.2412,0.2413,0.2407,0.2408,352997.6,1596006119999,85058.81994,195,49352.0,11896.34765,0
1596006120000,0.2407,0.2408,0.2402,0.2402,1174095.9,1596006179999,282225.42796,372,339272.8,81536.82729,0
1596006180000,0.2402,0.2404,0.2398,0.2400,1301642.4,1596006239999,312448.15877,353,214297.9,51468.77602,0
1596006240000,0.2399,0.2402,0.2399,0.2402,506718.0,1596006299999,121640.38313,104,360226.7,86487.06989,0
1596006300000,0.2402,0.2403,0.2401,0.2403,546259.6,1596006359999,131206.62301,108,253304.7,60851.68985,0
1596006360000,0.2402,0.2403,0.2402,0.2403,320226.1,1596006419999,76934.37396,66,284563.3,68368.16940,0
1596006420000,0.2402,0.2404,0.2402,0.2404,606315.5,1596006479999,145716.60204,110,487037.2,117055.18430,0
1596006480000,0.2402,0.2404,0.2399,0.2404,1146369.6,1596006539999,275405.92668,172,750965.2,180463.85850,0
1596006540000,0.2403,0.2404,0.2400,0.2402,836940.8,1596006599999,201103.14661,140,190009.3,45661.49884,0
1596006600000,0.2401,0.2403,0.2399,0.2400,664393.9,1596006659999,159484.66851,132,124667.3,29935.65281,0
1596006660000,0.2399,0.2401,0.2398,0.2401,302165.8,1596006719999,72496.01073,88,125362.4,30083.09964,0
1596006720000,0.2400,0.2401,0.2396,0.2396,763779.0,1596006779999,183136.73773,188,129733.7,31109.96155,0
1596006780000,0.2397,0.2398,0.2395,0.2397,1181853.4,1596006839999,283085.35950,134,90831.8,21767.45213,0
1596006840000,0.2396,0.2399,0.2396,0.2398,341608.0,1596006899999,81890.07879,97,138063.3,33101.72602,0
1596006900000,0.2398,0.2402,0.2397,0.2402,538032.8,1596006959999,129125.72310,130,487823.6,117081.08324,0
1596006960000,0.2401,0.2403,0.2401,0.2402,519254.6,1596007019999,124734.86113,111,101058.1,24278.00610,0
1596007020000,0.2402,0.2402,0.2400,0.2402,146733.4,1596007079999,35226.49664,55,67227.2,16141.48745,0
1596007080000,0.2402,0.2403,0.2400,0.2403,258510.8,1596007139999,62104.77309,54,215598.0,51797.51143,0
1596007140000,0.2402,0.2406,0.2402,0.2406,282452.3,1596007199999,67898.18253,113,226198.3,54376.50735,0
1596007200000,0.2405,0.2408,0.2404,0.2404,811756.7,1596007259999,195275.83206,152,291946.8,70237.81887,0
1596007260000,0.2404,0.2404,0.2402,0.2402,186278.1,1596007319999,44767.05790,106,90281.0,21701.65595,0
1596007320000,0.2402,0.2402,0.2400,0.2402,378186.2,1596007379999,90810.23352,93,141642.6,34016.03717,0
1596007380000,0.2401,0.2402,0.2400,0.2402,247534.9,1596007439999,59450.23519,81,239644.1,57555.74314,0
1596007440000,0.2402,0.2402,0.2399,0.2399,697402.2,1596007499999,167385.62204,122,24751.1,5944.34337,0
1596007500000,0.2399,0.2403,0.2399,0.2403,323308.2,1596007559999,77608.66310,86,150465.0,36122.95823,0
1596007560000,0.2403,0.2403,0.2400,0.2401,242298.5,1596007619999,58194.36617,59,104592.0,25128.89179,0
1596007620000,0.2400,0.2403,0.2398,0.2403,593397.3,1596007679999,142415.38453,103,325203.5,78054.88719,0
1596007680000,0.2403,0.2405,0.2403,0.2405,167282.6,1596007739999,40205.37233,98,106172.3,25517.91762,0
1596007740000,0.2404,0.2406,0.2402,0.2404,256078.5,1596007799999,61541.70100,68,78123.2,18783.22089,0
1596007800000,0.2404,0.2407,0.2403,0.2405,429602.2,1596007859999,103314.93961,71,253435.8,60947.97161,0
1596007860000,0.2405,0.2407,0.2405,0.2406,696511.8,1596007919999,167581.17164,82,361919.8,87079.55687,0
1596007920000,0.2406,0.2406,0.2395,0.2401,3735595.3,1596007979999,896708.91458,515,623378.0,149642.04833,0
1596007980000,0.2400,0.2403,0.2399,0.2401,585065.6,1596008039999,140509.74537,124,387140.6,92995.14427,0
1596008040000,0.2400,0.2401,0.2397,0.2399,340171.9,1596008099999,81565.12306,110,17019.2,4084.46861,0
1596008100000,0.2399,0.2400,0.2398,0.2400,122002.6,1596008159999,29269.32383,74,41037.7,9847.84439,0
1596008160000,0.2400,0.2402,0.2399,0.2401,222098.4,1596008219999,53317.17551,140,98069.8,23540.75206,0
1596008220000,0.2401,0.2403,0.2400,0.2402,430701.4,1596008279999,103449.95705,91,312024.9,74948.88675,0
1596008280000,0.2402,0.2403,0.2402,0.2402,74552.0,1596008339999,17911.56249,44,49177.8,11816.67965,0
1596008340000,0.2403,0.2403,0.2401,0.2401,80888.0,1596008399999,19430.43881,79,14408.4,3462.25429,0
1596008400000,0.2401,0.2403,0.2401,0.2403,272074.2,1596008459999,65359.53648,124,101900.1,24483.71773,0
1596008460000,0.2403,0.2403,0.2402,0.2403,108320.5,1596008519999,26024.10974,121,55256.4,13278.11292,0
1596008520000,0.2403,0.2403,0.2402,0.2403,255279.5,1596008579999,61337.40089,140,192649.9,46293.77097,0
1596008580000,0.2403,0.2403,0.2402,0.2403,278529.9,1596008639999,66906.52256,86,107107.9,25730.95816,0
1596008640000,0.2403,0.2403,0.2402,0.2403,60357.3,1596008699999,14502.18982,165,43663.6,10492.36308,0
1596008700000,0.2403,0.2404,0.2402,0.2404,260843.0,1596008759999,62676.05284,97,231923.8,55729.52100,0
1596008760000,0.2404,0.2404,0.2402,0.2404,104955.1,1596008819999,25224.09062,89,96462.8,23183.43309,0
1596008820000,0.2404,0.2404,0.2398,0.2402,348979.4,1596008879999,83803.76022,127,97984.4,23530.74382,0
1596008880000,0.2402,0.2403,0.2400,0.2403,139752.5,1596008939999,33559.63012,93,107178.2,25738.72698,0
1596008940000,0.2402,0.2402,0.2400,0.2401,97916.7,1596008999999,23507.55703,36,37137.7,8916.76177,0
1596009000000,0.2400,0.2403,0.2400,0.2403,88178.7,1596009059999,21173.56448,60,88144.1,21165.25848,0
1596009060000,0.2402,0.2404,0.2402,0.2404,65603.2,1596009119999,15765.27373,109,58256.3,14000.54835,0
1596009120000,0.2404,0.2408,0.2404,0.2408,166161.4,1596009179999,39986.79345,183,156555.5,37676.41416,0
1596009180000,0.2408,0.2409,0.2407,0.2408,766513.6,1596009239999,184579.54313,78,463636.1,111646.95207,0
1596009240000,0.2408,0.2410,0.2406,0.2410,196380.6,1596009299999,47266.17391,74,120422.9,28985.70708,0
1596009300000,0.2410,0.2410,0.2408,0.2409,236068.4,1596009359999,56883.97698,83,164459.8,39633.49304,0
1596009360000,0.2409,0.2410,0.2407,0.2410,333401.7,1596009419999,80316.24149,89,238454.3,57455.07185,0
1596009420000,0.2410,0.2413,0.2409,0.2412,466657.5,1596009479999,112517.31030,185,146826.7,35402.76403,0
1596009480000,0.2411,0.2413,0.2411,0.2412,419581.4,1596009539999,101182.93812,110,125972.8,30385.49397,0
1596009540000,0.2412,0.2413,0.2406,0.2407,725876.1,1596009599999,174872.27447,180,89775.4,21645.52893,0
1596009600000,0.2407,0.2413,0.2406,0.2410,1841964.8,1596009659999,443895.23077,367,1521467.6,366642.01566,0
1596009660000,0.2409,0.2413,0.2408,0.2412,491658.4,1596009719999,118520.76403,156,358034.3,86307.25166,0
1596009720000,0.2411,0.2414,0.2410,0.2414,129280.4,1596009779999,31180.21715,197,109418.4,26392.00416,0
1596009780000,0.2414,0.2417,0.2413,0.2417,558467.4,1596009839999,134887.66203,316,467849.1,113018.43186,0
1596009840000,0.2417,0.2417,0.2413,0.2415,684700.3,1596009899999,165317.01204,119,519671.8,125468.36372,0
1596009900000,0.2414,0.2416,0.2414,0.2416,119496.2,1596009959999,28855.50010,89,86470.7,20883.11530,0
1596009960000,0.2416,0.2417,0.2415,0.2417,115564.8,1596010019999,27924.88425,125,90334.6,21829.37270,0
1596010020000,0.2417,0.2420,0.2416,0.2419,328238.2,1596010079999,79370.81393,185,207043.9,50061.94445,0
1596010080000,0.2419,0.2422,0.2418,0.2420,1144862.2,1596010139999,277117.04429,212,958394.5,231996.90828,0
1596010140000,0.2420,0.2421,0.2414,0.2414,392583.5,1596010199999,94863.82591,151,29561.6,7149.04726,0
1596010200000,0.2414,0.2420,0.2414,0.2420,239255.1,1596010259999,57824.51628,106,130027.5,31425.92280,0
1596010260000,0.2420,0.2420,0.2417,0.2420,412329.4,1596010319999,99721.75378,86,270397.1,65401.10380,0
1596010320000,0.2420,0.2422,0.2416,0.2416,485917.9,1596010379999,117584.48912,203,251494.4,60890.66893,0
1596010380000,0.2416,0.2420,0.2416,0.2418,377460.8,1596010439999,91286.67675,131,211015.8,51045.21385,0
1596010440000,0.2417,0.2420,0.2415,0.2416,905839.2,1596010499999,218939.01908,136,283402.6,68552.29025,0
1596010500000,0.2416,0.2419,0.2415,0.2419,493851.1,1596010559999,119361.47591,94,415176.9,100341.40599,0
1596010560000,0.2419,0.2421,0.2418,0.2421,443872.7,1596010619999,107405.16001,116,339896.6,82260.41634,0
1596010620000,0.2421,0.2422,0.2420,0.2420,206567.6,1596010679999,50001.38990,77,44731.6,10829.92052,0
1596010680000,0.2420,0.2421,0.2415,0.2417,771526.3,1596010739999,186665.34947,224,66556.0,16106.12528,0
1596010740000,0.2417,0.2417,0.2415,0.2415,91545.2,1596010799999,22118.55915,46,57152.5,13810.37672,0
1596010800000,0.2416,0.2417,0.2415,0.2416,299973.5,1596010859999,72461.66671,88,97259.6,23499.96564,0
1596010860000,0.2415,0.2417,0.2413,0.2416,229951.2,1596010919999,55522.34801,84,133316.0,32197.33086,0
1596010920000,0.2415,0.2417,0.2414,0.2417,147863.6,1596010979999,35712.60885,76,67148.0,16219.67384,0
1596010980000,0.2417,0.2419,0.2416,0.2417,211019.2,1596011039999,51003.37131,71,176200.6,42586.12712,0
1596011040000,0.2417,0.2418,0.2415,0.2417,64260.4,1596011099999,15530.59661,50,51245.9,12386.63254,0
1596011100000,0.2417,0.2417,0.2415,0.2416,360489.4,1596011159999,87116.92514,67,55457.3,13402.19012,0
1596011160000,0.2416,0.2418,0.2415,0.2418,219372.5,1596011219999,53007.10907,54,141389.1,34163.55341,0
1596011220000,0.2418,0.2419,0.2416,0.2419,107057.7,1596011279999,25881.09143,99,73189.5,17693.46374,0
1596011280000,0.2418,0.2418,0.2414,0.2415,297407.9,1596011339999,71860.71179,122,138734.0,33517.08971,0
1596011340000,0.2415,0.2416,0.2408,0.2408,1214353.8,1596011399999,292803.32143,246,203883.4,49154.68069,0
1596011400000,0.2409,0.2411,0.2408,0.2410,292345.5,1596011459999,70428.29093,100,278090.8,66995.00511,0
1596011460000,0.2410,0.2411,0.2408,0.2410,314076.0,1596011519999,75677.08474,98,122576.8,29536.94446,0
1596011520000,0.2410,0.2412,0.2409,0.2411,219929.3,1596011579999,53010.73069,76,171888.5,41433.29207,0
1596011580000,0.2411,0.2411,0.2408,0.2411,892680.3,1596011639999,215067.89474,192,202107.7,48711.75016,0
1596011640000,0.2410,0.2411,0.2409,0.2410,225171.5,1596011699999,54258.00310,71,63324.7,15266.22699,0
1596011700000,0.2409,0.2411,0.2407,0.2408,510917.1,1596011759999,123101.95379,145,95995.7,23130.19086,0
1596011760000,0.2408,0.2409,0.2405,0.2407,1324344.5,1596011819999,318693.82970,201,604337.2,145444.39043,0
1596011820000,0.2407,0.2409,0.2405,0.2406,212174.3,1596011879999,51077.21099,76,129135.2,31087.56675,0
1596011880000,0.2406,0.2407,0.2404,0.2406,162814.2,1596011939999,39167.44773,69,61713.1,14847.69464,0
1596011940000,0.2405,0.2406,0.2404,0.2405,189180.3,1596011999999,45504.76517,66,129286.8,31100.98943,0
1596012000000,0.2405,0.2405,0.2399,0.2400,1107527.4,1596012059999,266043.18764,346,371424.9,89248.08413,0
1596012060000,0.2400,0.2403,0.2398,0.2402,456221.4,1596012119999,109556.31513,110,337877.2,81153.35990,0
1596012120000,0.2402,0.2403,0.2401,0.2403,217457.4,1596012179999,52228.96201,83,138851.3,33353.24339,0
1596012180000,0.2403,0.2406,0.2401,0.2405,835262.6,1596012239999,200845.31724,197,733765.0,176455.16709,0
1596012240000,0.2405,0.2405,0.2402,0.2404,102242.0,1596012299999,24577.52001,56,34348.1,8258.31600,0
1596012300000,0.2404,0.2406,0.2404,0.2405,212670.5,1596012359999,51134.82466,142,141764.6,34089.04630,0
1596012360000,0.2405,0.2405,0.2403,0.2403,597021.3,1596012419999,143539.52203,104,179978.9,43284.92544,0
1596012420000,0.2403,0.2404,0.2402,0.2404,78134.5,1596012479999,18776.06063,48,40249.7,9672.64892,0
1596012480000,0.2403,0.2403,0.2398,0.2399,1271542.3,1596012539999,305164.66658,188,318363.6,76387.21376,0
1596012540000,0.2398,0.2401,0.2398,0.2399,244002.4,1596012599999,58537.09434,87,79240.8,19015.07563,0
1596012600000,0.2398,0.2400,0.2397,0.2400,322631.9,1596012659999,77377.34562,120,161839.2,38818.82291,0
1596012660000,0.2399,0.2400,0.2397,0.2399,251485.5,1596012719999,60316.65157,64,119125.2,28573.13773,0
1596012720000,0.2398,0.2399,0.2395,0.2396,523739.8,1596012779999,125500.57211,148,159146.6,38148.67317,0
1596012780000,0.2395,0.2398,0.2395,0.2397,165684.2,1596012839999,39707.92401,64,111645.0,26755.52951,0
1596012840000,0.2397,0.2402,0.2397,0.2401,270929.6,1596012899999,65024.16161,102,219340.5,52638.91129,0
1596012900000,0.2400,0.2404,0.2400,0.2402,250080.0,1596012959999,60066.68988,87,184789.6,44388.68174,0
1596012960000,0.2402,0.2405,0.2402,0.2403,250687.2,1596013019999,60243.97723,81,108332.0,26035.70865,0
1596013020000,0.2405,0.2405,0.2398,0.2399,908769.9,1596013079999,218076.54250,241,296032.3,71017.53318,0
1596013080000,0.2400,0.2401,0.2398,0.2401,293143.0,1596013139999,70335.30677,122,150789.2,36176.78390,0
1596013140000,0.2401,0.2402,0.2400,0.2400,259557.6,1596013199999,62307.99879,89,97224.5,23345.38280,0
1596013200000,0.2401,0.2402,0.2400,0.2400,403463.3,1596013259999,96842.70195,129,59507.9,14287.89533,0
1596013260000,0.2400,0.2401,0.2395,0.2399,580337.3,1596013319999,139188.54086,294,128590.0,30826.77014,0
1596013320000,0.2398,0.2399,0.2397,0.2399,95866.9,1596013379999,22983.86989,76,35652.1,8549.45587,0
1596013380000,0.2399,0.2401,0.2397,0.2398,428024.4,1596013439999,102640.52636,219,102815.5,24672.29195,0
1596013440000,0.2398,0.2401,0.2397,0.2400,181036.9,1596013499999,43428.45145,111,115703.8,27757.59740,0
1596013500000,0.2400,0.2401,0.2398,0.2399,198768.1,1596013559999,47694.00165,166,129206.9,31001.17319,0
1596013560000,0.2399,0.2401,0.2398,0.2401,379892.0,1596013619999,91157.42431,157,228032.6,54735.40263,0
1596013620000,0.2401,0.2402,0.2400,0.2402,122641.9,1596013679999,29451.56855,75,79089.5,18995.94810,0
1596013680000,0.2401,0.2403,0.2401,0.2402,213560.6,1596013739999,51295.20373,93,59923.2,14391.90903,0
1596013740000,0.2402,0.2404,0.2400,0.2402,1060267.2,1596013799999,254668.96065,253,359668.7,86429.50341,0
1596013800000,0.2402,0.2404,0.2400,0.2401,213715.2,1596013859999,51341.88333,128,61288.0,14725.42935,0
1596013860000,0.2401,0.2403,0.2401,0.2403,153091.1,1596013919999,36767.31152,67,99448.8,23882.43106,0
1596013920000,0.2403,0.2405,0.2400,0.2403,339242.9,1596013979999,81499.39884,202,154589.7,37141.84938,0
1596013980000,0.2403,0.2404,0.2402,0.2402,57603.8,1596014039999,13845.13959,112,44932.3,10800.35568,0
1596014040000,0.2402,0.2405,0.2402,0.2403,601089.4,1596014099999,144524.21979,240,498525.0,119877.77691,0
1596014100000,0.2403,0.2404,0.2402,0.2404,153569.3,1596014159999,36897.34807,92,67290.0,16170.18685,0
1596014160000,0.2404,0.2405,0.2400,0.2401,243981.9,1596014219999,58624.53208,200,41785.5,10042.46506,0
1596014220000,0.2401,0.2402,0.2399,0.2401,277272.7,1596014279999,66544.08007,153,39324.8,9440.52699,0
1596014280000,0.2400,0.2402,0.2398,0.2402,271078.9,1596014339999,65046.78943,166,173884.4,41728.64855,0
1596014340000,0.2402,0.2404,0.2401,0.2403,96250.5,1596014399999,23121.01411,93,50814.5,12209.34166,0
1596014400000,0.2403,0.2404,0.2400,0.2402,340704.2,1596014459999,81824.24670,200,110861.2,26636.30867,0
1596014460000,0.2401,0.2401,0.2399,0.2399,223819.4,1596014519999,53709.86388,171,71500.6,17160.66703,0
1596014520000,0.2398,0.2402,0.2398,0.2401,151159.4,1596014579999,36278.70432,183,120336.3,28881.60597,0
1596014580000,0.2401,0.2401,0.2398,0.2399,177063.7,1596014639999,42490.77506,99,120749.6,28979.90593,0
1596014640000,0.2399,0.2400,0.2398,0.2400,212507.2,1596014699999,50989.97798,85,193242.1,46368.43393,0
1596014700000,0.2399,0.2400,0.2399,0.2400,49169.5,1596014759999,11796.40451,67,6414.6,1539.50400,0
1596014760000,0.2400,0.2400,0.2397,0.2398,399400.0,1596014819999,95767.44038,269,18129.8,4348.07743,0
1596014820000,0.2398,0.2398,0.2377,0.2379,4911076.8,1596014879999,1171594.91641,1337,1004803.1,239841.02355,0
1596014880000,0.2378,0.2396,0.2373,0.2392,5714575.1,1596014939999,1361634.13157,1163,3372208.5,803725.48445,0
1596014940000,0.2391,0.2394,0.2385,0.2388,1191077.5,1596014999999,284610.35881,378,382229.4,91337.50144,0
1596015000000,0.2388,0.2391,0.2385,0.2389,842975.4,1596015059999,201290.02429,178,603105.7,144050.96637,0
1596015060000,0.2389,0.2391,0.2386,0.2387,473785.3,1596015119999,113194.71678,168,210904.6,50406.55640,0
1596015120000,0.2387,0.2388,0.2384,0.2388,537528.7,1596015179999,128207.41807,217,316395.2,75469.49640,0
1596015180000,0.2387,0.2390,0.2385,0.2388,806302.4,1596015239999,192485.80924,242,218773.1,52236.38618,0
1596015240000,0.2389,0.2393,0.2388,0.2391,524008.2,1596015299999,125240.60205,187,251576.7,60134.02866,0
1596015300000,0.2390,0.2395,0.2390,0.2395,274393.7,1596015359999,65683.02180,133,163740.8,39195.22765,0
1596015360000,0.2394,0.2396,0.2392,0.2394,408297.7,1596015419999,97766.40611,246,164155.2,39308.81172,0
1596015420000,0.2393,0.2395,0.2391,0.2392,644692.1,1596015479999,154310.48301,192,353722.7,84695.43532,0
1596015480000,0.2392,0.2395,0.2390,0.2393,383708.6,1596015539999,91807.55555,159,192061.2,45960.81783,0
1596015540000,0.2393,0.2396,0.2392,0.2393,374573.1,1596015599999,89655.90887,226,188808.7,45197.90129,0
1596015600000,0.2393,0.2393,0.2387,0.2389,510992.7,1596015659999,122100.04796,192,33834.5,8085.50104,0
1596015660000,0.2389,0.2391,0.2388,0.2388,311572.6,1596015719999,74451.44460,112,192688.6,46054.06186,0
1596015720000,0.2388,0.2391,0.2388,0.2389,155040.2,1596015779999,37045.96082,70,100603.7,24040.76016,0
1596015780000,0.2390,0.2391,0.2387,0.2387,435828.7,1596015839999,104079.66717,155,121682.8,29074.73958,0
1596015840000,0.2387,0.2388,0.2381,0.2382,2211702.8,1596015899999,527347.33150,527,1106157.0,263826.83225,0
1596015900000,0.2382,0.2385,0.2379,0.2385,1067976.2,1596015959999,254309.62407,219,394866.9,94017.12254,0
1596015960000,0.2385,0.2390,0.2384,0.2390,433370.4,1596016019999,103446.16941,133,257181.5,61393.83023,0
1596016020000,0.2390,0.2393,0.2390,0.2392,373705.3,1596016079999,89372.00125,150,284222.9,67971.67020,0
1596016080000,0.2392,0.2397,0.2392,0.2396,369479.2,1596016139999,88457.40028,155,294508.2,70511.79770,0
1596016140000,0.2396,0.2399,0.2394,0.2399,537877.7,1596016199999,128943.31197,142,440513.2,105621.49956,0
1596016200000,0.2397,0.2399,0.2397,0.2399,446473.2,1596016259999,107069.40866,78,182924.6,43870.66059,0
1596016260000,0.2399,0.2400,0.2398,0.2400,486971.7,1596016319999,116830.06979,120,368780.8,88477.40675,0
1596016320000,0.2400,0.2400,0.2390,0.2393,882147.2,1596016379999,211115.20498,204,67508.0,16161.28486,0
1596016380000,0.2392,0.2396,0.2391,0.2395,109918.1,1596016439999,26317.69885,79,104123.2,24931.29146,0
1596016440000,0.2395,0.2396,0.2392,0.2395,285858.1,1596016499999,68418.00705,93,190205.5,45530.35293,0
1596016500000,0.2395,0.2396,0.2394,0.2395,151017.1,1596016559999,36165.81227,68,80752.3,19340.19872,0
1596016560000,0.2395,0.2398,0.2395,0.2398,196563.8,1596016619999,47108.87959,74,180330.6,43217.84062,0
1596016620000,0.2398,0.2398,0.2394,0.2395,190726.9,1596016679999,45681.69498,78,3335.5,799.36153,0
1596016680000,0.2394,0.2394,0.2393,0.2394,81590.3,1596016739999,19531.43531,46,8080.2,1934.39988,0
1596016740000,0.2393,0.2395,0.2392,0.2394,67175.6,1596016799999,16077.95403,85,48742.9,11666.29269,0
1596016800000,0.2394,0.2397,0.2394,0.2397,99166.0,1596016859999,23751.24557,76,97310.8,23306.92767,0
1596016860000,0.2397,0.2400,0.2395,0.2400,334685.6,1596016919999,80239.54813,108,307231.4,73661.37332,0
1596016920000,0.2399,0.2400,0.2398,0.2399,185585.3,1596016979999,44517.48283,73,80191.8,19238.21601,0
1596016980000,0.2399,0.2400,0.2397,0.2398,363433.5,1596017039999,87163.59735,182,114077.1,27367.28628,0
1596017040000,0.2399,0.2400,0.2397,0.2399,252594.7,1596017099999,60581.06086,137,164101.2,39366.71285,0
1596017100000,0.2399,0.2400,0.2398,0.2398,423463.8,1596017159999,101584.53736,117,79829.6,19156.51429,0
1596017160000,0.2398,0.2399,0.2395,0.2396,250409.9,1596017219999,60028.16777,204,71905.1,17238.59680,0
1596017220000,0.2396,0.2397,0.2390,0.2394,867594.8,1596017279999,207609.23808,291,214542.4,51351.58330,0
1596017280000,0.2393,0.2393,0.2386,0.2386,414195.6,1596017339999,98929.87199,286,102939.6,24590.36385,0
1596017340000,0.2387,0.2389,0.2384,0.2387,632986.6,1596017399999,151029.01471,265,150354.1,35893.85345,0
1596017400000,0.2386,0.2388,0.2385,0.2388,268675.0,1596017459999,64112.96940,128,106058.5,25315.90944,0
1596017460000,0.2388,0.2389,0.2387,0.2389,526245.4,1596017519999,125664.84794,87,506196.8,120877.87178,0
1596017520000,0.2389,0.2393,0.2389,0.2390,546647.8,1596017579999,130721.20641,235,222596.8,53216.85646,0
1596017580000,0.2389,0.2393,0.2389,0.2393,181036.4,1596017639999,43293.78708,109,126094.0,30152.87838,0
1596017640000,0.2392,0.2394,0.2389,0.2391,871060.3,1596017699999,208244.09262,202,94125.1,22520.09207,0
1596017700000,0.2390,0.2398,0.2390,0.2397,502089.0,1596017759999,120240.97375,218,292426.9,70000.37383,0
1596017760000,0.2395,0.2398,0.2395,0.2397,249279.9,1596017819999,59756.52569,127,97034.3,23266.73112,0
1596017820000,0.2397,0.2398,0.2397,0.2397,118572.2,1596017879999,28428.82319,97,83093.9,19924.67468,0
1596017880000,0.2397,0.2397,0.2395,0.2396,68820.1,1596017939999,16489.05881,139,28600.5,6854.65273,0
1596017940000,0.2396,0.2396,0.2393,0.2396,587169.2,1596017999999,140600.91398,232,73594.0,17626.66909,0
1596018000000,0.2395,0.2396,0.2394,0.2394,356509.0,1596018059999,85374.95121,129,168241.3,40286.45025,0
1596018060000,0.2394,0.2396,0.2392,0.2394,369033.8,1596018119999,88323.72730,195,61787.9,14791.89506,0
1596018120000,0.2393,0.2395,0.2392,0.2394,253190.1,1596018179999,60603.19675,119,165818.8,39694.90562,0
1596018180000,0.2394,0.2394,0.2392,0.2394,188872.2,1596018239999,45203.77579,91,129028.0,30883.13515,0
1596018240000,0.2393,0.2395,0.2392,0.2392,181066.2,1596018299999,43340.78732,204,91015.2,21788.16684,0
1596018300000,0.2392,0.2394,0.2392,0.2394,187209.8,1596018359999,44797.15002,78,114387.6,27372.43981,0
1596018360000,0.2393,0.2395,0.2393,0.2394,162929.9,1596018419999,38994.25264,118,56168.9,13442.46495,0
1596018420000,0.2394,0.2395,0.2394,0.2395,211362.3,1596018479999,50605.02310,80,195647.1,46842.80422,0
1596018480000,0.2394,0.2397,0.2394,0.2394,184708.5,1596018539999,44244.92796,117,92878.7,22250.36097,0
1596018540000,0.2395,0.2395,0.2391,0.2391,239705.5,1596018599999,57378.10593,260,75100.3,17980.94531,0
1596018600000,0.2391,0.2393,0.2389,0.2392,553355.9,1596018659999,132258.31650,219,83785.0,20036.46572,0
1596018660000,0.2392,0.2396,0.2392,0.2393,694022.6,1596018719999,166117.65491,191,514505.0,123145.24513,0
1596018720000,0.2393,0.2396,0.2393,0.2395,169053.7,1596018779999,40475.03255,62,73035.2,17482.16896,0
1596018780000,0.2395,0.2396,0.2394,0.2396,225185.8,1596018839999,53943.57258,71,134369.5,32193.10972,0
1596018840000,0.2396,0.2396,0.2394,0.2396,450147.6,1596018899999,107819.38886,63,97089.8,23259.98897,0
1596018900000,0.2396,0.2400,0.2395,0.2400,1222189.8,1596018959999,293020.71729,197,1048695.2,251406.66914,0
1596018960000,0.2400,0.2401,0.2398,0.2398,780079.5,1596019019999,187241.12116,244,404086.9,97007.10345,0
1596019020000,0.2399,0.2401,0.2398,0.2399,92282.3,1596019079999,22139.83079,69,56494.4,13555.32290,0
1596019080000,0.2398,0.2401,0.2397,0.2399,355666.6,1596019139999,85309.84997,153,146652.4,35180.93184,0
1596019140000,0.2398,0.2400,0.2397,0.2399,337710.9,1596019199999,81002.62691,81,192709.1,46226.62216,0
1596019200000,0.2398,0.2401,0.2398,0.2400,551925.9,1596019259999,132437.50527,84,534794.9,128326.78439,0
1596019260000,0.2400,0.2400,0.2398,0.2400,218101.2,1596019319999,52325.20377,73,118203.4,28359.87057,0
1596019320000,0.2400,0.2400,0.2395,0.2398,527241.7,1596019379999,126410.34117,156,227044.4,54453.60682,0
1596019380000,0.2398,0.2401,0.2398,0.2399,140665.9,1596019439999,33747.64368,69,86038.5,20639.14155,0
1596019440000,0.2398,0.2401,0.2398,0.2400,318470.2,1596019499999,76418.20918,112,156018.0,37436.96838,0
1596019500000,0.2400,0.2401,0.2398,0.2399,372113.7,1596019559999,89301.44576,122,158012.6,37928.75140,0
1596019560000,0.2398,0.2399,0.2397,0.2398,97428.6,1596019619999,23362.48710,116,75494.6,18104.00394,0
1596019620000,0.2399,0.2400,0.2395,0.2400,173889.1,1596019679999,41691.48274,73,104341.1,25019.95415,0
1596019680000,0.2399,0.2400,0.2398,0.2400,116943.8,1596019739999,28060.76592,38,91920.5,22058.08477,0
1596019740000,0.2400,0.2402,0.2399,0.2399,358720.4,1596019799999,86132.80964,141,300940.8,72263.30264,0
1596019800000,0.2398,0.2400,0.2398,0.2399,89647.6,1596019859999,21504.51141,50,45064.1,10810.59954,0
1596019860000,0.2399,0.2400,0.2398,0.2400,120311.5,1596019919999,28862.37002,80,71097.5,17056.57887,0
1596019920000,0.2399,0.2404,0.2399,0.2403,570062.5,1596019979999,136937.19233,230,461624.8,110905.17924,0
1596019980000,0.2403,0.2409,0.2402,0.2407,735352.4,1596020039999,176954.28395,312,578105.8,139127.79053,0
1596020040000,0.2407,0.2411,0.2406,0.2410,1031559.5,1596020099999,248480.99108,232,781634.3,188291.31082,0
1596020100000,0.2410,0.2413,0.2409,0.2412,999337.7,1596020159999,240963.96862,407,422703.6,101945.99381,0
1596020160000,0.2412,0.2414,0.2411,0.2413,254961.4,1596020219999,61485.86216,114,76585.9,18474.63419,0
1596020220000,0.2413,0.2415,0.2412,0.2415,480543.2,1596020279999,115999.78820,183,402137.2,97084.36252,0
1596020280000,0.2415,0.2416,0.2412,0.2415,608433.5,1596020339999,146858.73496,122,107683.8,25998.53034,0
1596020340000,0.2415,0.2417,0.2414,0.2415,708400.4,1596020399999,171109.56848,168,359510.6,86848.38197,0
1596020400000,0.2415,0.2416,0.2411,0.2414,394069.4,1596020459999,95090.51102,181,239422.0,57764.43267,0
1596020460000,0.2413,0.2414,0.2412,0.2414,235031.9,1596020519999,56718.85455,136,146494.2,35357.14205,0
1596020520000,0.2413,0.2414,0.2411,0.2411,163747.3,1596020579999,39501.49235,185,102041.5,24621.17482,0
1596020580000,0.2412,0.2412,0.2408,0.2410,589292.0,1596020639999,141997.61962,180,133016.7,32059.44056,0
1596020640000,0.2409,0.2411,0.2408,0.2411,222070.3,1596020699999,53520.21127,88,184728.5,44524.16316,0
1596020700000,0.2411,0.2412,0.2407,0.2407,623889.6,1596020759999,150293.67544,235,143026.2,34489.52764,0
1596020760000,0.2407,0.2408,0.2404,0.2405,522897.9,1596020819999,125771.52321,187,138092.5,33223.96572,0
1596020820000,0.2406,0.2407,0.2404,0.2406,149371.9,1596020879999,35928.22000,82,109173.1,26257.53471,0
1596020880000,0.2407,0.2409,0.2406,0.2408,199926.0,1596020939999,48118.98298,75,82113.2,19770.60044,0
1596020940000,0.2410,0.2412,0.2409,0.2412,277755.2,1596020999999,66947.21749,112,171494.7,41341.51488,0
1596021000000,0.2412,0.2414,0.2411,0.2414,705649.4,1596021059999,170280.46754,186,433481.7,104606.88419,0
1596021060000,0.2414,0.2415,0.2413,0.2414,144089.1,1596021119999,34778.79333,102,52376.9,12644.92526,0
1596021120000,0.2414,0.2418,0.2414,0.2416,1574664.9,1596021179999,380470.41564,265,1001859.8,242087.14135,0
1596021180000,0.2415,0.2416,0.2415,0.2416,147078.3,1596021239999,35529.34317,78,99337.2,23999.86752,0
1596021240000,0.2417,0.2417,0.2415,0.2415,155603.2,1596021299999,37587.34701,222,34916.0,8435.85865,0
1596021300000,0.2415,0.2418,0.2415,0.2418,298943.7,1596021359999,72214.64519,160,194626.6,47016.42004,0
1596021360000,0.2418,0.2418,0.2415,0.2417,321923.2,1596021419999,77794.34236,152,133621.3,32285.75140,0
1596021420000,0.2417,0.2418,0.2416,0.2417,151819.2,1596021479999,36694.99428,84,99791.4,24122.62713,0
1596021480000,0.2418,0.2420,0.2418,0.2419,703994.8,1596021539999,170306.30984,304,458004.7,110806.09721,0
1596021540000,0.2420,0.2422,0.2419,0.2420,967520.7,1596021599999,234221.42540,383,469213.3,113589.45794,0
1596021600000,0.2420,0.2424,0.2420,0.2423,767602.9,1596021659999,185913.52270,199,489226.3,118515.73452,0
1596021660000,0.2423,0.2427,0.2423,0.2426,1305694.3,1596021719999,316690.08915,451,822533.1,199519.84252,0
1596021720000,0.2425,0.2427,0.2425,0.2426,428464.8,1596021779999,103944.79408,279,265081.9,64320.68244,0
1596021780000,0.2425,0.2426,0.2425,0.2426,146816.7,1596021839999,35609.67503,105,66252.8,16072.92928,0
1596021840000,0.2426,0.2427,0.2423,0.2423,514924.8,1596021899999,124881.78327,287,185884.5,45107.40930,0
1596021900000,0.2422,0.2425,0.2421,0.2421,895886.5,1596021959999,217053.81799,219,240018.1,58166.04807,0
1596021960000,0.2421,0.2422,0.2416,0.2417,583002.3,1596022019999,140950.94702,239,107707.8,26038.81016,0
1596022020000,0.2418,0.2418,0.2413,0.2415,984939.1,1596022079999,237886.67190,280,343943.4,83084.49118,0
1596022080000,0.2416,0.2418,0.2414,0.2418,370621.2,1596022139999,89566.35243,107,280750.9,67854.44761,0
1596022140000,0.2419,0.2424,0.2418,0.2423,612256.8,1596022199999,148241.66316,172,386226.7,93489.13174,0
1596022200000,0.2424,0.2424,0.2420,0.2420,303146.1,1596022259999,73410.17795,200,33204.7,8040.22172,0
1596022260000,0.2420,0.2423,0.2420,0.2423,373593.5,1596022319999,90442.94947,187,184195.7,44608.68187,0
1596022320000,0.2424,0.2425,0.2422,0.2423,547114.4,1596022379999,132591.61235,150,242713.3,58837.94537,0
1596022380000,0.2425,0.2428,0.2424,0.2428,341109.3,1596022439999,82730.14714,134,244469.6,59296.25112,0
1596022440000,0.2428,0.2430,0.2427,0.2427,584084.0,1596022499999,141849.91622,200,331215.6,80449.95796,0
1596022500000,0.2427,0.2429,0.2426,0.2429,347644.0,1596022559999,84385.47822,159,200133.7,48582.86238,0
1596022560000,0.2429,0.2429,0.2427,0.2428,326073.4,1596022619999,79192.12947,212,241519.6,58662.47107,0
1596022620000,0.2427,0.2430,0.2427,0.2430,414117.5,1596022679999,100563.68521,105,281482.8,68366.30092,0
1596022680000,0.2430,0.2430,0.2426,0.2429,678753.9,1596022739999,164868.09064,241,483127.1,117366.19407,0
1596022740000,0.2429,0.2429,0.2422,0.2425,1064512.3,1596022799999,258197.08770,221,118644.3,28776.80183,0
1596022800000,0.2426,0.2426,0.2422,0.2422,495895.2,1596022859999,120203.58658,90,57360.1,13909.91023,0
1596022860000,0.2422,0.2425,0.2422,0.2425,206713.9,1596022919999,50096.03482,101,140857.0,34145.25701,0
1596022920000,0.2425,0.2425,0.2424,0.2424,384073.1,1596022979999,93121.07804,47,217586.0,52764.60500,0
1596022980000,0.2424,0.2429,0.2424,0.2428,198149.4,1596023039999,48090.09196,73,184884.9,44874.03302,0
1596023040000,0.2428,0.2428,0.2425,0.2427,66945.8,1596023099999,16241.35356,44,15870.0,3850.31181,0
1596023100000,0.2427,0.2429,0.2425,0.2429,398743.1,1596023159999,96773.61943,79,246668.7,59870.59929,0
1596023160000,0.2429,0.2430,0.2427,0.2427,688213.0,1596023219999,167157.15387,120,522010.0,126795.84786,0
1596023220000,0.2428,0.2430,0.2428,0.2429,153204.2,1596023279999,37216.91169,61,88519.2,21505.08519,0
1596023280000,0.2430,0.2435,0.2429,0.2434,2548166.8,1596023339999,619627.91621,444,2356220.7,572939.19346,0
1596023340000,0.2434,0.2434,0.2429,0.2429,1304177.5,1596023399999,317048.33326,240,161922.4,39393.66480,0
1596023400000,0.2429,0.2430,0.2424,0.2424,614346.9,1596023459999,149076.20299,269,67647.5,16428.27158,0
1596023460000,0.2425,0.2426,0.2421,0.2422,608231.6,1596023519999,147387.13463,243,217937.7,52836.34742,0
1596023520000,0.2422,0.2422,0.2420,0.2421,485694.3,1596023579999,117589.31526,145,110738.9,26814.81923,0
1596023580000,0.2421,0.2422,0.2412,0.2414,1096297.6,1596023639999,264953.42524,373,309846.2,74918.36331,0
1596023640000,0.2415,0.2416,0.2411,0.2416,1366561.5,1596023699999,329848.44799,263,491552.3,118680.93221,0
1596023700000,0.2416,0.2420,0.2416,0.2420,397279.2,1596023759999,96072.66488,196,313955.4,75930.57823,0
1596023760000,0.2420,0.2421,0.2419,0.2419,310384.6,1596023819999,75111.42764,125,206703.0,50022.61842,0
1596023820000,0.2420,0.2426,0.2420,0.2424,437409.8,1596023879999,105969.05179,157,164493.3,39859.37070,0
1596023880000,0.2425,0.2426,0.2423,0.2424,615074.5,1596023939999,149103.93122,183,138037.5,33470.35530,0
1596023940000,0.2425,0.2425,0.2421,0.2422,212359.4,1596023999999,51454.20829,122,36911.9,8943.14237,0
1596024000000,0.2422,0.2423,0.2415,0.2416,1383333.9,1596024059999,334473.26046,293,126199.5,30530.13022,0
1596024060000,0.2416,0.2420,0.2416,0.2419,244218.3,1596024119999,59066.22879,141,158911.6,38434.01859,0
1596024120000,0.2419,0.2419,0.2417,0.2417,178834.7,1596024179999,43239.41654,149,117829.6,28491.19729,0
1596024180000,0.2417,0.2418,0.2415,0.2416,284978.6,1596024239999,68860.98316,203,127492.6,30803.81081,0
1596024240000,0.2416,0.2417,0.2415,0.2416,402651.5,1596024299999,97254.31226,128,72822.7,17594.01878,0
1596024300000,0.2416,0.2418,0.2415,0.2417,97501.1,1596024359999,23560.58393,102,67929.5,16413.14592,0
1596024360000,0.2418,0.2418,0.2415,0.2415,167755.9,1596024419999,40539.57092,145,91213.3,22045.25411,0
1596024420000,0.2415,0.2416,0.2412,0.2415,329233.8,1596024479999,79487.63158,247,111345.4,26883.93185,0
1596024480000,0.2414,0.2416,0.2413,0.2414,263665.1,1596024539999,63651.84446,171,132896.7,32085.92479,0
1596024540000,0.2415,0.2415,0.2412,0.2415,91258.9,1596024599999,22025.61282,119,52785.1,12739.46030,0
1596024600000,0.2415,0.2415,0.2412,0.2414,486260.4,1596024659999,117345.33909,186,89767.6,21675.71788,0
1596024660000,0.2414,0.2420,0.2414,0.2420,1055160.9,1596024719999,255148.09362,181,764842.9,184926.18079,0
1596024720000,0.2419,0.2421,0.2419,0.2421,167961.6,1596024779999,40648.96789,59,164326.7,39769.47209,0
1596024780000,0.2421,0.2424,0.2421,0.2424,161114.0,1596024839999,39033.45681,158,155072.8,37570.87713,0
1596024840000,0.2424,0.2424,0.2419,0.2419,354931.3,1596024899999,85905.78906,356,26036.1,6304.94510,0
1596024900000,0.2419,0.2422,0.2419,0.2421,116335.8,1596024959999,28155.72932,137,63562.5,15383.59761,0
1596024960000,0.2421,0.2421,0.2419,0.2419,138732.3,1596025019999,33571.88732,163,42708.3,10337.40649,0
1596025020000,0.2419,0.2419,0.2415,0.2415,227907.3,1596025079999,55064.57216,116,53527.3,12934.51019,0
1596025080000,0.2416,0.2417,0.2415,0.2416,228478.9,1596025139999,55200.07025,111,185231.9,44753.56842,0
1596025140000,0.2416,0.2416,0.2415,0.2416,175192.0,1596025199999,42325.41465,129,165466.5,39976.70640,0
1596025200000,0.2415,0.2416,0.2414,0.2415,227025.0,1596025259999,54818.75861,185,38659.1,9334.55305,0
1596025260000,0.2415,0.2416,0.2413,0.2416,262735.7,1596025319999,63440.23469,138,94705.0,22876.18513,0
1596025320000,0.2416,0.2416,0.2414,0.2416,188632.3,1596025379999,45541.57521,135,68772.7,16605.51310,0
1596025380000,0.2416,0.2416,0.2414,0.2415,67627.6,1596025439999,16332.09419,108,25570.7,6177.31752,0
1596025440000,0.2415,0.2416,0.2413,0.2414,142482.9,1596025499999,34397.96783,128,35330.6,8530.27474,0
1596025500000,0.2415,0.2415,0.2412,0.2412,88628.7,1596025559999,21387.05094,113,2737.0,660.89721,0
1596025560000,0.2413,0.2415,0.2412,0.2415,76441.8,1596025619999,18448.60636,128,70759.8,17077.31726,0
1596025620000,0.2415,0.2416,0.2414,0.2416,365243.5,1596025679999,88203.56191,155,335495.8,81022.46713,0
1596025680000,0.2416,0.2416,0.2414,0.2415,59754.4,1596025739999,14431.78816,151,27965.9,6755.26588,0
1596025740000,0.2416,0.2416,0.2414,0.2415,147528.7,1596025799999,35626.62209,116,80875.9,19534.11764,0
1596025800000,0.2414,0.2416,0.2414,0.2416,112201.8,1596025859999,27103.90377,162,102045.2,24651.26675,0
1596025860000,0.2416,0.2417,0.2415,0.2417,110974.3,1596025919999,26811.21780,188,108787.1,26283.00900,0
1596025920000,0.2417,0.2420,0.2417,0.2420,251945.2,1596025979999,60951.04216,185,237904.9,57555.32085,0
1596025980000,0.2420,0.2420,0.2419,0.2419,270900.4,1596026039999,65541.64560,147,108388.4,26229.99280,0
1596026040000,0.2419,0.2420,0.2415,0.2416,330184.4,1596026099999,79809.52298,106,35901.1,8682.37307,0
1596026100000,0.2416,0.2418,0.2416,0.2418,152751.7,1596026159999,36917.79385,111,101339.0,24491.34426,0
1596026160000,0.2418,0.2418,0.2416,0.2418,139110.3,1596026219999,33617.53988,69,55428.1,13395.12286,0
1596026220000,0.2418,0.2422,0.2417,0.2421,357612.9,1596026279999,86546.84138,112,289875.5,70157.59204,0
1596026280000,0.2422,0.2425,0.2421,0.2423,351863.6,1596026339999,85297.15915,141,290274.9,70376.01926,0
1596026340000,0.2424,0.2426,0.2422,0.2423,277434.6,1596026399999,67258.66169,130,64674.1,15678.78546,0
1596026400000,0.2424,0.2425,0.2423,0.2424,130039.0,1596026459999,31522.04586,60,62484.7,15149.09802,0
1596026460000,0.2425,0.2427,0.2424,0.2425,198190.3,1596026519999,48067.56644,98,153900.4,37331.07302,0
1596026520000,0.2425,0.2425,0.2422,0.2422,636832.6,1596026579999,154307.18186,146,8301.9,2013.01075,0
1596026580000,0.2422,0.2422,0.2420,0.2420,263051.4,1596026639999,63675.88708,173,60027.2,14532.93513,0
1596026640000,0.2420,0.2421,0.2419,0.2421,147697.7,1596026699999,35749.26011,109,105333.0,25497.92539,0
1596026700000,0.2421,0.2421,0.2419,0.2421,103674.7,1596026759999,25087.61410,37,9406.9,2277.41049,0
1596026760000,0.2421,0.2423,0.2419,0.2423,227071.6,1596026819999,54999.16456,79,193717.8,46922.98142,0
1596026820000,0.2423,0.2423,0.2420,0.2422,246738.7,1596026879999,59743.05168,54,38946.4,9429.89812,0
1596026880000,0.2422,0.2422,0.2416,0.2416,311064.6,1596026939999,75225.51635,179,63835.8,15435.97061,0
1596026940000,0.2416,0.2418,0.2413,0.2415,554635.3,1596026999999,133940.54856,226,313432.5,75702.99061,0
1596027000000,0.2414,0.2417,0.2413,0.2414,360547.7,1596027059999,87053.68862,130,209042.2,50476.74946,0
1596027060000,0.2415,0.2416,0.2414,0.2416,95746.3,1596027119999,23126.48422,46,56428.3,13632.05207,0
1596027120000,0.2415,0.2416,0.2414,0.2415,188776.1,1596027179999,45588.57514,47,35945.6,8682.79721,0
1596027180000,0.2415,0.2417,0.2415,0.2416,395486.1,1596027239999,95526.58183,66,132339.1,31973.16622,0
1596027240000,0.2416,0.2416,0.2412,0.2414,740206.9,1596027299999,178625.94669,167,170211.5,41098.12458,0
1596027300000,0.2414,0.2416,0.2414,0.2414,86590.0,1596027359999,20904.38637,56,55623.3,13428.72499,0
1596027360000,0.2414,0.2415,0.2408,0.2410,858309.5,1596027419999,206904.11909,275,199792.6,48186.82492,0
1596027420000,0.2410,0.2410,0.2404,0.2405,1044475.0,1596027479999,251359.19820,344,259765.3,62524.29785,0
1596027480000,0.2405,0.2406,0.2404,0.2405,369451.6,1596027539999,88870.24141,104,230587.5,55473.72536,0
1596027540000,0.2405,0.2406,0.2400,0.2401,1346419.2,1596027599999,323476.86857,325,180561.9,43406.74888,0
1596027600000,0.2402,0.2402,0.2391,0.2396,3548338.4,1596027659999,850243.31927,794,1399760.9,335357.74191,0
1596027660000,0.2396,0.2400,0.2395,0.2399,866937.3,1596027719999,207840.34008,202,511898.9,122765.53940,0
1596027720000,0.2398,0.2403,0.2398,0.2403,410162.8,1596027779999,98505.06600,120,287465.3,69042.77741,0
1596027780000,0.2402,0.2405,0.2400,0.2403,917393.0,1596027839999,220467.07678,268,712949.8,171363.18212,0
1596027840000,0.2403,0.2404,0.2402,0.2404,201811.2,1596027899999,48501.87097,126,102744.4,24698.71242,0
1596027900000,0.2404,0.2406,0.2402,0.2404,496930.0,1596027959999,119484.38651,221,306195.0,73626.17083,0
1596027960000,0.2405,0.2410,0.2404,0.2409,481405.3,1596028019999,115916.52838,224,436772.9,105174.70362,0
1596028020000,0.2408,0.2409,0.2405,0.2409,238271.2,1596028079999,57353.43237,115,54642.4,13154.80922,0
1596028080000,0.2409,0.2409,0.2406,0.2407,220604.0,1596028139999,53115.91981,130,54477.1,13122.05120,0
1596028140000,0.2407,0.2407,0.2405,0.2406,175089.7,1596028199999,42126.76111,110,43799.4,10538.39497,0
1596028200000,0.2407,0.2409,0.2405,0.2407,256448.6,1596028259999,61729.79730,127,102354.9,24634.89288,0
1596028260000,0.2408,0.2408,0.2406,0.2408,157693.8,1596028319999,37945.17874,89,153406.7,36913.62856,0
1596028320000,0.2408,0.2408,0.2405,0.2407,279807.7,1596028379999,67310.47774,151,42016.9,10116.45319,0
1596028380000,0.2408,0.2408,0.2405,0.2407,233179.5,1596028439999,56115.74837,138,109913.5,26453.22298,0
1596028440000,0.2408,0.2409,0.2406,0.2408,358884.2,1596028499999,86423.13008,157,211175.6,50861.41201,0
1596028500000,0.2408,0.2410,0.2407,0.2409,555560.4,1596028559999,133801.08425,174,467229.6,112528.75141,0
1596028560000,0.2409,0.2412,0.2409,0.2411,374313.8,1596028619999,90250.02980,226,254482.5,61360.21048,0
1596028620000,0.2412,0.2413,0.2411,0.2413,279246.3,1596028679999,67359.58858,87,127536.2,30771.25695,0
1596028680000,0.2413,0.2413,0.2410,0.2410,319831.3,1596028739999,77126.96384,395,41881.4,10101.38213,0
1596028740000,0.2410,0.2411,0.2409,0.2409,259012.0,1596028799999,62424.24621,354,50141.2,12088.54332,0
1596028800000,0.2409,0.2411,0.2409,0.2409,494059.9,1596028859999,119092.47826,166,310516.4,74858.89101,0
1596028860000,0.2410,0.2411,0.2409,0.2409,184019.4,1596028919999,44333.95409,72,23119.6,5571.84196,0
1596028920000,0.2409,0.2410,0.2408,0.2408,42552.1,1596028979999,10248.81379,229,508.4,122.52440,0
1596028980000,0.2408,0.2409,0.2404,0.2405,863196.6,1596029039999,207737.09583,283,170644.3,41074.18469,0
1596029040000,0.2406,0.2406,0.2400,0.2404,1226430.6,1596029099999,294615.02643,271,330093.0,79301.66900,0
1596029100000,0.2404,0.2406,0.2403,0.2404,349865.7,1596029159999,84105.74389,154,293271.5,70501.08988,0
1596029160000,0.2403,0.2406,0.2403,0.2406,320756.5,1596029219999,77149.92122,106,258530.5,62184.76822,0
1596029220000,0.2406,0.2406,0.2402,0.2404,232086.4,1596029279999,55805.21666,195,86287.6,20742.24564,0
1596029280000,0.2404,0.2405,0.2398,0.2399,553280.1,1596029339999,132843.45983,275,25897.0,6216.26015,0
1596029340000,0.2399,0.2400,0.2398,0.2400,390160.3,1596029399999,93588.55207,115,164209.5,39400.90959,0
1596029400000,0.2400,0.2402,0.2399,0.2400,432417.3,1596029459999,103810.81199,205,393869.0,94563.07482,0
1596029460000,0.2400,0.2401,0.2397,0.2397,539665.4,1596029519999,129467.52962,273,64509.8,15483.50844,0
1596029520000,0.2397,0.2401,0.2396,0.2400,282300.7,1596029579999,67698.73608,119,159797.8,38327.66931,0
1596029580000,0.2401,0.2402,0.2397,0.2400,964925.6,1596029639999,231477.64814,243,197648.9,47443.12168,0
1596029640000,0.2400,0.2401,0.2399,0.2400,54975.6,1596029699999,13195.29284,47,33275.6,7987.86300,0
1596029700000,0.2400,0.2401,0.2398,0.2401,262509.0,1596029759999,62977.53045,136,131987.6,31673.42676,0
1596029760000,0.2401,0.2403,0.2399,0.2403,447064.6,1596029819999,107350.95509,96,371405.1,89194.75760,0
1596029820000,0.2403,0.2405,0.2402,0.2403,307179.8,1596029879999,73821.93770,170,177490.4,42661.73926,0
1596029880000,0.2402,0.2403,0.2400,0.2400,318203.0,1596029939999,76432.61609,136,22938.2,5512.04946,0
1596029940000,0.2401,0.2402,0.2400,0.2402,58968.3,1596029999999,14157.71609,83,24814.7,5958.76134,0
1596030000000,0.2401,0.2402,0.2399,0.2399,31057.7,1596030059999,7457.26511,82,10394.8,2496.78013,0
1596030060000,0.2399,0.2401,0.2398,0.2398,80553.4,1596030119999,19332.09060,91,49856.5,11966.35505,0
1596030120000,0.2398,0.2399,0.2394,0.2395,145515.5,1596030179999,34871.96709,201,36212.6,8682.04474,0
1596030180000,0.2395,0.2396,0.2392,0.2392,266577.0,1596030239999,63819.81858,161,79980.8,19156.84724,0
1596030240000,0.2392,0.2392,0.2385,0.2390,3598620.1,1596030299999,859604.46217,537,1060639.7,253588.12871,0
1596030300000,0.2391,0.2396,0.2391,0.2396,268558.0,1596030359999,64275.74519,194,215627.8,51599.61970,0
1596030360000,0.2396,0.2399,0.2396,0.2397,261065.1,1596030419999,62587.55232,158,185224.5,44407.24070,0
1596030420000,0.2398,0.2403,0.2398,0.2402,458982.3,1596030479999,110180.78970,178,364396.8,87464.73549,0
1596030480000,0.2401,0.2404,0.2401,0.2402,472806.5,1596030539999,113584.83984,92,313864.1,75407.12317,0
1596030540000,0.2403,0.2404,0.2399,0.2400,266578.6,1596030599999,64018.80098,108,59227.6,14232.79894,0
1596030600000,0.2400,0.2404,0.2400,0.2403,193632.1,1596030659999,46506.79733,177,144364.4,34672.38950,0
1596030660000,0.2402,0.2404,0.2402,0.2404,149370.9,1596030719999,35900.66006,53,132615.2,31875.78086,0
1596030720000,0.2405,0.2407,0.2402,0.2406,1225765.2,1596030779999,294804.47973,167,1141690.8,274595.76253,0
1596030780000,0.2407,0.2408,0.2406,0.2406,391389.4,1596030839999,94208.45419,82,238832.8,57491.33577,0
1596030840000,0.2406,0.2407,0.2403,0.2404,534530.4,1596030899999,128589.66144,82,61763.9,14855.61540,0
1596030900000,0.2405,0.2405,0.2401,0.2404,345008.9,1596030959999,82912.56893,143,187412.5,45046.06070,0
1596030960000,0.2405,0.2405,0.2404,0.2404,142286.9,1596031019999,34214.27442,68,71653.6,17232.69080,0
1596031020000,0.2404,0.2407,0.2404,0.2407,97483.0,1596031079999,23446.56548,145,88668.3,21326.80848,0
1596031080000,0.2407,0.2408,0.2406,0.2408,109691.9,1596031139999,26405.58953,124,103074.4,24812.82510,0
1596031140000,0.2408,0.2408,0.2406,0.2407,43679.4,1596031199999,10513.32849,34,2902.9,698.76309,0
1596031200000,0.2407,0.2408,0.2406,0.2408,156305.8,1596031259999,37628.05698,66,134292.3,32329.46876,0
1596031260000,0.2408,0.2408,0.2406,0.2408,288290.1,1596031319999,69411.30761,98,251268.8,60501.58092,0
1596031320000,0.2409,0.2409,0.2407,0.2408,86873.0,1596031379999,20919.23787,83,25466.2,6133.02343,0
1596031380000,0.2409,0.2409,0.2407,0.2408,126463.7,1596031439999,30454.25995,74,30701.5,7394.72259,0
1596031440000,0.2409,0.2412,0.2408,0.2410,604223.8,1596031499999,145595.22851,267,345712.7,83324.28710,0
1596031500000,0.2410,0.2414,0.2409,0.2414,423431.7,1596031559999,102105.95578,229,355888.0,85824.63804,0
1596031560000,0.2414,0.2418,0.2413,0.2414,879887.7,1596031619999,212494.30409,350,647178.4,156291.48836,0
1596031620000,0.2414,0.2415,0.2414,0.2415,152334.6,1596031679999,36781.44951,151,44498.9,10744.97611,0
1596031680000,0.2416,0.2416,0.2414,0.2415,294531.9,1596031739999,71108.99969,74,108450.4,26185.41555,0
1596031740000,0.2415,0.2415,0.2413,0.2413,182118.6,1596031799999,43963.74471,144,6953.9,1679.34185,0
1596031800000,0.2413,0.2414,0.2409,0.2409,878666.0,1596031859999,211849.89590,237,7197.2,1737.32969,0
1596031860000,0.2409,0.2410,0.2404,0.2407,672482.0,1596031919999,161798.82549,291,305108.3,73390.68477,0
1596031920000,0.2407,0.2411,0.2407,0.2411,154605.5,1596031979999,37244.34861,208,151422.9,36477.62113,0
1596031980000,0.2411,0.2411,0.2409,0.2410,72718.1,1596032039999,17526.23701,115,61689.7,14868.79745,0
1596032040000,0.2410,0.2411,0.2407,0.2408,538166.1,1596032099999,129677.72297,93,28197.4,6790.13568,0
1596032100000,0.2408,0.2412,0.2407,0.2412,445087.3,1596032159999,107212.82639,337,440033.3,105995.71695,0
1596032160000,0.2412,0.2413,0.2411,0.2412,191956.0,1596032219999,46313.10220,190,153394.3,37012.08604,0
1596032220000,0.2412,0.2413,0.2410,0.2412,261714.7,1596032279999,63112.92363,104,92962.2,22416.27343,0
1596032280000,0.2412,0.2414,0.2410,0.2414,248015.9,1596032339999,59821.89976,127,101556.3,24497.67209,0
1596032340000,0.2413,0.2413,0.2411,0.2413,51276.2,1596032399999,12369.97357,106,18836.9,4545.10485,0
1596032400000,0.2413,0.2414,0.2411,0.2411,321710.1,1596032459999,77587.01161,116,34639.0,8358.47163,0
1596032460000,0.2411,0.2412,0.2411,0.2412,100520.0,1596032519999,24245.01248,128,96404.8,23252.83776,0
1596032520000,0.2412,0.2412,0.2408,0.2409,148711.3,1596032579999,35835.40367,83,43304.0,10439.11064,0
1596032580000,0.2409,0.2411,0.2408,0.2411,376718.0,1596032639999,90759.44211,133,274650.4,66171.11696,0
1596032640000,0.2410,0.2412,0.2410,0.2412,30751.5,1596032699999,7415.03816,196,29687.9,7158.69501,0
1596032700000,0.2412,0.2412,0.2409,0.2410,70273.1,1596032759999,16940.36693,151,21261.4,5126.83511,0
1596032760000,0.2411,0.2412,0.2410,0.2411,328575.7,1596032819999,79196.57986,112,301135.1,72582.04648,0
1596032820000,0.2411,0.2412,0.2411,0.2412,76895.0,1596032879999,18540.43985,188,75891.2,18298.42367,0
1596032880000,0.2412,0.2412,0.2411,0.2412,7155.7,1596032939999,1725.85468,91,6154.1,1484.36892,0
1596032940000,0.2412,0.2412,0.2411,0.2412,22686.7,1596032999999,5470.15361,69,3902.4,941.25888,0
1596033000000,0.2411,0.2412,0.2411,0.2412,90288.4,1596033059999,21769.93912,159,14058.8,3390.98256,0
1596033060000,0.2412,0.2417,0.2411,0.2417,303531.2,1596033119999,73277.64288,269,292932.6,70721.22425,0
1596033120000,0.2417,0.2420,0.2416,0.2416,496467.7,1596033179999,120059.48890,249,343887.9,83166.31815,0
1596033180000,0.2417,0.2419,0.2415,0.2416,174789.0,1596033239999,42238.55134,99,46852.5,11321.84006,0
1596033240000,0.2417,0.2417,0.2411,0.2412,332778.8,1596033299999,80352.13868,114,109907.0,26562.24378,0
1596033300000,0.2411,0.2412,0.2411,0.2412,189910.1,1596033359999,45789.00929,98,16841.8,4062.24216,0
1596033360000,0.2412,0.2412,0.2409,0.2409,38602.7,1596033419999,9303.87423,90,722.7,174.25185,0
1596033420000,0.2409,0.2410,0.2408,0.2409,199174.8,1596033479999,47972.60433,99,62204.4,14985.03998,0
1596033480000,0.2409,0.2409,0.2408,0.2409,58226.7,1596033539999,14023.41118,125,24218.2,5834.16438,0
1596033540000,0.2409,0.2411,0.2407,0.2409,234095.1,1596033599999,56405.94648,93,153856.4,37072.88745,0
1596033600000,0.2409,0.2410,0.2407,0.2407,221081.7,1596033659999,53250.24492,89,24868.2,5989.92593,0
1596033660000,0.2407,0.2409,0.2404,0.2408,799070.0,1596033719999,192219.71577,249,279687.7,67296.96407,0
1596033720000,0.2407,0.2408,0.2398,0.2404,1788103.1,1596033779999,429497.38073,440,768842.7,184674.92350,0
1596033780000,0.2403,0.2406,0.2402,0.2406,800109.5,1596033839999,192295.22913,185,279329.6,67146.65214,0
1596033840000,0.2407,0.2407,0.2399,0.2404,1367675.8,1596033899999,328455.81467,274,519829.0,124880.08527,0
1596033900000,0.2404,0.2417,0.2401,0.2414,1151094.1,1596033959999,277256.59806,427,820237.8,197595.17131,0
1596033960000,0.2414,0.2415,0.2409,0.2414,630826.6,1596034019999,152211.80107,186,311718.0,75243.40881,0
1596034020000,0.2414,0.2415,0.2411,0.2411,352655.3,1596034079999,85084.05051,97,135540.0,32711.02814,0
1596034080000,0.2412,0.2412,0.2410,0.2410,187956.2,1596034139999,45318.77532,56,91770.0,22131.48564,0
1596034140000,0.2410,0.2415,0.2408,0.2413,403588.0,1596034199999,97375.39407,154,238053.6,57450.50212,0
1596034200000,0.2413,0.2415,0.2409,0.2411,350458.3,1596034259999,84512.40032,116,87454.0,21085.35022,0
1596034260000,0.2410,0.2410,0.2406,0.2409,600540.9,1596034319999,144609.02981,172,114287.6,27526.75977,0
1596034320000,0.2407,0.2408,0.2398,0.2401,1156782.1,1596034379999,277957.71982,370,167610.4,40303.51744,0
1596034380000,0.2401,0.2403,0.2396,0.2396,1002533.7,1596034439999,240523.75113,232,351259.2,84344.45007,0
1596034440000,0.2397,0.2398,0.2388,0.2395,2805440.0,1596034499999,671276.86314,720,1522156.5,364341.44852,0
1596034500000,0.2395,0.2396,0.2367,0.2383,6564523.4,1596034559999,1561300.04521,1625,1994777.9,474366.89388,0
1596034560000,0.2383,0.2393,0.2375,0.2391,3200568.5,1596034619999,763794.92580,799,1649544.4,393922.38499,0
1596034620000,0.2392,0.2394,0.2389,0.2394,1518911.0,1596034679999,363280.11474,324,849751.1,203276.02623,0
1596034680000,0.2394,0.2398,0.2391,0.2392,1518818.3,1596034739999,363752.29397,393,808813.6,193754.16005,0
1596034740000,0.2393,0.2394,0.2389,0.2390,669319.8,1596034799999,160070.60556,153,341376.2,81671.58824,0
1596034800000,0.2389,0.2389,0.2384,0.2384,1302845.8,1596034859999,310794.23076,296,391763.1,93462.31292,0
1596034860000,0.2384,0.2393,0.2384,0.2392,1541970.4,1596034919999,368374.05116,371,1260156.9,301007.05710,0
1596034920000,0.2392,0.2392,0.2387,0.2387,489156.0,1596034979999,116894.84238,222,228577.7,54645.11495,0
1596034980000,0.2386,0.2390,0.2385,0.2386,752492.1,1596035039999,179566.90587,219,323789.1,77277.34925,0
1596035040000,0.2386,0.2388,0.2382,0.2385,1092256.3,1596035099999,260496.36400,344,487776.0,116344.65562,0
1596035100000,0.2385,0.2387,0.2383,0.2387,316718.0,1596035159999,75536.66856,121,210691.3,50260.08238,0
1596035160000,0.2387,0.2389,0.2385,0.2388,372942.5,1596035219999,89054.35484,190,313269.4,74811.16612,0
1596035220000,0.2389,0.2391,0.2388,0.2391,683237.0,1596035279999,163303.30663,156,590755.9,141214.91899,0
1596035280000,0.2390,0.2393,0.2390,0.2391,780207.5,1596035339999,186552.41062,177,538140.5,128674.12337,0
1596035340000,0.2392,0.2395,0.2391,0.2393,636403.0,1596035399999,152306.91669,152,407251.9,97467.27586,0
1596035400000,0.2394,0.2398,0.2393,0.2395,557034.7,1596035459999,133421.31458,222,384824.7,92183.95634,0
1596035460000,0.2395,0.2402,0.2395,0.2402,1373395.4,1596035519999,329287.61742,296,1299672.9,311602.17360,0
1596035520000,0.2402,0.2404,0.2400,0.2402,844257.7,1596035579999,202813.73217,286,510311.0,122579.69699,0
1596035580000,0.2402,0.2404,0.2400,0.2401,414102.3,1596035639999,99478.19886,232,149146.3,35833.59016,0
1596035640000,0.2402,0.2404,0.2396,0.2397,695184.2,1596035699999,166687.84754,224,75794.4,18202.78891,0
1596035700000,0.2398,0.2404,0.2397,0.2402,1443748.7,1596035759999,346736.07350,230,1382574.0,332055.61046,0
1596035760000,0.2403,0.2405,0.2402,0.2403,305159.8,1596035819999,73339.45023,126,133206.9,32015.49464,0
1596035820000,0.2404,0.2407,0.2404,0.2406,575638.3,1596035879999,138472.35907,246,387262.9,93159.21259,0
1596035880000,0.2407,0.2410,0.2407,0.2408,276707.7,1596035939999,66632.64061,255,142713.7,34364.69817,0
1596035940000,0.2408,0.2409,0.2403,0.2404,793823.2,1596035999999,190962.99148,253,240248.6,57812.78302,0
1596036000000,0.2404,0.2407,0.2403,0.2407,337781.3,1596036059999,81250.57267,168,263419.5,63360.25309,0
1596036060000,0.2407,0.2407,0.2403,0.2403,375059.1,1596036119999,90183.35927,217,34297.6,8252.83719,0
1596036120000,0.2403,0.2407,0.2403,0.2406,199197.5,1596036179999,47894.91352,118,133273.9,32043.89929,0
1596036180000,0.2405,0.2407,0.2405,0.2407,118449.8,1596036239999,28493.94479,92,27603.7,6642.41699,0
1596036240000,0.2406,0.2407,0.2403,0.2405,205777.8,1596036299999,49479.91128,162,38013.7,9142.43576,0
1596036300000,0.2405,0.2406,0.2403,0.2404,510767.0,1596036359999,122768.70194,139,72347.7,17393.83827,0
1596036360000,0.2404,0.2405,0.2400,0.2400,353221.5,1596036419999,84839.67995,189,7284.3,1751.67687,0
1596036420000,0.2402,0.2404,0.2399,0.2402,470017.7,1596036479999,112912.62217,148,397781.4,95573.90551,0
1596036480000,0.2403,0.2404,0.2402,0.2403,74673.8,1596036539999,17942.98267,85,6944.0,1668.97730,0
1596036540000,0.2403,0.2404,0.2402,0.2403,76455.6,1596036599999,18377.75837,80,56385.0,13554.94892,0
1596036600000,0.2403,0.2407,0.2403,0.2407,343922.3,1596036659999,82711.93071,186,340267.8,81832.80333,0
1596036660000,0.2407,0.2410,0.2406,0.2406,763736.7,1596036719999,183848.37641,197,278638.3,67088.38090,0
1596036720000,0.2406,0.2406,0.2403,0.2403,417922.2,1596036779999,100510.07955,130,138013.3,33197.46339,0
1596036780000,0.2405,0.2405,0.2403,0.2403,31898.1,1596036839999,7665.26520,56,522.9,125.70519,0
1596036840000,0.2404,0.2404,0.2400,0.2401,134303.9,1596036899999,32259.93297,76,572.0,137.49888,0
1596036900000,0.2402,0.2402,0.2397,0.2398,715718.3,1596036959999,171726.91857,156,103781.5,24893.75420,0
1596036960000,0.2399,0.2401,0.2398,0.2400,273881.6,1596037019999,65731.98486,59,233472.2,56037.18356,0
1596037020000,0.2399,0.2402,0.2399,0.2401,180925.8,1596037079999,43431.80937,49,73384.8,17617.89480,0
1596037080000,0.2401,0.2402,0.2394,0.2398,767314.4,1596037139999,183936.31361,295,255850.5,61324.05436,0
1596037140000,0.2398,0.2398,0.2396,0.2397,70568.6,1596037199999,16913.58784,57,23639.6,5666.99523,0
1596037200000,0.2396,0.2398,0.2393,0.2396,634783.1,1596037259999,152066.41789,180,192908.3,46209.07102,0
1596037260000,0.2395,0.2396,0.2391,0.2394,408727.0,1596037319999,97822.54791,108,107538.7,25742.44976,0
1596037320000,0.2395,0.2395,0.2390,0.2390,296830.0,1596037379999,71014.35249,130,35245.9,8440.08533,0
1596037380000,0.2390,0.2395,0.2390,0.2395,179255.1,1596037439999,42874.78231,89,144724.7,34622.00399,0
1596037440000,0.2393,0.2401,0.2392,0.2401,360741.2,1596037499999,86362.55635,138,217577.8,52100.75807,0
1596037500000,0.2401,0.2403,0.2400,0.2403,66630.3,1596037559999,15999.49451,111,34853.1,8370.45474,0
1596037560000,0.2403,0.2403,0.2401,0.2402,130525.7,1596037619999,31362.30147,43,75476.0,18135.08264,0
1596037620000,0.2403,0.2404,0.2398,0.2398,526498.3,1596037679999,126469.73119,125,59096.2,14191.54581,0
1596037680000,0.2399,0.2399,0.2397,0.2397,64386.2,1596037739999,15442.39749,52,18838.6,4519.38014,0
1596037740000,0.2398,0.2398,0.2394,0.2396,188646.1,1596037799999,45195.47141,92,66226.1,15870.72126,0
1596037800000,0.2395,0.2397,0.2394,0.2395,268521.6,1596037859999,64319.57225,91,73883.0,17700.57085,0
1596037860000,0.2395,0.2397,0.2395,0.2397,38346.0,1596037919999,9186.84888,111,32833.4,7866.51379,0
1596037920000,0.2397,0.2397,0.2395,0.2396,41774.5,1596037979999,10009.36756,39,26783.2,6417.82794,0
1596037980000,0.2395,0.2396,0.2395,0.2395,52298.5,1596038039999,12526.28976,37,17880.4,4282.89438,0
1596038040000,0.2396,0.2397,0.2394,0.2397,86641.5,1596038099999,20755.39593,57,52485.0,12574.83499,0
1596038100000,0.2398,0.2398,0.2395,0.2396,101150.3,1596038159999,24242.11170,33,23463.5,5624.09035,0
1596038160000,0.2397,0.2397,0.2394,0.2394,31997.7,1596038219999,7665.47973,98,4300.3,1030.78191,0
1596038220000,0.2394,0.2396,0.2394,0.2394,73699.9,1596038279999,17648.88808,49,13629.8,3264.95260,0
1596038280000,0.2394,0.2394,0.2391,0.2393,140054.9,1596038339999,33514.17341,64,74373.2,17801.86209,0
1596038340000,0.2393,0.2397,0.2393,0.2397,467562.7,1596038399999,112000.18534,80,449164.7,107596.73658,0
1596038400000,0.2396,0.2403,0.2396,0.2398,1115949.9,1596038459999,267847.19024,265,686283.1,164718.89043,0
1596038460000,0.2399,0.2399,0.2395,0.2395,401803.4,1596038519999,96297.78609,136,149353.8,35805.92856,0
1596038520000,0.2396,0.2401,0.2395,0.2399,261111.8,1596038579999,62624.24577,115,174251.4,41787.44500,0
1596038580000,0.2399,0.2404,0.2399,0.2404,425552.6,1596038639999,102215.22706,150,327070.5,78570.86821,0
1596038640000,0.2403,0.2407,0.2403,0.2406,1251475.9,1596038699999,301018.46095,343,910457.7,219008.36560,0
1596038700000,0.2406,0.2407,0.2404,0.2404,211591.7,1596038759999,50899.57082,161,86889.9,20901.50427,0
1596038760000,0.2404,0.2405,0.2399,0.2402,541975.4,1596038819999,130149.76541,207,202827.6,48730.60550,0
1596038820000,0.2401,0.2402,0.2400,0.2401,315374.3,1596038879999,75718.59489,93,181914.2,43678.13602,0
1596038880000,0.2401,0.2402,0.2400,0.2402,85063.5,1596038939999,20423.02930,92,48832.4,11725.71845,0
1596038940000,0.2403,0.2403,0.2400,0.2400,64544.8,1596038999999,15498.17266,98,18142.0,4356.66089,0
1596039000000,0.2402,0.2404,0.2401,0.2403,416805.9,1596039059999,100140.13633,229,162648.1,39083.67518,0
1596039060000,0.2402,0.2404,0.2402,0.2402,136453.2,1596039119999,32793.22870,128,37725.8,9069.28206,0
1596039120000,0.2402,0.2404,0.2401,0.2402,96675.5,1596039179999,23223.56552,115,27103.1,6511.99378,0
1596039180000,0.2402,0.2405,0.2401,0.2404,82749.2,1596039239999,19889.60114,165,55457.1,13331.31454,0
1596039240000,0.2405,0.2405,0.2401,0.2402,523047.6,1596039299999,125671.16722,160,91950.5,22099.51461,0
1596039300000,0.2402,0.2404,0.2398,0.2398,1088456.6,1596039359999,261398.18254,353,722501.3,173550.97249,0
1596039360000,0.2399,0.2399,0.2388,0.2392,1311993.3,1596039419999,313780.27430,455,229814.9,54939.35492,0
1596039420000,0.2392,0.2393,0.2389,0.2390,336356.6,1596039479999,80414.24287,126,119567.7,28590.25373,0
1596039480000,0.2391,0.2396,0.2391,0.2395,275491.2,1596039539999,65950.67950,121,238922.3,57195.89279,0
1596039540000,0.2396,0.2396,0.2392,0.2393,149628.0,1596039599999,35818.74732,139,32480.2,7773.04197,0
1596039600000,0.2394,0.2394,0.2391,0.2392,248652.9,1596039659999,59498.55741,218,145167.7,34745.78321,0
1596039660000,0.2393,0.2396,0.2392,0.2394,280074.4,1596039719999,67048.01730,131,135482.4,32434.08387,0
1596039720000,0.2394,0.2396,0.2393,0.2394,141414.9,1596039779999,33865.43082,84,117538.3,28147.79111,0
1596039780000,0.2395,0.2396,0.2395,0.2396,87389.6,1596039839999,20933.72514,77,55387.0,13269.10244,0
1596039840000,0.2395,0.2395,0.2392,0.2392,132181.5,1596039899999,31633.08546,175,40250.4,9633.84086,0
1596039900000,0.2393,0.2393,0.2384,0.2388,704990.1,1596039959999,168296.40353,333,250564.1,59786.25766,0
1596039960000,0.2389,0.2390,0.2387,0.2390,155259.2,1596040019999,37082.78641,92,62699.5,14979.22138,0
1596040020000,0.2391,0.2394,0.2391,0.2392,291289.4,1596040079999,69690.76149,121,125094.3,29932.12457,0
1596040080000,0.2392,0.2393,0.2390,0.2391,200590.8,1596040139999,47971.96591,149,49681.4,11883.79089,0
1596040140000,0.2393,0.2400,0.2392,0.2399,424884.9,1596040199999,101825.58775,233,312916.3,74976.05026,0
1596040200000,0.2399,0.2401,0.2396,0.2398,316185.3,1596040259999,75830.53202,191,156974.0,37652.27385,0
1596040260000,0.2398,0.2399,0.2393,0.2393,202658.6,1596040319999,48544.86968,127,31387.7,7519.78460,0
1596040320000,0.2392,0.2397,0.2392,0.2395,176937.6,1596040379999,42369.38922,65,119124.2,28529.73317,0
1596040380000,0.2394,0.2396,0.2394,0.2394,41857.0,1596040439999,10021.66934,33,3568.8,854.77998,0
1596040440000,0.2394,0.2399,0.2394,0.2398,92190.5,1596040499999,22089.99063,56,59976.3,14373.85256,0
1596040500000,0.2399,0.2400,0.2398,0.2400,460358.3,1596040559999,110450.15577,91,398850.9,95695.33660,0
1596040560000,0.2399,0.2399,0.2398,0.2399,117445.3,1596040619999,28173.78492,85,104019.8,24954.35002,0
1596040620000,0.2399,0.2400,0.2398,0.2398,68158.8,1596040679999,16352.56788,44,31648.4,7593.82302,0
1596040680000,0.2398,0.2399,0.2394,0.2394,419975.6,1596040739999,100657.58067,225,55464.7,13284.20045,0
1596040740000,0.2394,0.2397,0.2394,0.2396,182814.1,1596040799999,43791.78958,61,63080.6,15114.51807,0
1596040800000,0.2397,0.2398,0.2396,0.2396,88642.8,1596040859999,21247.97560,61,39257.9,9412.03109,0
1596040860000,0.2396,0.2399,0.2396,0.2397,279856.2,1596040919999,67096.12873,88,89866.8,21548.19607,0
1596040920000,0.2397,0.2398,0.2394,0.2396,121686.6,1596040979999,29154.82750,100,23452.7,5619.29586,0
1596040980000,0.2395,0.2396,0.2392,0.2392,337033.7,1596041039999,80694.62117,285,20600.7,4934.13201,0
1596041040000,0.2392,0.2392,0.2389,0.2389,278323.4,1596041099999,66512.88969,179,68275.4,16322.37936,0
1596041100000,0.2390,0.2392,0.2389,0.2389,279559.2,1596041159999,66818.82453,79,216550.1,51760.57063,0
1596041160000,0.2389,0.2390,0.2381,0.2383,1083101.5,1596041219999,258294.07342,310,368703.9,87918.22401,0
1596041220000,0.2383,0.2387,0.2383,0.2387,580298.7,1596041279999,138350.95125,114,257578.3,61422.93879,0
1596041280000,0.2386,0.2390,0.2385,0.2389,308637.0,1596041339999,73713.16881,120,242374.9,57888.08788,0
1596041340000,0.2389,0.2390,0.2386,0.2389,213565.7,1596041399999,50999.53729,68,182176.2,43507.63271,0
1596041400000,0.2389,0.2391,0.2388,0.2390,134477.5,1596041459999,32129.87845,77,50634.0,12099.49621,0
1596041460000,0.2391,0.2392,0.2388,0.2389,190171.0,1596041519999,45439.86090,64,28292.9,6759.90570,0
1596041520000,0.2389,0.2390,0.2382,0.2383,1002249.7,1596041579999,239038.22742,205,203063.8,48431.47030,0
1596041580000,0.2384,0.2386,0.2383,0.2383,351295.4,1596041639999,83758.54097,104,198628.0,47367.25442,0
1596041640000,0.2384,0.2386,0.2382,0.2383,373859.0,1596041699999,89086.30929,79,139472.6,33239.79486,0
1596041700000,0.2384,0.2384,0.2379,0.2380,950441.0,1596041759999,226297.81071,167,156691.4,37317.97381,0
1596041760000,0.2380,0.2388,0.2379,0.2386,609643.5,1596041819999,145315.15662,233,316108.3,75371.73419,0
1596041820000,0.2386,0.2391,0.2386,0.2390,202921.6,1596041879999,48488.99190,63,112092.3,26783.03696,0
1596041880000,0.2391,0.2392,0.2390,0.2390,102118.7,1596041939999,24411.57293,54,38354.3,9171.20330,0
1596041940000,0.2390,0.2393,0.2390,0.2393,224223.3,1596041999999,53617.16591,63,96556.6,23095.14921,0
1596042000000,0.2392,0.2393,0.2383,0.2386,1490934.6,1596042059999,355903.92804,318,278510.4,66557.48920,0
1596042060000,0.2387,0.2388,0.2385,0.2387,205068.5,1596042119999,48941.01599,64,148261.2,35387.53988,0
1596042120000,0.2387,0.2389,0.2384,0.2389,433785.6,1596042179999,103508.24049,151,401104.1,95711.72771,0
1596042180000,0.2389,0.2389,0.2387,0.2388,377252.7,1596042239999,90073.16865,61,171112.5,40861.63887,0
1596042240000,0.2386,0.2388,0.2385,0.2385,106840.9,1596042299999,25503.03180,49,32185.6,7685.86941,0
1596042300000,0.2385,0.2387,0.2382,0.2382,187906.7,1596042359999,44815.79791,81,32454.7,7741.00921,0
1596042360000,0.2382,0.2385,0.2382,0.2383,320793.3,1596042419999,76454.60296,69,252729.5,60231.67081,0
1596042420000,0.2384,0.2385,0.2377,0.2380,832189.7,1596042479999,198025.60222,274,254166.1,60491.25927,0
1596042480000,0.2380,0.2387,0.2378,0.2387,239621.6,1596042539999,57102.34449,144,186690.8,44498.18606,0
1596042540000,0.2385,0.2387,0.2385,0.2386,87319.2,1596042599999,20837.12872,53,39326.2,9383.81693,0
1596042600000,0.2385,0.2389,0.2383,0.2386,484842.7,1596042659999,115708.63766,133,138061.4,32937.65845,0
1596042660000,0.2386,0.2389,0.2386,0.2389,275735.0,1596042719999,65835.31657,91,110169.1,26312.60026,0
1596042720000,0.2388,0.2388,0.2385,0.2387,169056.1,1596042779999,40348.75628,79,124261.3,29659.96397,0
1596042780000,0.2387,0.2391,0.2386,0.2388,236058.6,1596042839999,56415.03221,115,202930.3,48500.25895,0
1596042840000,0.2389,0.2390,0.2386,0.2388,218654.5,1596042899999,52208.18549,66,84785.6,20247.25944,0
1596042900000,0.2387,0.2388,0.2387,0.2388,44022.4,1596042959999,10512.14395,32,39970.7,9545.00316,0
1596042960000,0.2388,0.2389,0.2388,0.2388,99724.5,1596043019999,23815.65060,58,85363.1,20386.14828,0
1596043020000,0.2388,0.2390,0.2386,0.2389,584458.7,1596043079999,139521.77232,153,99766.1,23832.73951,0
1596043080000,0.2389,0.2390,0.2388,0.2388,202941.0,1596043139999,48480.20772,99,75241.3,17976.53528,0
1596043140000,0.2388,0.2389,0.2387,0.2388,84562.1,1596043199999,20190.67777,113,24743.0,5908.80714,0
1596043200000,0.2388,0.2389,0.2387,0.2389,99364.1,1596043259999,23726.46015,116,23243.0,5551.42085,0
1596043260000,0.2389,0.2389,0.2388,0.2389,25657.3,1596043319999,6127.01604,39,12530.2,2992.26456,0
1596043320000,0.2389,0.2390,0.2388,0.2389,121457.5,1596043379999,29014.19746,74,85133.2,20338.55915,0
1596043380000,0.2388,0.2388,0.2386,0.2387,58654.2,1596043439999,14003.65750,48,27202.1,6495.86148,0
1596043440000,0.2388,0.2388,0.2382,0.2385,256956.3,1596043499999,61271.47443,131,91621.4,21858.99615,0
1596043500000,0.2385,0.2386,0.2383,0.2385,216514.8,1596043559999,51615.56068,77,54727.5,13052.07122,0
1596043560000,0.2386,0.2386,0.2382,0.2384,401671.0,1596043619999,95783.97814,55,284128.4,67765.40291,0
1596043620000,0.2384,0.2386,0.2382,0.2386,94251.3,1596043679999,22470.84744,54,65458.3,15610.21893,0
1596043680000,0.2386,0.2386,0.2384,0.2386,52611.7,1596043739999,12549.95630,42,20650.3,4926.26749,0
1596043740000,0.2386,0.2386,0.2382,0.2384,209019.6,1596043799999,49818.88358,103,1229.6,293.22390,0
1596043800000,0.2384,0.2385,0.2383,0.2384,116470.3,1596043859999,27766.31054,52,106241.2,25327.77201,0
1596043860000,0.2384,0.2385,0.2383,0.2383,218602.3,1596043919999,52103.48395,50,84732.8,20200.60336,0
1596043920000,0.2383,0.2384,0.2379,0.2381,592121.7,1596043979999,140937.07961,155,56638.2,13486.07146,0
1596043980000,0.2380,0.2380,0.2377,0.2377,482874.9,1596044039999,114843.84465,131,62674.2,14912.04489,0
1596044040000,0.2378,0.2380,0.2377,0.2380,229753.6,1596044099999,54651.24256,122,215786.6,51329.90187,0
1596044100000,0.2381,0.2381,0.2378,0.2379,87351.8,1596044159999,20784.18395,99,68872.5,16387.33628,0
1596044160000,0.2379,0.2379,0.2375,0.2375,596221.6,1596044219999,141685.64778,174,159731.9,37984.05674,0
1596044220000,0.2376,0.2377,0.2367,0.2373,1416459.0,1596044279999,335826.71879,457,464142.3,110082.33157,0
1596044280000,0.2372,0.2376,0.2372,0.2374,489318.9,1596044339999,116155.99734,144,233629.2,55458.14733,0
1596044340000,0.2375,0.2376,0.2374,0.2375,225525.8,1596044399999,53568.80331,82,95977.5,22802.09847,0
1596044400000,0.2377,0.2377,0.2376,0.2376,289830.3,1596044459999,68883.06084,97,164457.2,39091.27308,0
1596044460000,0.2376,0.2379,0.2376,0.2377,124804.3,1596044519999,29677.84170,68,103333.2,24572.62198,0
1596044520000,0.2379,0.2382,0.2378,0.2382,199603.7,1596044579999,47502.15146,107,165171.7,39312.01933,0
1596044580000,0.2382,0.2382,0.2377,0.2377,628627.0,1596044639999,149602.77812,131,89033.8,21180.37256,0
1596044640000,0.2378,0.2380,0.2377,0.2378,80615.5,1596044699999,19175.77203,56,37759.2,8982.09803,0
1596044700000,0.2378,0.2381,0.2378,0.2381,88812.2,1596044759999,21130.71572,80,51079.8,12155.17262,0
1596044760000,0.2381,0.2381,0.2380,0.2381,54179.5,1596044819999,12898.33532,120,36143.2,8605.69592,0
1596044820000,0.2380,0.2382,0.2380,0.2382,124823.2,1596044879999,29720.57746,59,52039.3,12394.58892,0
1596044880000,0.2383,0.2383,0.2381,0.2383,240035.8,1596044939999,57188.84432,72,181126.6,43154.93413,0
1596044940000,0.2382,0.2385,0.2382,0.2383,386539.8,1596044999999,92129.65391,94,120287.5,28670.59195,0
1596045000000,0.2383,0.2385,0.2383,0.2385,249174.5,1596045059999,59394.08674,64,148508.6,35400.04791,0
1596045060000,0.2386,0.2387,0.2385,0.2387,182880.7,1596045119999,43628.97410,69,68732.0,16399.46776,0
1596045120000,0.2385,0.2385,0.2381,0.2383,183098.0,1596045179999,43640.25261,56,74788.8,17827.52295,0
1596045180000,0.2382,0.2383,0.2380,0.2380,101077.2,1596045239999,24064.33067,89,6581.7,1567.32540,0
1596045240000,0.2380,0.2381,0.2379,0.2380,93066.4,1596045299999,22147.15007,56,24858.4,5916.78036,0
1596045300000,0.2381,0.2383,0.2381,0.2381,60984.9,1596045359999,14522.11430,52,53516.5,12743.18032,0
1596045360000,0.2381,0.2382,0.2379,0.2380,156103.0,1596045419999,37152.33078,42,2324.1,553.37011,0
1596045420000,0.2381,0.2382,0.2380,0.2382,29090.4,1596045479999,6924.54693,28,7177.7,1709.11387,0
1596045480000,0.2381,0.2382,0.2380,0.2382,27312.4,1596045539999,6504.22012,35,25300.2,6025.31652,0
1596045540000,0.2382,0.2382,0.2378,0.2378,89332.2,1596045599999,21261.20778,35,6431.9,1530.99502,0
1596045600000,0.2378,0.2385,0.2378,0.2383,324314.5,1596045659999,77267.09370,115,206839.2,49282.52825,0
1596045660000,0.2384,0.2392,0.2380,0.2388,902450.5,1596045719999,215233.06292,280,738098.3,175990.30913,0
1596045720000,0.2388,0.2391,0.2386,0.2388,177855.4,1596045779999,42487.33363,97,43176.0,10317.06082,0
1596045780000,0.2388,0.2393,0.2387,0.2390,213310.6,1596045839999,50965.22509,109,120688.8,28834.93450,0
1596045840000,0.2391,0.2393,0.2390,0.2392,96287.1,1596045899999,23026.97821,64,45964.6,10995.78724,0
1596045900000,0.2392,0.2395,0.2392,0.2395,200850.4,1596045959999,48082.31069,132,97780.5,23407.47566,0
1596045960000,0.2394,0.2397,0.2394,0.2396,271962.1,1596046019999,65158.59072,144,210210.0,50364.40863,0
1596046020000,0.2397,0.2398,0.2395,0.2397,514486.4,1596046079999,123319.16604,144,259059.6,62097.75926,0
1596046080000,0.2396,0.2397,0.2392,0.2394,629649.4,1596046139999,150742.22425,83,66219.8,15855.48726,0
1596046140000,0.2394,0.2394,0.2390,0.2391,182028.6,1596046199999,43526.54538,109,48727.3,11655.70160,0
1596046200000,0.2391,0.2392,0.2386,0.2390,726520.7,1596046259999,173572.10722,211,215663.5,51515.08589,0
1596046260000,0.2390,0.2392,0.2389,0.2392,138735.5,1596046319999,33173.35389,37,92026.8,22007.32864,0
1596046320000,0.2392,0.2394,0.2392,0.2394,265492.4,1596046379999,63520.71174,134,265082.7,63422.67053,0
1596046380000,0.2394,0.2395,0.2386,0.2387,802925.1,1596046439999,191839.43427,249,291860.2,69714.74781,0
1596046440000,0.2387,0.2389,0.2386,0.2386,279329.8,1596046499999,66694.00725,129,242239.9,57841.94035,0
1596046500000,0.2386,0.2388,0.2385,0.2387,253160.5,1596046559999,60415.89866,91,120771.3,28825.54868,0
1596046560000,0.2387,0.2387,0.2385,0.2386,66377.6,1596046619999,15839.16955,47,18599.9,4439.69138,0
1596046620000,0.2386,0.2387,0.2385,0.2387,45360.2,1596046679999,10824.39752,52,33641.4,8028.95372,0
1596046680000,0.2387,0.2387,0.2387,0.2387,5362.4,1596046739999,1280.00488,21,3061.5,730.78005,0
1596046740000,0.2387,0.2387,0.2386,0.2387,29770.9,1596046799999,7103.85175,104,5150.1,1229.32887,0
1596046800000,0.2387,0.2387,0.2385,0.2385,411941.9,1596046859999,98292.52480,97,200332.7,47804.28866,0
1596046860000,0.2387,0.2387,0.2386,0.2387,28849.7,1596046919999,6886.18509,66,26466.7,6317.60129,0
1596046920000,0.2387,0.2388,0.2387,0.2387,92794.6,1596046979999,22152.68548,45,77481.3,18497.40077,0
1596046980000,0.2387,0.2389,0.2387,0.2387,88063.5,1596047039999,21029.84127,41,78031.1,18634.27415,0
1596047040000,0.2388,0.2388,0.2387,0.2387,7428.1,1596047099999,1773.52472,92,4372.5,1044.15300,0
1596047100000,0.2387,0.2388,0.2387,0.2388,24258.1,1596047159999,5790.91799,108,5095.2,1216.73376,0
1596047160000,0.2388,0.2390,0.2388,0.2390,53039.0,1596047219999,12668.88058,33,31995.0,7641.70047,0
1596047220000,0.2390,0.2390,0.2387,0.2387,50501.5,1596047279999,12059.74492,90,24274.9,5796.95332,0
1596047280000,0.2388,0.2390,0.2388,0.2389,71942.7,1596047339999,17182.26085,29,49710.4,11870.96438,0
1596047340000,0.2389,0.2391,0.2388,0.2391,14409.7,1596047399999,3443.73606,76,11818.7,2824.69138,0
1596047400000,0.2391,0.2394,0.2390,0.2393,223298.9,1596047459999,53415.92446,180,106807.9,25550.36169,0
1596047460000,0.2393,0.2393,0.2392,0.2392,286723.7,1596047519999,68584.85000,82,36541.8,8741.33952,0
1596047520000,0.2393,0.2395,0.2392,0.2394,605294.5,1596047579999,144900.80626,117,561072.3,134322.67091,0
1596047580000,0.2394,0.2400,0.2393,0.2398,707130.3,1596047639999,169431.66451,276,617178.8,147871.08505,0
1596047640000,0.2398,0.2403,0.2397,0.2401,859383.0,1596047699999,206250.64611,249,605869.8,145420.33331,0
1596047700000,0.2401,0.2408,0.2400,0.2404,924850.1,1596047759999,222404.00280,366,714317.9,171784.94829,0
1596047760000,0.2404,0.2407,0.2404,0.2407,569451.8,1596047819999,137016.20013,136,476713.8,114698.38512,0
1596047820000,0.2407,0.2408,0.2404,0.2406,609434.6,1596047879999,146651.02876,173,335310.4,80698.25521,0
1596047880000,0.2407,0.2408,0.2406,0.2406,439158.7,1596047939999,105679.14963,57,31647.2,7620.00695,0
1596047940000,0.2406,0.2411,0.2405,0.2409,934395.0,1596047999999,225085.86970,226,596536.5,143700.27517,0
1596048000000,0.2408,0.2408,0.2406,0.2407,534480.1,1596048059999,128658.09916,96,351521.4,84617.57267,0
1596048060000,0.2407,0.2408,0.2405,0.2405,394441.9,1596048119999,94919.02940,74,122487.3,29482.97921,0
1596048120000,0.2406,0.2406,0.2403,0.2403,308605.0,1596048179999,74182.77016,103,47390.9,11399.25013,0
1596048180000,0.2403,0.2405,0.2402,0.2405,186551.8,1596048239999,44833.45830,136,58724.1,14114.39642,0
1596048240000,0.2405,0.2405,0.2402,0.2404,159250.4,1596048299999,38283.70070,62,17930.0,4312.16073,0
1596048300000,0.2402,0.2405,0.2402,0.2402,168502.2,1596048359999,40494.49473,56,118436.6,28465.61279,0
1596048360000,0.2402,0.2405,0.2401,0.2405,72480.2,1596048419999,17418.55011,44,61696.5,14826.83175,0
1596048420000,0.2404,0.2405,0.2403,0.2405,465846.2,1596048479999,111999.46674,61,389117.8,93556.58058,0
1596048480000,0.2406,0.2409,0.2405,0.2408,352930.9,1596048539999,84956.96581,109,228817.1,55081.20267,0
1596048540000,0.2408,0.2409,0.2407,0.2408,180763.4,1596048599999,43529.20239,41,167508.4,40338.60077,0
1596048600000,0.2408,0.2410,0.2407,0.2410,111553.0,1596048659999,26866.14905,69,97697.1,23528.29694,0
1596048660000,0.2410,0.2413,0.2408,0.2413,201418.4,1596048719999,48561.39947,172,177084.7,42699.40206,0
1596048720000,0.2412,0.2413,0.2410,0.2410,639245.7,1596048779999,154134.35964,190,291841.2,70386.97456,0
1596048780000,0.2411,0.2413,0.2411,0.2413,164052.2,1596048839999,39570.00130,83,131170.0,31640.53958,0
1596048840000,0.2413,0.2413,0.2409,0.2412,302041.6,1596048899999,72828.40696,75,87835.8,21182.67896,0
1596048900000,0.2412,0.2413,0.2410,0.2412,169684.1,1596048959999,40915.04679,62,97845.7,23592.08003,0
1596048960000,0.2412,0.2414,0.2412,0.2413,518137.0,1596049019999,125013.13621,292,234785.7,56668.80265,0
1596049020000,0.2413,0.2418,0.2412,0.2416,423911.5,1596049079999,102353.43351,338,205020.3,49510.20044,0
1596049080000,0.2417,0.2419,0.2415,0.2416,438743.8,1596049139999,106049.20242,216,200866.3,48556.95590,0
1596049140000,0.2416,0.2418,0.2415,0.2416,1168981.3,1596049199999,282582.84804,238,282700.7,68338.38242,0
1596049200000,0.2416,0.2420,0.2416,0.2418,470407.0,1596049259999,113775.36615,293,275435.3,66621.63938,0
1596049260000,0.2418,0.2421,0.2417,0.2421,367454.7,1596049319999,88898.87925,203,230694.7,55822.78009,0
1596049320000,0.2421,0.2423,0.2420,0.2422,802012.4,1596049379999,194219.30262,250,275147.9,66631.30506,0
1596049380000,0.2422,0.2431,0.2422,0.2430,2471912.0,1596049439999,600036.56189,688,1636111.9,397078.00025,0
1596049440000,0.2430,0.2431,0.2427,0.2427,663644.2,1596049499999,161173.97674,337,127030.3,30856.85727,0
1596049500000,0.2427,0.2430,0.2427,0.2429,625474.1,1596049559999,151869.99758,143,232184.6,56388.27334,0
1596049560000,0.2430,0.2432,0.2429,0.2430,555604.2,1596049619999,135032.05220,207,253317.6,61571.21086,0
1596049620000,0.2430,0.2433,0.2428,0.2429,780417.9,1596049679999,189617.65726,185,172232.0,41873.35645,0
1596049680000,0.2429,0.2429,0.2420,0.2420,1928906.0,1596049739999,467587.01381,480,141485.8,34324.93916,0
1596049740000,0.2420,0.2423,0.2417,0.2421,984128.7,1596049799999,238010.13951,289,656363.9,158739.36000,0
1596049800000,0.2422,0.2425,0.2421,0.2422,921543.9,1596049859999,223301.16265,209,611718.1,148244.14197,0
1596049860000,0.2422,0.2423,0.2419,0.2421,535754.9,1596049919999,129706.02297,142,227473.9,55075.81912,0
1596049920000,0.2421,0.2424,0.2420,0.2421,463373.9,1596049979999,112217.35661,107,105810.5,25628.79740,0
1596049980000,0.2422,0.2424,0.2421,0.2424,147452.3,1596050039999,35727.81424,60,135428.0,32815.74287,0
1596050040000,0.2424,0.2425,0.2423,0.2425,144578.0,1596050099999,35049.11276,59,102786.7,24920.55332,0
1596050100000,0.2425,0.2429,0.2423,0.2428,764883.5,1596050159999,185507.78337,138,666942.4,161760.61672,0
1596050160000,0.2429,0.2431,0.2426,0.2431,594119.9,1596050219999,144269.24229,154,161035.4,39125.95702,0
1596050220000,0.2431,0.2433,0.2430,0.2431,272510.0,1596050279999,66256.79503,167,212983.3,51784.39531,0
1596050280000,0.2432,0.2434,0.2432,0.2434,446436.2,1596050339999,108632.68438,165,307776.3,74897.97419,0
1596050340000,0.2434,0.2438,0.2430,0.2438,2343812.5,1596050399999,570446.71352,483,1599969.0,389517.47623,0
1596050400000,0.2437,0.2438,0.2435,0.2436,494193.2,1596050459999,120416.55902,219,171579.6,41816.10082,0
1596050460000,0.2435,0.2440,0.2435,0.2440,597895.4,1596050519999,145767.96428,174,275362.0,67146.45258,0
1596050520000,0.2440,0.2440,0.2433,0.2436,1080186.4,1596050579999,263187.52918,321,360494.6,87854.36273,0
1596050580000,0.2436,0.2436,0.2434,0.2434,205056.0,1596050639999,49927.60798,155,49670.1,12099.60462,0
1596050640000,0.2434,0.2435,0.2429,0.2429,579854.7,1596050699999,141005.54375,253,160221.2,38982.01848,0
1596050700000,0.2429,0.2430,0.2423,0.2426,1408116.2,1596050759999,341641.92244,465,465942.8,113049.12786,0
1596050760000,0.2426,0.2429,0.2425,0.2427,1467882.4,1596050819999,356223.02406,225,618565.1,150116.29769,0
1596050820000,0.2427,0.2431,0.2427,0.2430,381951.5,1596050879999,92785.27154,124,335561.7,81518.42360,0
1596050880000,0.2431,0.2436,0.2431,0.2435,670239.6,1596050939999,163048.61225,175,589401.7,143394.74057,0
1596050940000,0.2435,0.2437,0.2434,0.2436,465410.6,1596050999999,113357.52257,240,88917.1,21661.30950,0
1596051000000,0.2437,0.2439,0.2432,0.2434,792098.5,1596051059999,192920.37832,341,449111.4,109429.37581,0
1596051060000,0.2434,0.2436,0.2432,0.2436,276881.6,1596051119999,67383.52920,160,177234.4,43137.08898,0
1596051120000,0.2436,0.2436,0.2431,0.2432,632778.4,1596051179999,153995.55514,260,107401.7,26135.48099,0
1596051180000,0.2432,0.2432,0.2423,0.2425,700337.9,1596051239999,169981.41210,283,159063.6,38603.66373,0
1596051240000,0.2425,0.2427,0.2425,0.2427,232661.9,1596051299999,56446.80821,142,179649.1,43589.54707,0
1596051300000,0.2427,0.2428,0.2425,0.2427,377386.0,1596051359999,91569.96497,155,246058.3,59707.44434,0
1596051360000,0.2427,0.2429,0.2426,0.2429,178033.3,1596051419999,43211.05098,117,125553.6,30478.00957,0
1596051420000,0.2429,0.2433,0.2428,0.2433,316622.0,1596051479999,76918.63792,285,194291.9,47211.80584,0
1596051480000,0.2433,0.2433,0.2428,0.2431,803202.1,1596051539999,195201.90276,267,291771.3,70937.86159,0
1596051540000,0.2431,0.2432,0.2429,0.2431,154029.3,1596051599999,37444.65332,63,117226.0,28498.93866,0
1596051600000,0.2431,0.2432,0.2428,0.2431,165706.2,1596051659999,40264.49485,109,101234.9,24599.08719,0
1596051660000,0.2431,0.2434,0.2430,0.2434,487051.4,1596051719999,118513.80933,112,447232.4,108833.66572,0
1596051720000,0.2435,0.2436,0.2432,0.2436,761542.9,1596051779999,185379.11678,154,424305.9,103321.80643,0
1596051780000,0.2435,0.2437,0.2435,0.2436,193515.0,1596051839999,47142.72515,172,130577.4,31813.26062,0
1596051840000,0.2435,0.2437,0.2433,0.2435,286500.9,1596051899999,69776.51174,145,193479.6,47129.58061,0
1596051900000,0.2436,0.2440,0.2435,0.2437,372319.5,1596051959999,90747.95313,268,223920.0,54593.74328,0
1596051960000,0.2437,0.2438,0.2436,0.2436,699132.2,1596052019999,170330.71778,86,177814.8,43334.43245,0
1596052020000,0.2435,0.2437,0.2434,0.2436,162617.5,1596052079999,39614.82809,63,94990.8,23146.58676,0
1596052080000,0.2437,0.2438,0.2435,0.2437,336192.7,1596052139999,81896.22714,81,71010.5,17300.95827,0
1596052140000,0.2437,0.2438,0.2436,0.2436,194189.3,1596052199999,47322.86382,86,65959.7,16078.28033,0
1596052200000,0.2436,0.2437,0.2431,0.2432,675740.2,1596052259999,164427.18873,261,7649.9,1863.11946,0
1596052260000,0.2432,0.2432,0.2428,0.2431,837368.7,1596052319999,203491.79792,332,387662.4,94228.01290,0
1596052320000,0.2431,0.2431,0.2429,0.2429,115911.5,1596052379999,28166.99006,207,19176.4,4661.57685,0
1596052380000,0.2429,0.2430,0.2428,0.2428,210148.7,1596052439999,51054.77647,107,157565.9,38282.88121,0
1596052440000,0.2428,0.2430,0.2427,0.2429,449028.7,1596052499999,109021.04050,247,144149.7,34998.94702,0
1596052500000,0.2429,0.2431,0.2429,0.2431,634736.1,1596052559999,154271.81742,136,634336.1,154174.65742,0
1596052560000,0.2431,0.2433,0.2431,0.2432,168726.8,1596052619999,41032.88053,87,88633.0,21554.49545,0
1596052620000,0.2432,0.2432,0.2429,0.2429,246471.3,1596052679999,59905.11007,210,43650.2,10612.97766,0
1596052680000,0.2429,0.2430,0.2427,0.2428,432923.7,1596052739999,105112.79927,251,20279.4,4924.74535,0
1596052740000,0.2427,0.2430,0.2427,0.2428,422127.6,1596052799999,102490.86515,327,82227.4,19967.38643,0
1596052800000,0.2428,0.2429,0.2423,0.2423,1097501.1,1596052859999,266215.03776,421,155003.3,37613.41661,0
1596052860000,0.2423,0.2424,0.2423,0.2424,183328.2,1596052919999,44436.62034,261,161974.8,39262.69152,0
1596052920000,0.2424,0.2426,0.2424,0.2425,209849.9,1596052979999,50877.94684,246,117859.2,28573.12367,0
1596052980000,0.2425,0.2426,0.2424,0.2425,336916.5,1596053039999,81710.34055,305,196428.5,47645.80002,0
1596053040000,0.2425,0.2426,0.2423,0.2426,246887.1,1596053099999,59866.53799,270,112981.5,27398.13118,0
1596053100000,0.2426,0.2426,0.2422,0.2424,667250.5,1596053159999,161697.35467,225,40012.9,9699.77847,0
1596053160000,0.2424,0.2424,0.2414,0.2416,1673592.5,1596053219999,404718.02983,471,279398.2,67583.56835,0
1596053220000,0.2414,0.2416,0.2411,0.2414,1424990.5,1596053279999,343848.17625,257,267917.5,64667.96605,0
1596053280000,0.2413,0.2420,0.2413,0.2420,1323489.2,1596053339999,319780.81874,246,1107650.8,267641.78454,0
1596053340000,0.2420,0.2426,0.2419,0.2426,453737.4,1596053399999,109924.59890,180,409773.8,99279.77560,0
1596053400000,0.2425,0.2426,0.2423,0.2424,282957.6,1596053459999,68592.04771,136,66702.7,16169.32559,0
1596053460000,0.2424,0.2426,0.2424,0.2426,171019.2,1596053519999,41457.61569,47,24463.3,5932.46553,0
1596053520000,0.2426,0.2434,0.2425,0.2434,1918822.2,1596053579999,466490.68398,466,1741205.4,423320.07266,0
1596053580000,0.2434,0.2436,0.2430,0.2432,1008775.1,1596053639999,245560.09164,470,488717.4,119010.59827,0
1596053640000,0.2431,0.2433,0.2430,0.2431,206241.3,1596053699999,50146.22641,135,96662.3,23507.92485,0
1596053700000,0.2431,0.2431,0.2428,0.2429,180668.8,1596053759999,43884.33509,161,14972.4,3636.96601,0
1596053760000,0.2429,0.2433,0.2428,0.2433,117007.0,1596053819999,28454.69177,271,109507.4,26631.46253,0
1596053820000,0.2433,0.2435,0.2431,0.2434,465308.1,1596053879999,113235.90767,135,166745.0,40575.83366,0
1596053880000,0.2434,0.2435,0.2434,0.2435,170648.2,1596053939999,41548.00418,82,138254.8,33663.45062,0
1596053940000,0.2434,0.2434,0.2431,0.2434,117078.4,1596053999999,28480.58466,77,62606.6,15230.12522,0
1596054000000,0.2434,0.2436,0.2434,0.2436,317880.9,1596054059999,77409.07274,71,298373.1,72659.76901,0
1596054060000,0.2436,0.2438,0.2435,0.2437,1384340.3,1596054119999,337377.77113,264,1189189.6,289819.16730,0
1596054120000,0.2437,0.2438,0.2432,0.2432,595643.7,1596054179999,145109.52237,82,6902.4,1679.55777,0
1596054180000,0.2432,0.2434,0.2432,0.2434,100354.0,1596054239999,24418.68874,42,73024.9,17771.47698,0
1596054240000,0.2433,0.2434,0.2432,0.2432,49976.0,1596054299999,12154.76150,30,216.2,52.60147,0
1596054300000,0.2433,0.2435,0.2431,0.2434,961593.5,1596054359999,233965.40340,96,758311.1,184536.28365,0
1596054360000,0.2433,0.2434,0.2433,0.2433,117889.2,1596054419999,28683.01912,38,35659.2,8676.46012,0
1596054420000,0.2433,0.2435,0.2433,0.2435,123737.9,1596054479999,30115.24306,70,62552.9,15225.91090,0
1596054480000,0.2435,0.2437,0.2434,0.2435,174538.0,1596054539999,42504.13928,105,120491.3,29343.19782,0
1596054540000,0.2434,0.2436,0.2434,0.2435,152510.2,1596054599999,37138.55133,53,109288.5,26615.97500,0
1596054600000,0.2435,0.2435,0.2434,0.2435,151019.9,1596054659999,36767.54966,150,78895.4,19211.02990,0
1596054660000,0.2435,0.2435,0.2434,0.2435,51819.2,1596054719999,12614.91004,268,21167.6,5154.31060,0
1596054720000,0.2435,0.2437,0.2434,0.2437,337354.7,1596054779999,82165.57171,107,262268.8,63881.18848,0
1596054780000,0.2437,0.2438,0.2435,0.2435,207592.1,1596054839999,50577.12570,142,121682.7,29653.12909,0
1596054840000,0.2436,0.2437,0.2436,0.2437,108411.0,1596054899999,26417.13270,36,79536.1,19380.42674,0
1596054900000,0.2437,0.2438,0.2437,0.2438,117946.0,1596054959999,28752.63338,77,91931.8,22412.97284,0
1596054960000,0.2438,0.2438,0.2437,0.2438,103732.3,1596055019999,25285.67249,44,61109.8,14898.56924,0
1596055020000,0.2437,0.2438,0.2437,0.2438,255060.6,1596055079999,62172.93223,67,145568.5,35489.60030,0
1596055080000,0.2438,0.2439,0.2437,0.2439,443993.6,1596055139999,108261.25411,121,305776.2,74563.85203,0
1596055140000,0.2439,0.2439,0.2437,0.2438,119389.5,1596055199999,29105.74219,74,43198.9,10532.33816,0
1596055200000,0.2437,0.2438,0.2437,0.2437,223833.5,1596055259999,54556.09998,122,78760.3,19201.76114,0
1596055260000,0.2438,0.2438,0.2425,0.2426,2005397.3,1596055319999,487364.52513,542,281225.3,68332.78026,0
1596055320000,0.2427,0.2427,0.2420,0.2422,1194511.4,1596055379999,289323.32778,318,341810.2,82824.26801,0
1596055380000,0.2421,0.2425,0.2421,0.2424,270878.3,1596055439999,65651.58102,100,247270.6,59930.01570,0
1596055440000,0.2425,0.2425,0.2423,0.2423,159979.2,1596055499999,38782.24002,116,33831.8,8204.21150,0
1596055500000,0.2424,0.2425,0.2422,0.2425,258797.9,1596055559999,62723.66149,135,141062.2,34197.10491,0
1596055560000,0.2424,0.2428,0.2424,0.2428,166931.4,1596055619999,40496.81790,76,150869.5,36602.25360,0
1596055620000,0.2428,0.2430,0.2427,0.2429,533839.7,1596055679999,129620.36730,88,378196.1,91828.11424,0
1596055680000,0.2428,0.2430,0.2427,0.2429,219061.4,1596055739999,53198.35437,84,87661.8,21293.64472,0
1596055740000,0.2430,0.2433,0.2429,0.2433,107818.6,1596055799999,26211.75538,85,101502.7,24677.55318,0
1596055800000,0.2432,0.2435,0.2432,0.2434,378426.2,1596055859999,92074.89065,107,197294.0,48004.17171,0
1596055860000,0.2433,0.2435,0.2433,0.2434,462497.6,1596055919999,112602.56890,84,365083.1,88892.09644,0
1596055920000,0.2434,0.2434,0.2432,0.2434,180223.2,1596055979999,43852.43477,50,83852.9,20408.95584,0
1596055980000,0.2434,0.2435,0.2433,0.2435,66575.0,1596056039999,16205.09650,127,66265.8,16129.86814,0
1596056040000,0.2435,0.2435,0.2433,0.2434,1065521.1,1596056099999,259365.61312,127,520943.5,126819.47235,0
1596056100000,0.2434,0.2435,0.2434,0.2435,67330.1,1596056159999,16391.25945,70,31131.1,7580.42285,0
1596056160000,0.2435,0.2436,0.2433,0.2435,197152.5,1596056219999,47998.91560,51,137325.4,33434.09540,0
1596056220000,0.2436,0.2440,0.2435,0.2439,1169527.6,1596056279999,285051.52879,353,933320.8,227475.06403,0
1596056280000,0.2439,0.2439,0.2435,0.2438,965096.4,1596056339999,235242.52950,249,619895.1,151114.93143,0
1596056340000,0.2439,0.2440,0.2438,0.2440,634758.4,1596056399999,154830.73830,420,330952.0,80741.42460,0
1596056400000,0.2440,0.2445,0.2439,0.2444,1389064.2,1596056459999,339207.86976,1081,690817.1,168731.10690,0
1596056460000,0.2444,0.2450,0.2443,0.2449,2792443.7,1596056519999,683487.44834,1266,1822292.7,446066.60454,0
1596056520000,0.2449,0.2472,0.2448,0.2467,4935192.4,1596056579999,1213456.08948,2160,3761237.5,924756.92563,0
1596056580000,0.2468,0.2477,0.2467,0.2473,2028847.1,1596056639999,501679.40391,869,818729.4,202529.33876,0
1596056640000,0.2473,0.2473,0.2437,0.2438,5485940.4,1596056699999,1348077.59958,1765,913155.8,223964.96264,0
1596056700000,0.2439,0.2461,0.2434,0.2453,3955622.9,1596056759999,968561.12960,1267,2360451.0,577693.53436,0
1596056760000,0.2453,0.2458,0.2450,0.2452,985718.1,1596056819999,241846.54126,367,364843.6,89569.57099,0
1596056820000,0.2455,0.2461,0.2455,0.2458,1286807.2,1596056879999,316254.21965,295,1014765.6,249410.39221,0
1596056880000,0.2458,0.2460,0.2455,0.2459,958638.0,1596056939999,235617.83804,225,384487.8,94509.97695,0
1596056940000,0.2457,0.2459,0.2454,0.2456,556663.8,1596056999999,136741.27813,144,176490.4,43366.30961,0
1596057000000,0.2457,0.2459,0.2456,0.2459,357681.5,1596057059999,87884.02636,120,150532.7,37006.83974,0
1596057060000,0.2459,0.2463,0.2458,0.2463,473623.2,1596057119999,116584.22085,202,439274.8,108132.27139,0
1596057120000,0.2463,0.2466,0.2463,0.2465,281941.9,1596057179999,69498.39208,305,202926.5,50021.92343,0
1596057180000,0.2466,0.2467,0.2458,0.2458,1004809.7,1596057239999,247505.48143,530,81230.6,20034.66310,0
1596057240000,0.2458,0.2464,0.2458,0.2462,597998.9,1596057299999,147187.62773,199,417522.8,102763.70136,0
1596057300000,0.2463,0.2472,0.2463,0.2471,367268.8,1596057359999,90652.05394,379,289840.8,71534.38143,0
1596057360000,0.2471,0.2473,0.2467,0.2467,1029385.2,1596057419999,254238.02300,349,354556.1,87599.53111,0
1596057420000,0.2468,0.2470,0.2466,0.2468,548910.7,1596057479999,135490.90771,181,350997.3,86660.60546,0
1596057480000,0.2468,0.2472,0.2467,0.2472,401537.7,1596057539999,99170.19095,180,253105.0,62505.94245,0
1596057540000,0.2471,0.2474,0.2469,0.2473,651572.0,1596057599999,161066.55352,230,392616.4,97079.21294,0
1596057600000,0.2474,0.2480,0.2473,0.2479,1010816.9,1596057659999,250431.84763,621,850499.2,210733.41041,0
1596057660000,0.2479,0.2484,0.2479,0.2481,1206068.3,1596057719999,299309.21459,603,622514.0,154523.85723,0
1596057720000,0.2483,0.2483,0.2472,0.2475,2308843.9,1596057779999,572038.01826,603,429318.8,106430.90734,0
1596057780000,0.2473,0.2478,0.2472,0.2477,511020.1,1596057839999,126513.99697,160,387472.5,95941.58391,0
1596057840000,0.2477,0.2482,0.2476,0.2481,661557.1,1596057899999,164034.31639,287,597571.9,148176.33472,0
1596057900000,0.2481,0.2486,0.2481,0.2485,1574302.9,1596057959999,391039.95717,384,1405664.8,349144.36220,0
1596057960000,0.2486,0.2488,0.2483,0.2486,1170949.1,1596058019999,291011.75546,389,546693.4,135909.23675,0
1596058020000,0.2486,0.2494,0.2486,0.2491,2149761.0,1596058079999,535372.17615,774,973322.8,242453.15194,0
1596058080000,0.2492,0.2495,0.2486,0.2487,1569798.0,1596058139999,390948.64932,546,554607.8,138220.86405,0
1596058140000,0.2486,0.2492,0.2486,0.2492,1330076.3,1596058199999,330908.35818,195,1049783.6,261128.82158,0
1596058200000,0.2492,0.2495,0.2490,0.2494,953697.5,1596058259999,237806.05587,298,708900.4,176775.67227,0
1596058260000,0.2495,0.2498,0.2494,0.2494,1085935.1,1596058319999,271017.47611,407,620719.4,154938.79089,0
1596058320000,0.2494,0.2499,0.2493,0.2498,1119727.6,1596058379999,279591.92809,320,629175.4,157118.80647,0
1596058380000,0.2497,0.2499,0.2497,0.2499,651030.7,1596058439999,162620.13250,230,548008.0,136894.26882,0
1596058440000,0.2499,0.2499,0.2492,0.2493,1349227.7,1596058499999,336677.92213,462,141808.5,35393.80710,0
1596058500000,0.2493,0.2494,0.2482,0.2489,3534177.9,1596058559999,878964.54228,928,978080.0,243255.11813,0
1596058560000,0.2488,0.2490,0.2485,0.2485,1094982.9,1596058619999,272403.23884,286,379739.5,94527.41148,0
1596058620000,0.2485,0.2486,0.2483,0.2485,851681.4,1596058679999,211558.91926,278,207696.2,51607.21338,0
1596058680000,0.2485,0.2488,0.2483,0.2488,1094149.1,1596058739999,271925.46212,360,783762.3,194814.69683,0
1596058740000,0.2488,0.2490,0.2483,0.2486,2039039.9,1596058799999,506885.04258,348,294621.9,73308.95019,0
1596058800000,0.2486,0.2486,0.2480,0.2481,1235103.3,1596058859999,306573.18628,493,245719.6,61039.46472,0
1596058860000,0.2481,0.2481,0.2478,0.2481,542095.8,1596058919999,134443.27229,241,173010.8,42923.97948,0
1596058920000,0.2480,0.2481,0.2474,0.2475,1272434.2,1596058979999,315153.25408,408,174375.6,43185.91665,0
1596058980000,0.2475,0.2478,0.2475,0.2478,615443.6,1596059039999,152366.69707,198,481731.1,119272.42747,0
1596059040000,0.2478,0.2490,0.2478,0.2489,1916329.1,1596059099999,476292.33417,558,1852496.0,460430.74582,0
1596059100000,0.2488,0.2495,0.2488,0.2493,891497.0,1596059159999,222113.46658,308,613341.1,152867.73049,0
1596059160000,0.2493,0.2498,0.2493,0.2498,605522.9,1596059219999,151137.67230,217,457335.8,114156.03519,0
1596059220000,0.2498,0.2499,0.2496,0.2499,593566.7,1596059279999,148219.28752,131,269853.7,67410.75165,0
1596059280000,0.2497,0.2498,0.2496,0.2496,422114.1,1596059339999,105388.84413,141,154250.3,38524.32835,0
1596059340000,0.2496,0.2499,0.2495,0.2498,302724.5,1596059399999,75591.94073,101,152746.8,38150.83575,0
1596059400000,0.2498,0.2504,0.2498,0.2503,1880182.5,1596059459999,470213.58571,757,1522602.6,380773.72898,0
1596059460000,0.2503,0.2508,0.2502,0.2505,1706183.3,1596059519999,427463.41709,715,1203546.5,301597.41172,0
1596059520000,0.2505,0.2507,0.2494,0.2495,3169469.0,1596059579999,792586.96783,809,577058.2,144317.03929,0
1596059580000,0.2494,0.2498,0.2486,0.2497,1354671.0,1596059639999,337482.95738,578,766698.0,191103.84475,0
1596059640000,0.2498,0.2500,0.2484,0.2486,1851785.3,1596059699999,461472.86932,571,756235.5,188652.78328,0
1596059700000,0.2486,0.2491,0.2486,0.2490,1040690.8,1596059759999,258934.01142,235,441555.2,109891.14517,0
1596059760000,0.2491,0.2495,0.2486,0.2488,561981.1,1596059819999,139932.63638,236,139931.2,34867.36893,0
1596059820000,0.2487,0.2491,0.2486,0.2488,682909.6,1596059879999,169971.83242,161,365848.9,91086.07757,0
1596059880000,0.2488,0.2507,0.2486,0.2501,2041100.6,1596059939999,509931.37280,733,1511923.7,377761.24686,0
1596059940000,0.2502,0.2503,0.2496,0.2498,610370.5,1596059999999,152506.32849,167,314363.0,78549.91174,0
1596060000000,0.2499,0.2500,0.2486,0.2491,1233851.3,1596060059999,307267.35912,465,628128.1,156386.40332,0
1596060060000,0.2492,0.2492,0.2487,0.2490,439205.0,1596060119999,109321.51951,228,44471.7,11072.23061,0
1596060120000,0.2489,0.2490,0.2487,0.2487,161174.2,1596060179999,40103.72267,65,33573.1,8357.39393,0
1596060180000,0.2487,0.2488,0.2486,0.2487,416239.1,1596060239999,103511.01808,89,54019.8,13440.12624,0
1596060240000,0.2486,0.2488,0.2486,0.2487,272892.8,1596060299999,67869.73303,143,131258.7,32648.97100,0
1596060300000,0.2488,0.2491,0.2487,0.2491,567123.3,1596060359999,141144.67669,275,552524.5,137513.95365,0
1596060360000,0.2491,0.2493,0.2489,0.2491,674977.3,1596060419999,168115.54628,245,187204.4,46642.69123,0
1596060420000,0.2490,0.2491,0.2479,0.2480,2128922.0,1596060479999,528782.38712,537,46755.1,11613.54897,0
1596060480000,0.2479,0.2479,0.2472,0.2476,2470813.9,1596060539999,611587.73244,535,1107055.9,274031.09697,0
1596060540000,0.2476,0.2485,0.2475,0.2484,671468.0,1596060599999,166492.11503,325,601459.9,149111.02667,0
1596060600000,0.2485,0.2487,0.2482,0.2482,359351.1,1596060659999,89284.75383,156,140055.6,34818.42352,0
1596060660000,0.2483,0.2483,0.2479,0.2479,227576.2,1596060719999,56464.84011,160,19898.8,4935.19710,0
1596060720000,0.2479,0.2479,0.2472,0.2474,581244.7,1596060779999,143892.69520,260,188613.5,46704.83853,0
1596060780000,0.2473,0.2475,0.2472,0.2473,297059.1,1596060839999,73488.10861,94,165848.7,41034.01426,0
1596060840000,0.2472,0.2481,0.2472,0.2480,921654.2,1596060899999,228394.64575,257,603258.5,149508.14250,0
1596060900000,0.2479,0.2480,0.2470,0.2473,1227825.8,1596060959999,303652.25815,355,350758.4,86740.71581,0
1596060960000,0.2473,0.2479,0.2471,0.2475,1006325.3,1596061019999,248987.92040,240,451947.7,111868.06907,0
1596061020000,0.2474,0.2480,0.2474,0.2478,926633.6,1596061079999,229548.21819,180,578188.1,143241.32388,0
1596061080000,0.2478,0.2479,0.2475,0.2475,302204.6,1596061139999,74873.55208,89,161714.9,40083.32950,0
1596061140000,0.2476,0.2477,0.2471,0.2475,493314.3,1596061199999,121974.88673,126,82412.3,20392.29721,0
1596061200000,0.2474,0.2481,0.2474,0.2481,372620.3,1596061259999,92367.54810,171,301305.6,74701.75414,0
1596061260000,0.2481,0.2486,0.2481,0.2486,539042.5,1596061319999,133825.24033,214,241549.5,59990.10117,0
1596061320000,0.2485,0.2488,0.2480,0.2481,812485.5,1596061379999,201843.30012,270,359222.8,89256.78276,0
1596061380000,0.2482,0.2488,0.2480,0.2488,1089201.3,1596061439999,270643.78666,252,878737.6,218350.34547,0
1596061440000,0.2486,0.2489,0.2484,0.2484,329232.7,1596061499999,81896.33325,111,125239.5,31156.13768,0
1596061500000,0.2484,0.2485,0.2482,0.2484,346906.7,1596061559999,86146.79166,89,220897.8,54860.05282,0
1596061560000,0.2485,0.2485,0.2483,0.2483,313389.5,1596061619999,77825.07730,60,57032.4,14168.89633,0
1596061620000,0.2483,0.2483,0.2480,0.2480,216762.8,1596061679999,53779.70341,148,26643.0,6612.76464,0
1596061680000,0.2480,0.2485,0.2480,0.2484,448726.0,1596061739999,111420.80922,111,296715.1,73688.30960,0
1596061740000,0.2484,0.2486,0.2483,0.2485,195336.5,1596061799999,48521.18567,64,102788.0,25539.25373,0
1596061800000,0.2484,0.2486,0.2482,0.2485,145089.0,1596061859999,36042.87893,71,75710.0,18810.72914,0
1596061860000,0.2486,0.2486,0.2475,0.2480,585622.9,1596061919999,145183.07969,229,192556.7,47751.08768,0
1596061920000,0.2480,0.2480,0.2474,0.2474,1096813.4,1596061979999,271552.02275,197,368867.9,91323.15599,0
1596061980000,0.2475,0.2476,0.2473,0.2474,579815.9,1596062039999,143468.44983,103,101406.9,25099.79324,0
1596062040000,0.2475,0.2479,0.2474,0.2476,781171.7,1596062099999,193508.60956,158,617509.9,152979.81521,0
1596062100000,0.2475,0.2475,0.2471,0.2474,572390.7,1596062159999,141607.12225,176,272504.7,67431.29346,0
1596062160000,0.2475,0.2477,0.2472,0.2475,1003560.2,1596062219999,248323.70253,178,426156.5,105474.52928,0
1596062220000,0.2474,0.2475,0.2472,0.2472,220269.1,1596062279999,54478.08567,105,102851.8,25435.49878,0
1596062280000,0.2472,0.2475,0.2471,0.2473,652426.9,1596062339999,161272.81071,129,122490.9,30301.76342,0
1596062340000,0.2474,0.2475,0.2472,0.2474,302489.1,1596062399999,74832.10157,59,250544.6,61984.57038,0
1596062400000,0.2474,0.2478,0.2473,0.2478,158412.7,1596062459999,39209.18226,145,143200.3,35447.15566,0
1596062460000,0.2479,0.2479,0.2478,0.2479,91987.6,1596062519999,22802.67973,146,81524.5,20209.92355,0
1596062520000,0.2479,0.2480,0.2473,0.2474,839464.7,1596062579999,208006.90650,186,320347.7,79415.94205,0
1596062580000,0.2474,0.2477,0.2474,0.2476,450347.7,1596062639999,111463.33611,66,109172.7,27022.55600,0
1596062640000,0.2476,0.2477,0.2475,0.2475,103126.5,1596062699999,25533.96851,55,12726.3,3151.37498,0
1596062700000,0.2476,0.2478,0.2469,0.2477,1505045.7,1596062759999,372024.02493,382,346305.7,85673.80304,0
1596062760000,0.2477,0.2478,0.2474,0.2475,190168.1,1596062819999,47083.13964,78,64076.1,15859.42242,0
1596062820000,0.2475,0.2475,0.2474,0.2474,153228.6,1596062879999,37913.03347,133,42778.3,10587.62925,0
1596062880000,0.2474,0.2476,0.2474,0.2476,238776.9,1596062939999,59093.89787,135,190363.4,47116.39797,0
1596062940000,0.2476,0.2476,0.2471,0.2474,280223.3,1596062999999,69292.79477,138,99618.0,24632.46874,0
1596063000000,0.2474,0.2475,0.2469,0.2469,819956.0,1596063059999,202668.51256,192,261011.0,64522.70538,0
1596063060000,0.2471,0.2471,0.2461,0.2467,2585687.6,1596063119999,637407.36642,675,623972.7,153767.25365,0
1596063120000,0.2467,0.2467,0.2461,0.2462,1236606.4,1596063179999,304721.88796,306,272852.9,67239.23564,0
1596063180000,0.2463,0.2463,0.2451,0.2456,3653033.0,1596063239999,897461.37324,912,616188.7,151338.36305,0
1596063240000,0.2456,0.2460,0.2451,0.2455,1257241.7,1596063299999,308666.90244,392,473437.0,116279.40295,0
1596063300000,0.2455,0.2459,0.2450,0.2451,1721327.5,1596063359999,422708.30780,289,516416.3,126888.98663,0
1596063360000,0.2450,0.2453,0.2450,0.2450,871328.6,1596063419999,213567.24168,169,248230.2,60861.86853,0
1596063420000,0.2450,0.2451,0.2446,0.2450,1921684.2,1596063479999,470562.33904,384,468076.6,114650.60015,0
1596063480000,0.2451,0.2462,0.2451,0.2459,2090316.9,1596063539999,513389.91237,449,1564565.2,384114.53479,0
1596063540000,0.2459,0.2462,0.2457,0.2460,1408172.9,1596063599999,346243.71257,234,676990.1,166502.65379,0
1596063600000,0.2458,0.2463,0.2458,0.2462,655813.9,1596063659999,161369.27604,173,531814.8,130859.56854,0
1596063660000,0.2461,0.2465,0.2461,0.2464,579785.7,1596063719999,142813.68481,178,516474.9,127225.86416,0
1596063720000,0.2463,0.2464,0.2461,0.2461,209146.5,1596063779999,51493.36112,138,55857.0,13754.25569,0
1596063780000,0.2461,0.2462,0.2457,0.2458,524442.4,1596063839999,128965.03711,151,98026.2,24114.49740,0
1596063840000,0.2457,0.2457,0.2450,0.2452,1442026.1,1596063899999,353695.39038,461,297266.8,72905.09515,0
1596063900000,0.2452,0.2456,0.2447,0.2456,1332861.5,1596063959999,326555.84268,264,368413.5,90341.11058,0
1596063960000,0.2456,0.2465,0.2455,0.2460,3398793.2,1596064019999,836022.46307,606,1389541.3,341875.89158,0
1596064020000,0.2461,0.2463,0.2459,0.2460,316234.2,1596064079999,77839.97378,75,63947.1,15735.86362,0
1596064080000,0.2460,0.2462,0.2456,0.2458,1425028.4,1596064139999,350399.98877,209,244052.1,60064.03352,0
1596064140000,0.2458,0.2461,0.2457,0.2461,111222.3,1596064199999,27358.04755,149,108666.5,26730.05090,0
1596064200000,0.2461,0.2461,0.2458,0.2459,80699.2,1596064259999,19844.59643,61,14158.3,3482.34840,0
1596064260000,0.2459,0.2460,0.2458,0.2460,118776.5,1596064319999,29209.54538,139,111536.9,27430.05169,0
1596064320000,0.2460,0.2463,0.2460,0.2463,361876.1,1596064379999,89080.59353,144,246550.5,60689.96823,0
1596064380000,0.2462,0.2463,0.2461,0.2462,98206.3,1596064439999,24181.08731,38,39065.3,9620.78878,0
1596064440000,0.2462,0.2462,0.2458,0.2459,132801.5,1596064499999,32666.88401,114,51202.5,12594.75017,0
1596064500000,0.2459,0.2464,0.2459,0.2461,622741.8,1596064559999,153400.58778,157,488271.3,120273.62397,0
1596064560000,0.2462,0.2463,0.2459,0.2459,353218.9,1596064619999,86908.03430,81,32863.3,8088.93359,0
1596064620000,0.2459,0.2459,0.2450,0.2452,1015821.1,1596064679999,249340.79430,325,179434.9,44033.00384,0
1596064680000,0.2451,0.2451,0.2441,0.2442,1984179.2,1596064739999,485258.17621,518,322287.3,78857.36759,0
1596064740000,0.2441,0.2451,0.2440,0.2451,1236356.4,1596064799999,302076.11110,268,756524.3,184938.35192,0
1596064800000,0.2452,0.2452,0.2446,0.2449,555375.5,1596064859999,136014.32586,171,284420.0,69657.25700,0
1596064860000,0.2448,0.2449,0.2441,0.2442,573944.3,1596064919999,140305.14734,171,110026.7,26880.39814,0
1596064920000,0.2444,0.2448,0.2443,0.2448,329030.5,1596064979999,80461.82353,121,294642.7,72054.60419,0
1596064980000,0.2448,0.2448,0.2442,0.2443,570017.5,1596065039999,139382.73529,112,366672.0,89674.33501,0
1596065040000,0.2442,0.2442,0.2434,0.2438,2862730.2,1596065099999,697738.95857,531,805882.5,196433.31447,0
1596065100000,0.2438,0.2440,0.2430,0.2431,3160189.3,1596065159999,769152.68630,595,666265.6,162248.46373,0
1596065160000,0.2431,0.2435,0.2431,0.2435,557229.9,1596065219999,135576.27984,140,322694.7,78526.28849,0
1596065220000,0.2435,0.2441,0.2435,0.2441,1107201.0,1596065279999,270017.36133,256,855454.3,208621.78921,0
1596065280000,0.2440,0.2446,0.2440,0.2444,607824.1,1596065339999,148526.87323,200,423215.5,103408.97795,0
1596065340000,0.2444,0.2446,0.2441,0.2446,1291717.5,1596065399999,315703.15074,156,933677.7,228222.86798,0
1596065400000,0.2446,0.2446,0.2442,0.2442,447941.1,1596065459999,109497.59445,86,88088.0,21533.79570,0
1596065460000,0.2443,0.2443,0.2440,0.2440,455729.7,1596065519999,111288.60811,109,181388.2,44306.24457,0
1596065520000,0.2441,0.2441,0.2436,0.2437,337954.7,1596065579999,82423.24109,115,80866.1,19720.14749,0
1596065580000,0.2437,0.2438,0.2434,0.2438,577683.6,1596065639999,140687.99833,212,177112.1,43137.43669,0
1596065640000,0.2438,0.2440,0.2438,0.2439,240843.6,1596065699999,58739.54178,97,117687.6,28704.68901,0
1596065700000,0.2439,0.2440,0.2437,0.2437,118923.2,1596065759999,29001.09947,62,33991.8,8290.31263,0
1596065760000,0.2437,0.2438,0.2431,0.2431,426923.9,1596065819999,103850.68105,168,32342.9,7869.05165,0
1596065820000,0.2431,0.2435,0.2428,0.2429,1072246.5,1596065879999,260691.26318,272,197996.6,48160.89010,0
1596065880000,0.2428,0.2430,0.2426,0.2429,857657.6,1596065939999,208184.22531,217,293554.3,71280.03726,0
1596065940000,0.2428,0.2429,0.2424,0.2427,962262.0,1596065999999,233437.72306,247,304757.4,73960.03498,0
1596066000000,0.2427,0.2428,0.2421,0.2423,1026328.5,1596066059999,248714.58316,243,186968.7,45329.18103,0
1596066060000,0.2423,0.2428,0.2422,0.2426,589181.8,1596066119999,142927.62374,208,388690.7,94298.38313,0
1596066120000,0.2427,0.2428,0.2425,0.2428,352425.7,1596066179999,85515.69462,94,135976.6,33000.59666,0
1596066180000,0.2428,0.2432,0.2427,0.2430,606342.4,1596066239999,147324.87545,167,301384.9,73227.64541,0
1596066240000,0.2430,0.2432,0.2429,0.2432,383822.5,1596066299999,93314.70839,91,287273.3,69853.56717,0
1596066300000,0.2432,0.2432,0.2428,0.2430,276372.0,1596066359999,67153.89400,99,54601.1,13269.62171,0
1596066360000,0.2430,0.2431,0.2429,0.2430,327454.7,1596066419999,79577.51509,73,301925.4,73374.56646,0
1596066420000,0.2430,0.2433,0.2428,0.2428,1458370.1,1596066479999,354377.39169,213,607207.5,147596.78471,0
1596066480000,0.2427,0.2428,0.2422,0.2424,1006941.8,1596066539999,244128.34422,280,113142.8,27429.90027,0
1596066540000,0.2424,0.2426,0.2424,0.2425,312725.6,1596066599999,75822.54948,75,114156.0,27686.27822,0
1596066600000,0.2425,0.2431,0.2424,0.2431,443441.2,1596066659999,107659.24356,154,410500.2,99663.62828,0
1596066660000,0.2431,0.2435,0.2430,0.2435,308933.7,1596066719999,75171.91339,127,268535.7,65344.21223,0
1596066720000,0.2434,0.2435,0.2432,0.2432,109151.3,1596066779999,26563.60673,65,20811.3,5067.00664,0
1596066780000,0.2431,0.2432,0.2427,0.2429,431947.8,1596066839999,104912.63871,144,95952.5,23306.02606,0
1596066840000,0.2429,0.2429,0.2427,0.2427,57340.0,1596066899999,13918.99475,48,14048.2,3411.60156,0
1596066900000,0.2427,0.2429,0.2426,0.2427,297266.3,1596066959999,72163.12701,88,136445.8,33131.72341,0
1596066960000,0.2426,0.2429,0.2425,0.2429,200556.7,1596067019999,48676.98077,72,88813.2,21562.36442,0
1596067020000,0.2429,0.2433,0.2429,0.2433,474307.7,1596067079999,115283.32715,148,463700.4,112705.90640,0
1596067080000,0.2433,0.2436,0.2431,0.2435,707778.9,1596067139999,172274.86425,187,544436.2,132538.71865,0
1596067140000,0.2436,0.2436,0.2433,0.2436,578409.4,1596067199999,140830.77175,83,503741.6,122659.04695,0
