open_time,open,high,low,close,volume,close_time,quote_volume,count,taker_buy_volume,taker_buy_quote_volume,ignore
1722643200000,0.5605,0.5633,0.5594,0.5627,6993713.7,1722643499999,3929722.45051,7783,3825387.4,2149180.33328,0
1722643500000,0.5627,0.5630,0.5604,0.5630,3333290.9,1722643799999,1871989.23235,4140,1854105.2,1041433.36596,0
1722643800000,0.5630,0.5640,0.5619,0.5634,1953720.0,1722644099999,1100230.42556,3022,1035680.3,583243.27157,0
1722644100000,0.5634,0.5634,0.5613,0.5617,2257728.0,1722644399999,1269352.66527,3590,998988.2,561557.17490,0
1722644400000,0.5617,0.5642,0.5610,0.5629,3391060.9,1722644699999,1909938.48959,4091,2254991.2,1270380.24740,0
1722644700000,0.5628,0.5628,0.5603,0.5605,2893057.9,1722644999999,1623430.36513,3129,1244657.9,698408.96909,0
1722645000000,0.5604,0.5616,0.5592,0.5598,3786493.7,1722645299999,2121015.59543,4321,1812179.4,1015193.55821,0
1722645300000,0.5599,0.5601,0.5563,0.5572,7009403.2,1722645599999,3911064.19437,6298,2826113.8,1577123.19750,0
1722645600000,0.5572,0.5583,0.5564,0.5576,4611029.8,1722645899999,2569675.43462,3868,2532023.5,1411031.74834,0
1722645900000,0.5576,0.5590,0.5553,0.5565,6188456.6,1722646199999,3448452.81141,6530,3170433.1,1766940.20728,0
1722646200000,0.5565,0.5571,0.5514,0.5521,12034222.0,1722646499999,6671534.94343,8932,3180503.6,1765058.32305,0
1722646500000,0.5521,0.5527,0.5487,0.5523,19235715.3,1722646799999,10592167.64507,15032,8391260.0,4622784.42476,0
1722646800000,0.5523,0.5537,0.5467,0.5476,12852215.8,1722647099999,7077235.50691,11690,5021852.5,2768484.97289,0
1722647100000,0.5476,0.5490,0.5440,0.5442,22000268.1,1722647399999,12027624.41930,16569,9919731.6,5426467.77551,0
1722647400000,0.5443,0.5450,0.5427,0.5449,17011744.4,1722647699999,9250350.35531,12380,7773693.0,4228093.22747,0
1722647700000,0.5450,0.5481,0.5431,0.5469,9315171.8,1722647999999,5086834.57154,8121,5189110.9,2833498.72095,0
1722648000000,0.5468,0.5497,0.5453,0.5494,7829037.9,1722648299999,4286058.04625,7184,4083795.8,2236114.47570,0
1722648300000,0.5494,0.5529,0.5491,0.5526,8433379.9,1722648599999,4646896.56253,7609,5086976.0,2803018.86607,0
1722648600000,0.5526,0.5573,0.5514,0.5552,10604564.6,1722648899999,5885341.19217,9480,6637732.5,3683918.47594,0
1722648900000,0.5553,0.5576,0.5543,0.5550,8797853.8,1722649199999,4888597.82710,8040,3831708.8,2128968.63821,0
1722649200000,0.5551,0.5556,0.5524,0.5545,5331334.0,1722649499999,2954272.35721,5559,2534925.9,1404758.62634,0
1722649500000,0.5546,0.5573,0.5544,0.5563,4149236.4,1722649799999,2306040.62388,4200,2801536.3,1557241.25568,0
1722649800000,0.5563,0.5582,0.5557,0.5578,3781438.8,1722650099999,2106332.62870,3878,2312694.0,1288384.92200,0
1722650100000,0.5579,0.5582,0.5566,0.5573,3030681.2,1722650399999,1689614.84840,3217,1539368.0,858338.34323,0
1722650400000,0.5573,0.5600,0.5572,0.5597,5774013.2,1722650699999,3226916.79398,5237,3999044.3,2234989.93967,0
1722650700000,0.5596,0.5601,0.5575,0.5597,6116257.6,1722650999999,3418438.97899,5141,2544124.8,1422302.52532,0
1722651000000,0.5597,0.5625,0.5594,0.5610,6549860.5,1722651299999,3673112.71649,5332,4071811.6,2283432.83801,0
1722651300000,0.5610,0.5640,0.5610,0.5626,5746939.9,1722651599999,3234431.67400,6085,3226117.6,1815764.40372,0
1722651600000,0.5626,0.5630,0.5606,0.5607,3681387.6,1722651899999,2068048.07491,3875,1604038.6,901426.90793,0
1722651900000,0.5608,0.5612,0.5583,0.5589,3703937.2,1722652199999,2072548.00967,3656,1339710.1,749724.52371,0
1722652200000,0.5589,0.5599,0.5571,0.5578,3323895.9,1722652499999,1856183.43655,4047,1491656.5,833115.17687,0
1722652500000,0.5579,0.5596,0.5578,0.5596,3088074.3,1722652799999,1726301.72021,2945,2324292.5,1299313.11380,0
1722652800000,0.5596,0.5612,0.5586,0.5604,2171788.9,1722653099999,1216133.18204,2829,1346810.2,754315.21002,0
1722653100000,0.5604,0.5608,0.5595,0.5607,2234277.3,1722653399999,1251246.68092,2710,937064.5,524778.39021,0
1722653400000,0.5607,0.5607,0.5596,0.5598,1160523.9,1722653699999,650003.90200,2183,492388.5,275741.29597,0
1722653700000,0.5597,0.5618,0.5597,0.5601,2012996.7,1722653999999,1129289.46942,2489,1088680.4,610804.57830,0
1722654000000,0.5601,0.5609,0.5585,0.5593,2110250.7,1722654299999,1180967.89188,3086,734667.2,411172.64381,0
1722654300000,0.5593,0.5607,0.5590,0.5600,3209323.4,1722654599999,1797067.93506,3068,1639831.7,918294.90350,0
1722654600000,0.5600,0.5631,0.5600,0.5622,3361658.6,1722654899999,1888741.99998,3578,2407064.1,1352770.94005,0
1722654900000,0.5622,0.5631,0.5614,0.5616,4271322.8,1722655199999,2401805.58776,3691,1439007.3,809336.85952,0
1722655200000,0.5616,0.5634,0.5609,0.5625,3379239.8,1722655499999,1898704.42164,3611,1656798.0,931073.14124,0
1722655500000,0.5625,0.5634,0.5619,0.5622,3155993.5,1722655799999,1776303.14134,2967,1630975.4,918045.24145,0
1722655800000,0.5622,0.5631,0.5614,0.5625,1828724.0,1722656099999,1028394.22049,2720,1143625.9,643233.81681,0
1722656100000,0.5626,0.5634,0.5619,0.5634,1560536.1,1722656399999,878036.64830,2106,918805.2,517054.48546,0
1722656400000,0.5633,0.5639,0.5625,0.5638,2069357.5,1722656699999,1165339.22696,2864,1251450.1,704811.94995,0
1722656700000,0.5638,0.5641,0.5624,0.5634,2349271.5,1722656999999,1323442.88733,2745,1091043.6,614724.01728,0
1722657000000,0.5633,0.5645,0.5631,0.5644,1825570.4,1722657299999,1029410.57200,2466,1196552.0,674704.52355,0
1722657300000,0.5644,0.5650,0.5629,0.5634,3393463.1,1722657599999,1913883.93042,3309,1041416.6,587577.70558,0
1722657600000,0.5634,0.5643,0.5626,0.5633,2385873.7,1722657899999,1344015.92390,2907,838218.9,472332.00179,0
1722657900000,0.5632,0.5634,0.5623,0.5624,1416582.2,1722658199999,797412.23846,2226,475556.4,267743.29041,0
1722658200000,0.5623,0.5632,0.5622,0.5630,1212734.5,1722658499999,682431.54090,1960,676381.5,380619.83537,0
1722658500000,0.5630,0.5638,0.5623,0.5623,1513968.1,1722658799999,852496.49086,2249,670414.6,377633.57636,0
1722658800000,0.5623,0.5629,0.5619,0.5622,1152416.3,1722659099999,648175.40775,1953,522280.2,293760.02568,0
1722659100000,0.5621,0.5626,0.5616,0.5623,1786795.3,1722659399999,1004151.81000,1903,713393.8,400947.78504,0
1722659400000,0.5623,0.5639,0.5620,0.5638,1431466.8,1722659699999,805805.85604,2150,814667.6,458753.94833,0
1722659700000,0.5638,0.5683,0.5636,0.5680,8935812.6,1722659999999,5059618.03219,7097,6825297.9,3865180.26483,0
1722660000000,0.5681,0.5704,0.5677,0.5688,8049165.5,1722660299999,4580456.54371,7961,4719072.3,2685390.28309,0
1722660300000,0.5688,0.5688,0.5664,0.5668,5723540.8,1722660599999,3248256.48383,4285,2297442.4,1303695.36859,0
1722660600000,0.5667,0.5687,0.5666,0.5676,5409261.2,1722660899999,3070866.41442,4694,2673840.3,1517956.67883,0
1722660900000,0.5676,0.5678,0.5668,0.5674,2393927.3,1722661199999,1357807.57172,2314,996061.1,565031.68479,0
1722661200000,0.5675,0.5692,0.5674,0.5692,2396567.4,1722661499999,1361453.54492,2922,1441191.8,818846.20468,0
1722661500000,0.5691,0.5711,0.5688,0.5696,4664270.1,1722661799999,2658568.74020,4361,2476154.5,1411412.29827,0
1722661800000,0.5697,0.5720,0.5694,0.5706,4499583.2,1722662099999,2569015.06566,4363,1894981.0,1081842.95988,0
1722662100000,0.5706,0.5714,0.5697,0.5712,3315530.8,1722662399999,1891861.39450,3314,1820613.2,1038918.38451,0
1722662400000,0.5712,0.5715,0.5698,0.5699,3060496.8,1722662699999,1747273.81449,3113,1249173.2,713313.09675,0
1722662700000,0.5699,0.5705,0.5689,0.5698,2807104.1,1722662999999,1599218.34692,2804,1230650.6,701313.49894,0
1722663000000,0.5699,0.5709,0.5698,0.5704,1717729.2,1722663299999,979676.36224,2385,877199.2,500280.61969,0
1722663300000,0.5704,0.5704,0.5690,0.5693,2075824.0,1722663599999,1182292.54911,2265,618362.5,352235.05659,0
1722663600000,0.5693,0.5693,0.5680,0.5692,3542546.6,1722663899999,2014178.92031,3117,1627760.7,925532.04719,0
1722663900000,0.5692,0.5707,0.5689,0.5706,2522509.8,1722664199999,1437176.30080,2710,1600178.6,911913.99147,0
1722664200000,0.5706,0.5712,0.5696,0.5712,2833913.6,1722664499999,1615810.03615,2266,949129.9,541369.10385,0
1722664500000,0.5711,0.5734,0.5710,0.5732,5201887.1,1722664799999,2976926.43086,4902,3179045.4,1819428.70206,0
1722664800000,0.5732,0.5735,0.5724,0.5725,4366231.3,1722665099999,2501744.93067,5091,2157326.4,1236210.97908,0
1722665100000,0.5725,0.5729,0.5713,0.5721,3854709.3,1722665399999,2204230.65881,3497,1764784.4,1009107.38921,0
1722665400000,0.5721,0.5722,0.5714,0.5718,2181296.9,1722665699999,1247165.23816,2444,1131425.0,646909.52458,0
1722665700000,0.5718,0.5720,0.5703,0.5713,2891222.1,1722665999999,1651286.38769,3390,995907.4,568935.47534,0
1722666000000,0.5713,0.5725,0.5713,0.5714,2279329.0,1722666299999,1303193.92462,2679,1202703.6,687647.21981,0
1722666300000,0.5715,0.5736,0.5714,0.5730,2332097.9,1722666599999,1335794.84023,2915,1574075.3,901594.88753,0
1722666600000,0.5730,0.5744,0.5723,0.5734,3699585.2,1722666899999,2120922.20165,4374,2013791.9,1154656.11188,0
1722666900000,0.5735,0.5751,0.5735,0.5736,4434111.7,1722667199999,2545799.06030,4419,2176258.7,1249606.00568,0
1722667200000,0.5737,0.5744,0.5730,0.5732,2728611.9,1722667499999,1565216.38195,3151,1148338.1,658827.19516,0
1722667500000,0.5733,0.5745,0.5732,0.5738,2632862.5,1722667799999,1511122.03879,2614,1291418.4,741149.02119,0
1722667800000,0.5739,0.5739,0.5724,0.5727,2466028.6,1722668099999,1412796.99694,2702,882900.5,505812.55765,0
1722668100000,0.5726,0.5728,0.5718,0.5722,2968024.0,1722668399999,1698613.56492,2981,1237071.7,708008.74008,0
1722668400000,0.5722,0.5745,0.5721,0.5742,4245396.7,1722668699999,2435151.65453,4322,2588057.6,1484413.23186,0
1722668700000,0.5743,0.5753,0.5737,0.5745,5143901.8,1722668999999,2955755.50452,6555,2658261.1,1527484.61064,0
1722669000000,0.5745,0.5766,0.5744,0.5750,6516181.0,1722669299999,3750483.42553,7354,3421691.8,1969538.89088,0
1722669300000,0.5750,0.5757,0.5746,0.5747,3045953.1,1722669599999,1751765.19499,3112,1515148.8,871442.96971,0
1722669600000,0.5746,0.5751,0.5743,0.5748,2571233.8,1722669899999,1477616.60547,2538,1223785.1,703287.46767,0
1722669900000,0.5748,0.5754,0.5747,0.5753,2026366.0,1722670199999,1165202.36505,2016,1153919.3,663583.27276,0
1722670200000,0.5753,0.5769,0.5752,0.5768,3048242.9,1722670499999,1756463.29888,2869,2011033.4,1158803.55750,0
1722670500000,0.5767,0.5773,0.5763,0.5769,4998782.4,1722670799999,2883274.12586,3355,3025617.7,1745224.38825,0
1722670800000,0.5769,0.5775,0.5757,0.5758,4682828.5,1722671099999,2700374.37743,3272,2789540.2,1608897.30980,0
1722671100000,0.5759,0.5761,0.5734,0.5736,5052453.3,1722671399999,2903465.32018,4270,1884756.0,1083167.76551,0
1722671400000,0.5736,0.5752,0.5735,0.5749,2895586.4,1722671699999,1662992.73775,2756,1758256.8,1009821.22099,0
1722671700000,0.5750,0.5759,0.5749,0.5756,1720484.3,1722671999999,990215.84015,2159,960160.9,552611.75017,0
1722672000000,0.5755,0.5756,0.5700,0.5708,13796377.1,1722672299999,7896956.25261,10550,4930272.1,2820771.38560,0
1722672300000,0.5708,0.5726,0.5707,0.5726,4720654.5,1722672599999,2698872.91531,3570,2564143.1,1466100.52766,0
1722672600000,0.5726,0.5727,0.5697,0.5700,5774549.2,1722672899999,3297489.46616,5426,1932702.9,1103811.45904,0
1722672900000,0.5700,0.5701,0.5668,0.5675,15318428.6,1722673199999,8702619.23128,10337,5230114.5,2971518.28134,0
1722673200000,0.5675,0.5693,0.5674,0.5683,5054876.9,1722673499999,2872461.05425,4301,2880440.8,1636898.85312,0
1722673500000,0.5683,0.5699,0.5683,0.5688,3298313.5,1722673799999,1876858.45191,3556,1756731.2,999549.11207,0
1722673800000,0.5688,0.5690,0.5664,0.5669,6340012.2,1722674099999,3596746.05377,5642,2776085.0,1575150.36581,0
1722674100000,0.5669,0.5678,0.5665,0.5670,3005578.4,1722674399999,1704772.28771,3302,1438070.5,815765.18106,0
1722674400000,0.5670,0.5675,0.5645,0.5652,7048335.2,1722674699999,3988523.99961,7428,1940210.3,1098192.92073,0
1722674700000,0.5653,0.5685,0.5644,0.5679,8304554.4,1722674999999,4700937.50135,8436,4997357.5,2830497.69904,0
1722675000000,0.5679,0.5682,0.5670,0.5674,4962313.2,1722675299999,2816148.20328,3735,1933259.7,1097114.75939,0
1722675300000,0.5674,0.5696,0.5671,0.5692,2520629.8,1722675599999,1433777.71168,3031,1463931.2,832659.76740,0
1722675600000,0.5692,0.5695,0.5677,0.5683,2743233.8,1722675899999,1559038.40145,3290,969555.8,551018.33157,0
1722675900000,0.5683,0.5689,0.5668,0.5668,2072214.0,1722676199999,1176975.62391,2943,660255.3,375145.61768,0
1722676200000,0.5669,0.5675,0.5664,0.5665,2405877.3,1722676499999,1363697.97360,3027,911423.9,516700.03346,0
1722676500000,0.5664,0.5674,0.5660,0.5664,2538363.8,1722676799999,1438485.78272,2960,1646537.6,933214.31347,0
1722676800000,0.5664,0.5678,0.5661,0.5678,2309302.1,1722677099999,1308652.29437,2625,1519003.6,860893.85662,0
1722677100000,0.5677,0.5681,0.5672,0.5672,1741653.2,1722677399999,988808.05002,2395,884883.5,502408.37240,0
1722677400000,0.5673,0.5687,0.5666,0.5686,1665714.6,1722677699999,945254.29634,2339,1060289.9,601833.73405,0
1722677700000,0.5686,0.5704,0.5685,0.5699,4019905.9,1722677999999,2289369.63752,3786,2658900.0,1514499.73085,0
1722678000000,0.5699,0.5706,0.5696,0.5696,2203641.6,1722678299999,1256209.09933,2506,1001353.9,570867.83279,0
1722678300000,0.5696,0.5699,0.5682,0.5694,3137880.2,1722678599999,1785664.62533,3202,1596977.2,908885.68464,0
1722678600000,0.5694,0.5698,0.5684,0.5694,1298039.8,1722678899999,738794.91679,2160,951278.8,541436.48254,0
1722678900000,0.5695,0.5707,0.5690,0.5702,1292397.0,1722679199999,736664.74352,2086,924045.3,526703.39870,0
1722679200000,0.5702,0.5703,0.5685,0.5689,1579237.5,1722679499999,899097.35961,2434,683816.8,389403.10412,0
1722679500000,0.5689,0.5694,0.5684,0.5690,1474271.3,1722679799999,838791.20324,2116,751693.4,427664.79169,0
1722679800000,0.5689,0.5695,0.5685,0.5686,781343.4,1722680099999,444539.46916,1512,421355.9,239740.92874,0
1722680100000,0.5687,0.5689,0.5666,0.5669,1740241.9,1722680399999,987908.97770,2616,712701.5,404613.40576,0
1722680400000,0.5669,0.5672,0.5660,0.5667,1965372.9,1722680699999,1113537.31882,2495,1060381.5,600900.99063,0
1722680700000,0.5668,0.5678,0.5666,0.5667,1315392.5,1722680999999,745968.41714,1675,809454.6,459063.82165,0
1722681000000,0.5667,0.5683,0.5667,0.5670,1147453.4,1722681299999,651276.26365,2137,581770.7,330208.98442,0
1722681300000,0.5669,0.5681,0.5666,0.5668,1504905.0,1722681599999,853460.75099,2189,725608.7,411609.62528,0
1722681600000,0.5668,0.5673,0.5662,0.5667,2022189.9,1722681899999,1145951.89844,2306,1193108.1,676186.22294,0
1722681900000,0.5666,0.5675,0.5657,0.5669,3353715.0,1722682199999,1900132.49401,3144,2048439.8,1160974.96213,0
1722682200000,0.5670,0.5686,0.5669,0.5675,2574620.5,1722682499999,1462340.95108,2772,1359641.0,772350.54274,0
1722682500000,0.5675,0.5683,0.5672,0.5678,1526129.0,1722682799999,866327.61943,2031,714622.9,405649.49284,0
1722682800000,0.5678,0.5682,0.5664,0.5668,1387542.8,1722683099999,787486.94460,2327,431725.2,245085.11495,0
1722683100000,0.5668,0.5671,0.5662,0.5664,1129872.6,1722683399999,640298.13890,1924,479623.7,271811.19234,0
1722683400000,0.5663,0.5675,0.5659,0.5675,1238149.0,1722683699999,701470.61384,1450,784275.4,444375.04302,0
1722683700000,0.5675,0.5681,0.5670,0.5674,1221379.0,1722683999999,693288.18211,1950,676130.8,383771.26814,0
1722684000000,0.5674,0.5687,0.5673,0.5685,1079700.3,1722684299999,613502.90305,1743,626680.2,356099.00033,0
1722684300000,0.5685,0.5688,0.5676,0.5676,1139738.2,1722684599999,647650.37154,1533,381120.2,216601.75478,0
1722684600000,0.5677,0.5687,0.5670,0.5684,2796504.9,1722684899999,1588211.39174,2819,1808480.5,1027223.52197,0
1722684900000,0.5683,0.5702,0.5676,0.5691,4276881.5,1722685199999,2434580.83246,3568,2430489.0,1383350.98194,0
1722685200000,0.5691,0.5712,0.5682,0.5708,3611873.4,1722685499999,2057516.50982,3340,2493790.1,1420655.11890,0
1722685500000,0.5708,0.5741,0.5705,0.5734,11266496.6,1722685799999,6448751.69062,9283,6433081.8,3682232.68059,0
1722685800000,0.5734,0.5734,0.5699,0.5712,6095108.7,1722686099999,3484473.40777,5458,2053061.9,1174061.10595,0
1722686100000,0.5712,0.5715,0.5698,0.5700,2969324.7,1722686399999,1694150.60543,2893,1062264.0,606038.75924,0
1722686400000,0.5699,0.5705,0.5691,0.5701,2684628.1,1722686699999,1529151.82003,3457,1350082.5,769065.12563,0
1722686700000,0.5701,0.5718,0.5701,0.5711,2671898.9,1722686999999,1526299.92285,2612,1853395.5,1058743.72936,0
1722687000000,0.5711,0.5721,0.5709,0.5718,2848606.5,1722687299999,1627855.73329,2462,1696376.7,969443.13043,0
1722687300000,0.5719,0.5721,0.5700,0.5707,2292156.7,1722687599999,1308712.71821,2132,671674.7,383464.56749,0
1722687600000,0.5708,0.5730,0.5707,0.5729,5402078.9,1722687899999,3090495.45638,3923,3455331.3,1976732.17318,0
1722687900000,0.5728,0.5730,0.5722,0.5726,4324279.5,1722688199999,2476302.07380,3359,1964012.4,1124705.67933,0
1722688200000,0.5726,0.5729,0.5706,0.5709,3477056.2,1722688499999,1988690.50341,3487,1424385.7,814782.57416,0
1722688500000,0.5710,0.5719,0.5707,0.5711,1923755.8,1722688799999,1099040.69705,2346,841920.5,481007.64911,0
1722688800000,0.5712,0.5712,0.5686,0.5691,3086471.0,1722689099999,1758575.04691,3533,1032113.8,588102.01974,0
1722689100000,0.5690,0.5692,0.5668,0.5671,8546350.6,1722689399999,4850567.98493,6061,3191120.3,1811267.33547,0
1722689400000,0.5671,0.5687,0.5667,0.5678,2383404.0,1722689699999,1353201.16171,2529,1483033.3,842072.84803,0
1722689700000,0.5678,0.5686,0.5677,0.5685,905283.1,1722689999999,514226.00299,1222,458848.4,260662.05657,0
1722690000000,0.5686,0.5691,0.5669,0.5679,1635076.0,1722690299999,928630.86399,2368,923064.3,524333.11065,0
1722690300000,0.5678,0.5687,0.5675,0.5685,1476427.7,1722690599999,838741.52683,1986,601053.9,341489.84556,0
1722690600000,0.5686,0.5693,0.5678,0.5692,1610185.7,1722690899999,915664.17138,2389,1086879.2,618147.48559,0
1722690900000,0.5692,0.5696,0.5679,0.5683,1500598.9,1722691199999,853813.75070,2488,853171.7,485472.39221,0
1722691200000,0.5682,0.5694,0.5677,0.5692,2028488.0,1722691499999,1153547.14280,2368,1435687.1,816474.88133,0
1722691500000,0.5692,0.5702,0.5692,0.5693,1421840.4,1722691799999,810038.41475,1978,853998.7,486544.82672,0
1722691800000,0.5693,0.5711,0.5693,0.5709,1936046.0,1722692099999,1104172.56033,2281,1116414.6,636657.94283,0
1722692100000,0.5709,0.5712,0.5698,0.5706,2115813.9,1722692399999,1207139.84013,2424,947230.1,540503.48906,0
1722692400000,0.5706,0.5708,0.5692,0.5697,2240285.4,1722692699999,1276378.42047,2244,636022.2,362466.43605,0
1722692700000,0.5697,0.5709,0.5697,0.5706,1868111.3,1722692999999,1065390.66644,1992,1027415.2,585953.43246,0
1722693000000,0.5706,0.5710,0.5702,0.5708,1271645.5,1722693299999,725772.48783,1637,567919.4,324150.08395,0
1722693300000,0.5708,0.5710,0.5701,0.5708,966357.2,1722693599999,551354.47441,1285,545050.7,310983.75354,0
1722693600000,0.5708,0.5717,0.5706,0.5708,1899304.3,1722693899999,1084597.25053,3083,1123420.0,641564.50954,0
1722693900000,0.5707,0.5727,0.5701,0.5701,4340436.8,1722694199999,2481159.16889,3771,1991087.3,1138348.28666,0
1722694200000,0.5701,0.5710,0.5692,0.5704,2262955.2,1722694499999,1289746.70842,2670,819640.3,467196.41629,0
1722694500000,0.5705,0.5713,0.5700,0.5710,2081666.5,1722694799999,1188037.12858,2384,1250016.0,713407.82383,0
1722694800000,0.5710,0.5712,0.5701,0.5710,1557744.6,1722695099999,888999.36883,2167,724412.7,413409.93557,0
1722695100000,0.5710,0.5726,0.5709,0.5721,1330966.7,1722695399999,761104.95595,2136,765355.7,437708.45305,0
1722695400000,0.5722,0.5722,0.5700,0.5704,3832907.3,1722695699999,2188204.91193,3687,1304868.9,744769.68852,0
1722695700000,0.5704,0.5708,0.5692,0.5692,1529353.6,1722695999999,871733.15726,2111,734888.0,418913.14924,0
1722696000000,0.5692,0.5700,0.5691,0.5698,1205607.5,1722696299999,686623.78367,1879,587999.8,334920.28262,0
1722696300000,0.5699,0.5701,0.5684,0.5689,2197705.5,1722696599999,1250824.98149,2439,553347.7,314885.98300,0
1722696600000,0.5689,0.5690,0.5677,0.5681,2253054.0,1722696899999,1280101.65113,2641,812008.5,461374.56258,0
1722696900000,0.5681,0.5682,0.5665,0.5676,2925184.4,1722697199999,1659434.99231,3142,1305334.0,740575.90780,0
1722697200000,0.5676,0.5679,0.5655,0.5673,4186193.9,1722697499999,2372114.54977,4500,1983533.3,1124239.16844,0
1722697500000,0.5673,0.5676,0.5666,0.5667,2225966.9,1722697799999,1262411.70570,2317,860686.8,488204.38311,0
1722697800000,0.5666,0.5674,0.5660,0.5666,1296799.3,1722698099999,734963.48835,1935,720124.8,408145.89660,0
1722698100000,0.5665,0.5669,0.5639,0.5644,7034331.4,1722698399999,3975275.31763,6310,3117788.7,1762508.05447,0
1722698400000,0.5644,0.5648,0.5627,0.5631,10065873.7,1722698699999,5672419.27393,7536,4322938.5,2436448.41483,0
1722698700000,0.5631,0.5635,0.5608,0.5611,6434413.7,1722698999999,3617324.44055,7100,2517540.4,1415756.50953,0
1722699000000,0.5612,0.5633,0.5597,0.5605,10556162.9,1722699299999,5924437.87717,9572,4798552.3,2693916.19630,0
1722699300000,0.5605,0.5616,0.5585,0.5591,8693429.6,1722699599999,4867517.62371,7900,3953869.5,2214686.63307,0
1722699600000,0.5591,0.5606,0.5573,0.5589,7270226.2,1722699899999,4062570.22865,8002,3341525.3,1867568.78161,0
1722699900000,0.5589,0.5593,0.5574,0.5581,6056383.0,1722700199999,3381163.13175,6058,3182478.5,1777034.70253,0
1722700200000,0.5582,0.5608,0.5581,0.5594,5229713.2,1722700499999,2925885.87077,5729,3504175.9,1960836.45552,0
1722700500000,0.5594,0.5595,0.5552,0.5560,17051698.1,1722700799999,9490983.03519,12446,6595749.4,3671433.81744,0
1722700800000,0.5560,0.5584,0.5556,0.5565,9050813.0,1722701099999,5041848.61839,10679,4418100.8,2461412.49219,0
1722701100000,0.5566,0.5600,0.5566,0.5590,11683370.7,1722701399999,6524677.56335,9731,6730730.0,3758204.42443,0
1722701400000,0.5590,0.5603,0.5583,0.5585,6024852.7,1722701699999,3370179.73451,5670,3333282.9,1864648.21966,0
1722701700000,0.5585,0.5594,0.5531,0.5557,18133502.1,1722701999999,10083362.00045,15523,6751010.1,3753973.12788,0
1722702000000,0.5558,0.5594,0.5555,0.5556,11423330.0,1722702299999,6366966.49431,9767,6230860.1,3472618.03656,0
1722702300000,0.5556,0.5623,0.5551,0.5619,13718022.2,1722702599999,7664557.97665,12445,7582399.5,4237783.01195,0
1722702600000,0.5618,0.5664,0.5612,0.5645,20150793.0,1722702899999,11363632.57748,15835,10115798.5,5704454.11722,0
1722702900000,0.5644,0.5659,0.5610,0.5622,12554543.5,1722703199999,7075232.33797,10324,4969145.8,2800199.13124,0
1722703200000,0.5623,0.5639,0.5591,0.5622,17105663.7,1722703499999,9597400.28891,14436,7432771.1,4171271.14272,0
1722703500000,0.5622,0.5642,0.5602,0.5608,9192624.3,1722703799999,5166019.75485,9444,4434317.5,2492205.18066,0
1722703800000,0.5608,0.5640,0.5598,0.5611,7496666.7,1722704099999,4212428.62159,8003,4189220.3,2355232.02144,0
1722704100000,0.5611,0.5637,0.5606,0.5619,5020351.0,1722704399999,2822027.78104,5861,2716195.4,1526656.73442,0
1722704400000,0.5619,0.5626,0.5576,0.5595,7426857.1,1722704699999,4154944.08235,8719,3246411.1,1816499.27715,0
1722704700000,0.5595,0.5595,0.5561,0.5577,7749372.8,1722704999999,4320636.35817,7458,3421888.8,1907515.12303,0
1722705000000,0.5578,0.5591,0.5562,0.5572,5417088.2,1722705299999,3020655.25479,5948,2860228.0,1595253.61445,0
1722705300000,0.5571,0.5571,0.5516,0.5529,14676400.9,1722705599999,8125019.86636,15871,6229887.2,3448710.00930,0
1722705600000,0.5530,0.5549,0.5526,0.5532,6053424.3,1722705899999,3349796.09828,6730,3322446.5,1838795.67264,0
1722705900000,0.5532,0.5552,0.5524,0.5547,4433679.1,1722706199999,2455660.82787,6134,2553031.3,1414228.06114,0
1722706200000,0.5546,0.5547,0.5492,0.5512,13291978.5,1722706499999,7322116.99647,11494,4956508.9,2729891.25976,0
1722706500000,0.5512,0.5527,0.5505,0.5519,5237107.0,1722706799999,2888707.32029,5853,3062894.4,1689647.77805,0
1722706800000,0.5520,0.5564,0.5520,0.5552,6700055.3,1722707099999,3715248.49102,7210,3939293.7,2183722.35752,0
1722707100000,0.5552,0.5567,0.5527,0.5539,4547542.9,1722707399999,2523381.76134,5925,2321945.1,1288494.12499,0
1722707400000,0.5539,0.5544,0.5525,0.5531,3199264.8,1722707699999,1770654.35498,4889,1466424.0,811646.59892,0
1722707700000,0.5531,0.5534,0.5494,0.5508,6125228.9,1722707999999,3373925.02762,6553,2343793.7,1291089.72533,0
1722708000000,0.5509,0.5531,0.5497,0.5524,4788553.6,1722708299999,2639805.34500,6482,2823561.8,1556870.47663,0
1722708300000,0.5524,0.5527,0.5500,0.5507,3575252.1,1722708599999,1970277.38755,4638,1800565.7,992210.91550,0
1722708600000,0.5508,0.5527,0.5506,0.5522,2949691.3,1722708899999,1626521.90088,4021,1777867.7,980233.30579,0
1722708900000,0.5523,0.5541,0.5505,0.5524,4704921.4,1722709199999,2597233.94595,5712,3199033.3,1765789.31995,0
1722709200000,0.5525,0.5531,0.5515,0.5527,2534721.2,1722709499999,1400298.45116,3864,1317336.0,727701.08117,0
1722709500000,0.5527,0.5538,0.5478,0.5498,7840651.0,1722709799999,4310834.90036,8590,3413160.4,1876926.91334,0
1722709800000,0.5497,0.5505,0.5442,0.5484,17492146.1,1722710099999,9566150.91132,16992,7324707.3,4007501.94781,0
1722710100000,0.5485,0.5498,0.5475,0.5496,6873230.0,1722710399999,3772405.04088,6859,3086428.2,1694207.86137,0
1722710400000,0.5497,0.5533,0.5497,0.5530,6974400.3,1722710699999,3845475.72274,6526,3963186.4,2185712.44073,0
1722710700000,0.5530,0.5532,0.5500,0.5507,4900753.1,1722710999999,2701615.79482,5178,2754894.0,1518580.12708,0
1722711000000,0.5508,0.5512,0.5482,0.5494,3453789.8,1722711299999,1898158.89834,4727,1721041.1,945865.39814,0
1722711300000,0.5493,0.5498,0.5478,0.5494,3056717.5,1722711599999,1677526.17631,4112,1558171.1,855367.54018,0
1722711600000,0.5494,0.5506,0.5486,0.5488,4441979.4,1722711899999,2441147.86064,4916,2470651.1,1358190.67074,0
1722711900000,0.5489,0.5518,0.5489,0.5510,4207869.8,1722712199999,2316551.26972,4535,2520746.6,1387631.35661,0
1722712200000,0.5510,0.5521,0.5499,0.5516,2264540.1,1722712499999,1247790.38446,3443,1360821.1,749809.40262,0
1722712500000,0.5515,0.5522,0.5495,0.5518,4540771.5,1722712799999,2500473.14740,4847,1873414.7,1031984.37500,0
1722712800000,0.5517,0.5522,0.5508,0.5509,2456421.0,1722713099999,1354962.35605,3420,1094777.5,603943.94542,0
1722713100000,0.5509,0.5510,0.5462,0.5465,6532410.0,1722713399999,3582994.33957,6677,2420321.8,1327294.57100,0
1722713400000,0.5465,0.5498,0.5450,0.5492,10536724.6,1722713699999,5761682.72379,9762,5528534.1,3024885.53615,0
1722713700000,0.5493,0.5498,0.5475,0.5480,4135561.2,1722713999999,2268714.51897,4432,1785404.1,979413.65433,0
1722714000000,0.5479,0.5495,0.5477,0.5492,1944532.8,1722714299999,1067164.79913,3326,1086939.5,596521.67075,0
1722714300000,0.5491,0.5523,0.5479,0.5493,7359017.1,1722714599999,4051036.63786,7641,3862689.8,2126490.59357,0
1722714600000,0.5493,0.5494,0.5451,0.5454,5687748.0,1722714899999,3110879.46653,5134,2735018.0,1496565.05552,0
1722714900000,0.5455,0.5457,0.5417,0.5423,16164178.5,1722715199999,8784718.59055,12332,5635677.5,3063918.36790,0
1722715200000,0.5423,0.5455,0.5421,0.5451,8566218.0,1722715499999,4659731.09967,7401,6119982.6,3328945.21565,0
1722715500000,0.5451,0.5452,0.5400,0.5417,11265683.1,1722715799999,6101610.22548,11255,4760630.7,2579044.14495,0
1722715800000,0.5417,0.5443,0.5411,0.5443,5294787.4,1722716099999,2871948.82108,5684,2861754.8,1552628.95310,0
1722716100000,0.5443,0.5480,0.5430,0.5475,6491748.7,1722716399999,3541605.48033,6623,3678556.5,2006675.45183,0
1722716400000,0.5475,0.5481,0.5457,0.5468,5021165.0,1722716699999,2746562.72797,5153,2701820.8,1477891.35211,0
1722716700000,0.5469,0.5506,0.5468,0.5495,6273730.5,1722716999999,3444841.80276,7067,3815679.9,2094945.46799,0
1722717000000,0.5495,0.5503,0.5482,0.5501,3652206.2,1722717299999,2005792.94827,4556,1894572.8,1040721.51021,0
1722717300000,0.5501,0.5514,0.5501,0.5512,3886029.5,1722717599999,2140210.91736,4394,2483604.5,1367837.00117,0
1722717600000,0.5512,0.5514,0.5498,0.5503,2305980.5,1722717899999,1269821.06959,3254,1223663.6,673887.26636,0
1722717900000,0.5504,0.5507,0.5491,0.5495,2355135.5,1722718199999,1295333.64194,3264,1045789.8,575189.50414,0
1722718200000,0.5495,0.5498,0.5470,0.5482,2979804.8,1722718499999,1632784.39906,3940,1535800.6,841446.53327,0
1722718500000,0.5483,0.5484,0.5465,0.5483,1801952.3,1722718799999,986403.26909,2970,894972.7,490011.15917,0
1722718800000,0.5483,0.5488,0.5466,0.5484,2932067.7,1722719099999,1606257.31125,4092,1235109.4,676586.38152,0
1722719100000,0.5483,0.5493,0.5457,0.5469,6530243.0,1722719399999,3574389.89700,6925,2528326.3,1384186.91519,0
1722719400000,0.5469,0.5503,0.5463,0.5492,4943433.9,1722719699999,2710814.86218,5316,2550190.7,1399218.91758,0
1722719700000,0.5493,0.5518,0.5488,0.5513,3761431.9,1722719999999,2070781.71424,4374,2156258.4,1187049.46862,0
1722720000000,0.5514,0.5533,0.5506,0.5509,3685619.2,1722720299999,2034386.57609,4104,1814408.5,1001658.54567,0
1722720300000,0.5508,0.5518,0.5496,0.5517,3605318.4,1722720599999,1985144.53028,3569,1782960.1,981955.70562,0
1722720600000,0.5516,0.5526,0.5510,0.5518,1712728.5,1722720899999,944860.40405,2629,995359.7,549102.30774,0
1722720900000,0.5518,0.5545,0.5516,0.5544,2543207.5,1722721199999,1407178.04535,3787,1662388.2,919846.75722,0
1722721200000,0.5543,0.5557,0.5531,0.5555,2923466.4,1722721499999,1620709.53104,4117,1913336.3,1060942.34399,0
1722721500000,0.5554,0.5564,0.5551,0.5560,2790034.6,1722721799999,1550367.07664,3187,1660435.6,922790.97842,0
1722721800000,0.5560,0.5570,0.5556,0.5566,2617065.4,1722722099999,1455910.12729,2930,1611835.0,896637.14487,0
1722722100000,0.5566,0.5566,0.5548,0.5559,1525400.0,1722722399999,847501.85235,2168,724629.6,402541.40802,0
1722722400000,0.5560,0.5560,0.5528,0.5542,4746818.6,1722722699999,2630126.75164,5255,2068000.3,1145592.12930,0
1722722700000,0.5542,0.5558,0.5536,0.5553,2245237.4,1722722999999,1245792.31404,2862,1161563.6,644573.86282,0
1722723000000,0.5553,0.5554,0.5536,0.5540,1441722.8,1722723299999,799595.87861,2241,692306.1,383984.39982,0
1722723300000,0.5540,0.5542,0.5522,0.5526,2066433.1,1722723599999,1142387.69630,2967,956130.8,528555.35063,0
1722723600000,0.5526,0.5526,0.5515,0.5521,2735833.7,1722723899999,1509943.95830,2654,1247897.1,688696.56578,0
1722723900000,0.5521,0.5533,0.5521,0.5530,1227513.2,1722724199999,678578.34960,1892,577482.3,319205.71404,0
1722724200000,0.5530,0.5546,0.5522,0.5538,2384900.5,1722724499999,1320506.87781,3093,1506707.6,834582.82252,0
1722724500000,0.5537,0.5542,0.5531,0.5537,1352601.3,1722724799999,748993.34831,2010,747909.4,414100.16366,0
1722724800000,0.5537,0.5547,0.5532,0.5535,2214309.2,1722725099999,1226806.49223,2434,1295812.8,717914.25043,0
1722725100000,0.5535,0.5550,0.5534,0.5546,2332125.5,1722725399999,1293381.35547,2556,1597649.2,886074.32292,0
1722725400000,0.5545,0.5556,0.5544,0.5556,1877366.6,1722725699999,1042045.68973,2221,1169235.7,649038.99300,0
1722725700000,0.5555,0.5557,0.5546,0.5550,1071171.2,1722725999999,594720.81247,1708,641596.7,356244.28398,0
1722726000000,0.5550,0.5554,0.5541,0.5542,1166222.4,1722726299999,646841.56575,2163,518033.2,287353.46792,0
1722726300000,0.5542,0.5548,0.5529,0.5533,2797549.9,1722726599999,1549513.40755,3690,1318910.4,730511.04539,0
1722726600000,0.5533,0.5547,0.5526,0.5543,1893874.5,1722726899999,1048483.33747,2705,817776.2,452829.79410,0
1722726900000,0.5544,0.5562,0.5540,0.5559,2004718.6,1722727199999,1113215.07414,2816,1177253.1,653742.32126,0
1722727200000,0.5559,0.5583,0.5556,0.5581,6126393.9,1722727499999,3413763.72914,4854,3990060.6,2223434.20491,0
1722727500000,0.5581,0.5582,0.5574,0.5577,1650565.9,1722727799999,920725.99433,1995,739636.0,412613.18843,0
1722727800000,0.5577,0.5577,0.5551,0.5552,2327919.9,1722728099999,1295096.93183,2936,930958.3,517918.87913,0
1722728100000,0.5552,0.5559,0.5545,0.5552,1569244.7,1722728399999,871240.74779,2406,928628.4,515619.81948,0
1722728400000,0.5551,0.5562,0.5548,0.5560,1068808.1,1722728699999,593934.46365,2361,580605.9,322634.61739,0
1722728700000,0.5560,0.5568,0.5554,0.5568,1610274.1,1722728999999,895578.94494,2201,794008.1,441713.62931,0
1722729000000,0.5568,0.5568,0.5556,0.5563,766111.6,1722729299999,425969.24340,1587,329153.5,182983.71428,0
1722729300000,0.5564,0.5564,0.5555,0.5556,1212615.0,1722729599999,674084.50394,1799,384392.6,213677.85166,0
