open_time,open,high,low,close,volume,close_time,quote_volume,count,taker_buy_volume,taker_buy_quote_volume,ignore
1731283200000,210.2900,211.3300,209.9300,211.3100,94554,1731283499999,19920299.0120,10257,49537,10437658.7120,0
1731283500000,211.3100,211.3100,210.1300,210.7600,83578,1731283799999,17627666.5040,9396,33153,6992442.6440,0
1731283800000,210.7700,211.0500,209.6100,210.4700,46277,1731284099999,9724655.7350,6329,22468,4721380.5180,0
1731284100000,210.4600,211.1700,210.1000,210.9500,62356,1731284399999,13140410.5770,8266,29175,6148466.5640,0
1731284400000,210.9600,211.3200,210.6600,211.2100,54117,1731284699999,11418294.4060,9141,27183,5735776.5260,0
1731284700000,211.2100,211.3500,210.9600,211.1200,70688,1731284999999,14929429.9130,8705,35286,7452400.5630,0
1731285000000,211.1300,211.2100,210.0400,211.1400,71106,1731285299999,14975807.0020,9264,33902,7140632.4400,0
1731285300000,211.1500,211.1700,210.6400,210.7200,32104,1731285599999,6771155.5680,6805,16651,3511891.0880,0
1731285600000,210.7100,210.9700,210.2000,210.8000,32863,1731285899999,6920176.9860,6484,16799,3537876.1300,0
1731285900000,210.7900,211.2000,210.1200,211.2000,76679,1731286199999,16157803.3780,10418,44310,9336206.8680,0
1731286200000,211.2100,211.3200,210.7500,211.0100,48039,1731286499999,10141075.3620,5298,23551,4971659.1820,0
1731286500000,211.0100,211.1200,210.0300,210.8600,45936,1731286799999,9667521.7160,5811,26740,5627586.6440,0
1731286800000,210.8700,211.1700,210.3400,210.3500,41725,1731287099999,8795025.7980,7139,17652,3721331.9020,0
1731287100000,210.3500,210.3800,209.6100,209.9500,46882,1731287399999,9842911.6030,6906,19345,4061856.5820,0
1731287400000,209.9500,210.6300,209.7500,210.5200,40933,1731287699999,8601247.2260,6599,20209,4246612.9160,0
1731287700000,210.5100,210.7800,209.9400,210.3700,27034,1731287999999,5685084.3410,5837,12657,2661786.9620,0
1731288000000,210.3700,210.8400,210.0500,210.2500,43881,1731288299999,9235546.7340,5451,21056,4432112.4260,0
1731288300000,210.2500,210.3700,209.6000,210.1600,52323,1731288599999,10987711.4510,5668,30590,6424169.9020,0
1731288600000,210.1600,211.0900,210.0800,211.0300,46978,1731288899999,9902063.0000,5961,27642,5826849.3600,0
1731288900000,211.0300,212.7200,210.9300,212.6100,142917,1731289199999,30272992.1030,14064,101211,21441704.7230,0
1731289200000,212.6100,212.6300,211.2400,211.4000,107648,1731289499999,22825781.9680,9756,38802,8229784.5280,0
1731289500000,211.4100,211.6800,211.0800,211.4300,60635,1731289799999,12818322.2840,7267,38047,8043395.3900,0
1731289800000,211.4200,212.3000,211.0600,211.0600,64158,1731290099999,13582166.0560,7122,31491,6668076.2460,0
1731290100000,211.0700,211.1000,210.2700,210.6800,92522,1731290399999,19496141.5890,11482,36097,7605955.6760,0
1731290400000,210.6900,210.7700,209.9000,210.1200,71768,1731290699999,15092628.3680,8520,35751,7519836.5960,0
1731290700000,210.1200,211.0700,209.9000,210.9900,47078,1731290999999,9903589.9220,5784,31295,6584368.9500,0
1731291000000,211.0000,211.6600,210.7400,211.1700,53593,1731291299999,11316802.2030,5958,27388,5783861.6930,0
1731291300000,211.1700,211.8900,210.8300,211.3800,73681,1731291599999,15579137.3970,7498,38379,8116844.7090,0
1731291600000,211.3900,211.7400,210.6800,210.8900,52188,1731291899999,11022958.8680,6033,24180,5106897.6300,0
1731291900000,210.9000,211.8100,210.8400,211.3700,40394,1731292199999,8540784.2430,4899,15624,3302880.8210,0
1731292200000,211.3700,211.5600,210.7800,211.3800,53440,1731292499999,11279845.9260,6458,19161,4045201.8020,0
1731292500000,211.3700,211.9600,210.9300,211.1400,88711,1731292799999,18764528.0420,8754,54206,11468127.6320,0
1731292800000,211.1300,211.1800,210.0100,210.0900,92874,1731293099999,19542422.7610,8912,34524,7266992.7900,0
1731293100000,210.0900,210.1000,209.7000,209.9800,89715,1731293399999,18833528.3430,8698,38653,8113542.7320,0
1731293400000,209.9800,211.0800,209.7000,211.0300,76440,1731293699999,16091670.6340,7359,34007,7156009.8340,0
1731293700000,211.0300,211.9600,211.0300,211.7200,78645,1731293999999,16640757.2380,7635,40578,8586253.9880,0
1731294000000,211.7200,211.7800,210.6000,210.7000,50772,1731294299999,10718227.0480,6001,21180,4470793.0600,0
1731294300000,210.7000,211.0500,210.4030,210.7400,49320,1731294599999,10392382.2640,5646,28437,5991969.4000,0
1731294600000,210.7400,211.1200,210.4300,210.5900,45753,1731294899999,9642002.8160,5146,19989,4212474.1360,0
1731294900000,210.6000,210.6300,209.2400,209.3000,71193,1731295199999,14947716.4070,7367,26688,5606190.5200,0
1731295200000,209.3000,209.5200,208.4100,208.9900,101062,1731295499999,21119072.6780,10954,42718,8927767.6990,0
1731295500000,208.9900,209.1900,208.5300,208.5400,65090,1731295799999,13591895.6490,6980,18497,3863456.7180,0
1731295800000,208.5400,209.8000,208.3000,209.7800,82231,1731296099999,17191448.0430,9198,43284,9051465.7200,0
1731296100000,209.7900,210.3500,209.6800,209.9600,50664,1731296399999,10637938.5930,7127,23021,4833700.5230,0
1731296400000,209.9500,210.2500,209.8100,210.1400,24882,1731296699999,5226760.3800,3639,13851,2909861.5100,0
1731296700000,210.1300,210.7400,210.0800,210.5700,47054,1731296999999,9904775.9750,5941,27142,5713271.0990,0
1731297000000,210.5700,210.7200,209.9900,210.4500,44848,1731297299999,9434899.0970,5374,23124,4864942.5460,0
1731297300000,210.4500,210.6200,210.0100,210.1200,27851,1731297599999,5855335.5620,3920,13421,2821771.8000,0
1731297600000,210.1300,210.3900,209.5700,209.6800,52074,1731297899999,10930942.3600,7286,17128,3596139.1820,0
1731297900000,209.6700,209.7600,209.0300,209.1200,59821,1731298199999,12524419.8100,7178,17523,3670198.8200,0
1731298200000,209.1200,209.5400,209.0200,209.0500,50734,1731298499999,10618399.7360,5717,31587,6611385.0380,0
1731298500000,209.0400,209.0400,208.4200,208.4600,54939,1731298799999,11463092.5080,7003,14413,3006704.0100,0
1731298800000,208.4500,208.5000,207.5800,208.0800,107115,1731299099999,22281588.2900,10086,45561,9479285.1920,0
1731299100000,208.0700,208.0700,206.6100,206.6900,160286,1731299399999,33215402.9120,12805,44347,9194065.7940,0
1731299400000,206.7000,207.9300,206.6000,207.6200,93663,1731299699999,19426241.5010,10038,58192,12068684.2310,0
1731299700000,207.6300,208.0000,207.5400,207.6800,44960,1731299999999,9341307.6800,5624,26979,5605698.9000,0
1731300000000,207.6900,208.0800,207.5200,207.9400,28758,1731300299999,5976681.4200,4207,17668,3672180.6500,0
1731300300000,207.9400,208.3400,207.8000,207.8400,30903,1731300599999,6429438.0850,4628,17518,3644779.5790,0
1731300600000,207.8400,208.1600,207.7700,208.1500,17012,1731300899999,3537670.2820,3212,8880,1846910.2020,0
1731300900000,208.1600,208.2800,207.8700,208.0000,29942,1731301199999,6229920.9600,4056,12683,2639364.7700,0
1731301200000,208.0000,208.2800,207.8300,207.9800,29226,1731301499999,6079995.2700,4346,14809,3081331.6300,0
1731301500000,207.9800,208.0400,207.2700,207.2700,34852,1731301799999,7239386.7380,5114,15074,3131858.6300,0
1731301800000,207.2600,207.4600,206.7900,206.8900,39836,1731302099999,8249465.4780,5057,19295,3996315.9800,0
1731302100000,206.8900,207.2400,206.1100,206.5400,103888,1731302399999,21452955.8650,9208,38959,8044520.6560,0
1731302400000,206.5500,206.7800,205.6800,205.8100,91901,1731302699999,18934835.0850,9391,29938,6169470.0500,0
1731302700000,205.8100,205.9900,204.6200,205.1700,183061,1731302999999,37563366.2470,16242,72887,14957130.2800,0
1731303000000,205.1600,205.8400,204.5700,205.3700,105610,1731303299999,21675318.1710,12914,56091,11513664.8900,0
1731303300000,205.3800,205.8500,204.2600,204.5000,114671,1731303599999,23501568.5370,11757,54894,11253026.2580,0
1731303600000,204.4900,205.6400,204.4900,205.1400,147512,1731303899999,30253285.7240,15488,81594,16733641.9790,0
1731303900000,205.1300,206.4700,205.0800,206.0900,125053,1731304199999,25752612.0770,12577,71231,14667858.7870,0
1731304200000,206.1000,206.1000,204.6900,204.7800,127252,1731304499999,26113120.4480,14641,60075,12325440.9180,0
1731304500000,204.7900,206.2800,204.4400,206.2300,109575,1731304799999,22488137.1680,12255,56417,11583942.4250,0
1731304800000,206.2300,207.1000,205.6500,206.7000,146688,1731305099999,30281103.6400,14683,70216,14498228.5250,0
1731305100000,206.7000,207.0500,206.4400,206.4600,92857,1731305399999,19199056.8480,9727,40163,8305034.8800,0
1731305400000,206.4500,206.6200,205.8800,206.1100,55455,1731305699999,11435400.7370,7025,23355,4816273.1400,0
1731305700000,206.1100,206.2200,205.0900,205.5500,85842,1731305999999,17642304.0830,10438,40767,8378975.5560,0
1731306000000,205.5500,206.3600,205.3700,206.3400,44799,1731306299999,9220919.2910,6577,26847,5526027.8730,0
1731306300000,206.3400,207.1500,206.3100,206.8900,88693,1731306599999,18344610.3990,8534,40540,8383539.5590,0
1731306600000,206.8900,208.3400,206.8100,207.8400,132438,1731306899999,27505412.2940,11762,84775,17605153.7840,0
1731306900000,207.8400,207.8500,206.6700,207.2800,57749,1731307199999,11966401.5280,6802,24834,5145173.3860,0
1731307200000,207.2800,207.4800,206.1400,206.1400,83787,1731307499999,17316285.8640,8558,39931,8252270.0200,0
1731307500000,206.1400,206.9500,206.0400,206.7600,51486,1731307799999,10629668.0180,7138,23886,4932355.9220,0
1731307800000,206.7700,207.4400,206.5500,207.1700,41285,1731308099999,8551035.4680,5280,23440,4855184.7280,0
1731308100000,207.1600,207.4700,206.8000,207.1500,48749,1731308399999,10095339.5380,6051,19688,4077522.7660,0
1731308400000,207.1600,207.8100,206.9700,207.0000,69376,1731308699999,14390083.5610,7631,45005,9337344.5150,0
1731308700000,207.0000,207.4600,206.5800,207.4600,37043,1731308999999,7668379.9680,5289,21022,4352797.9060,0
1731309000000,207.4500,208.0000,207.2600,207.9200,35495,1731309299999,7375383.3850,5172,22594,4695275.3450,0
1731309300000,207.9100,208.0000,207.5000,207.9300,31710,1731309599999,6589363.3600,4913,14132,2936916.3300,0
1731309600000,207.9400,207.9600,206.7400,207.2300,40711,1731309899999,8433244.6740,5942,19300,3998069.6260,0
1731309900000,207.2200,207.3900,206.5600,206.6200,37273,1731310199999,7712739.5670,5222,14291,2957592.0900,0
1731310200000,206.6100,207.7100,206.5900,207.4400,42006,1731310499999,8700464.7450,6937,18966,3927979.1310,0
1731310500000,207.4300,208.0000,207.2100,207.9400,36556,1731310799999,7590110.2930,4917,23196,4816887.1730,0
1731310800000,207.9300,208.1900,207.6800,208.1400,49337,1731311099999,10261207.5710,5566,25804,5366987.4550,0
1731311100000,208.1300,208.5400,207.7600,207.8700,54026,1731311399999,11249898.1070,6073,22830,4755352.2090,0
1731311400000,207.8700,208.5100,207.8100,208.1700,44049,1731311699999,9173712.2020,5606,22191,4621599.2520,0
1731311700000,208.1600,208.8000,208.0800,208.0800,58927,1731311999999,12287432.6680,6206,37178,7754502.6940,0
1731312000000,208.0800,208.7500,207.9500,208.4000,50389,1731312299999,10500760.9900,6635,26126,5445250.5900,0
1731312300000,208.4000,208.6200,208.1000,208.2700,41113,1731312599999,8564523.2220,5796,18893,3935780.8800,0
1731312600000,208.2700,208.2700,207.6300,207.7400,35489,1731312899999,7377927.4870,4947,12561,2611564.0900,0
1731312900000,207.7500,207.8400,207.3500,207.5100,36222,1731313199999,7518318.7410,5154,15436,3204367.8500,0
1731313200000,207.5100,207.6800,206.9500,207.1400,54224,1731313499999,11241019.7660,6946,22759,4719960.0400,0
1731313500000,207.1400,207.3800,207.0600,207.2100,25555,1731313799999,5295997.7400,3418,14698,3045840.0400,0
1731313800000,207.2200,207.6100,206.6900,207.3900,47534,1731314099999,9843218.8560,4938,20416,4229227.5060,0
1731314100000,207.3800,207.9600,207.3600,207.7000,38038,1731314399999,7901455.4650,3948,22545,4683017.0750,0
1731314400000,207.7000,208.3800,207.6500,208.3300,38571,1731314699999,8026542.2640,4317,23026,4790734.8840,0
1731314700000,208.3700,209.1400,208.0100,209.0400,58145,1731314999999,12127592.1780,6177,34098,7114938.6280,0
1731315000000,209.0400,209.4300,208.8600,209.3100,59341,1731315299999,12408419.9070,5992,32748,6849261.5870,0
1731315300000,209.3100,209.5900,208.8700,208.9000,82171,1731315599999,17201291.5410,6632,30087,6299375.7380,0
1731315600000,208.9000,208.9600,208.1260,208.7800,62524,1731315899999,13039520.1800,7453,30456,6351277.4130,0
1731315900000,208.7900,209.1500,208.6600,209.1500,45289,1731316199999,9461088.6020,5374,26934,5627091.0720,0
1731316200000,209.1400,211.1900,209.0000,211.0700,238330,1731316499999,50173774.7950,20663,144362,30379308.7450,0
1731316500000,211.0600,211.3000,210.1200,210.3900,124885,1731316799999,26320401.6320,12951,50138,10567431.0760,0
1731316800000,210.3900,210.7300,210.0800,210.6500,44828,1731317099999,9431309.1210,7071,22461,4726173.0800,0
1731317100000,210.6400,210.7900,210.1300,210.6100,42503,1731317399999,8947162.0460,6055,19835,4176116.0800,0
1731317400000,210.6100,210.6300,209.8700,210.5400,48005,1731317699999,10096070.2330,6674,25210,5301904.0960,0
1731317700000,210.5400,210.7400,210.1900,210.3200,45966,1731317999999,9675340.2360,6003,21850,4599353.7300,0
1731318000000,210.3200,210.6700,210.1700,210.4200,38536,1731318299999,8107015.6600,5289,17548,3691548.3000,0
1731318300000,210.4200,211.1300,210.0500,210.9800,53811,1731318599999,11340971.5810,6838,33636,7089767.6200,0
1731318600000,210.9800,211.1600,210.5500,210.8300,43139,1731318899999,9097497.8460,5696,23138,4879600.4960,0
1731318900000,210.8200,211.3200,210.7000,211.1600,54795,1731319199999,11562396.2940,5920,29655,6257426.5040,0
1731319200000,211.1600,211.7600,211.0300,211.6900,65291,1731319499999,13807015.5830,7718,39290,8309497.1330,0
1731319500000,211.7000,211.9700,210.9700,211.4800,115835,1731319799999,24500415.0550,11071,45206,9563644.1430,0
1731319800000,211.4700,212.1200,211.2200,212.0700,90650,1731320099999,19200307.3810,9909,54039,11446085.7170,0
1731320100000,212.0800,214.0000,211.6500,213.9000,200684,1731320399999,42697122.4000,17957,112108,23857586.0200,0
1731320400000,213.9000,214.3800,213.0000,213.0100,211165,1731320699999,45159549.0340,19823,87151,18642368.0780,0
1731320700000,213.0000,214.3400,212.6400,214.3200,183709,1731320999999,39247317.9090,18075,108383,23156276.4700,0
1731321000000,214.3100,215.2900,213.3300,214.8600,280751,1731321299999,60229009.0560,24222,152916,32818942.8670,0
1731321300000,214.8600,216.3500,214.8100,215.8900,301336,1731321599999,65029818.0400,25793,161981,34958460.4220,0
1731321600000,215.9000,217.0400,215.7800,216.2600,211128,1731321899999,45687012.7910,19889,107846,23341375.0270,0
1731321900000,216.2500,216.7800,216.0400,216.0900,119284,1731322199999,25822248.8840,12674,54565,11813890.8040,0
1731322200000,216.1000,216.5000,215.4000,215.7500,191817,1731322499999,41403655.8310,17576,81798,17660173.2340,0
1731322500000,215.7400,216.7000,214.8000,215.8700,408070,1731322799999,87984280.4720,16412,286396,61756418.5480,0
1731322800000,215.8700,216.1900,214.7300,215.5200,144679,1731323099999,31168062.2270,12485,67534,14555239.0470,0
1731323100000,215.5200,216.0500,215.4500,215.6000,97713,1731323399999,21082539.2680,9435,49678,10718114.2990,0
1731323400000,215.6100,216.4000,215.5800,216.2600,91838,1731323699999,19831566.2550,7781,56558,12214348.3350,0
1731323700000,216.2600,216.4400,215.5300,215.8400,81758,1731323999999,17653732.8880,7312,30313,6546591.2200,0
1731324000000,215.8400,216.6800,215.6200,216.6100,81126,1731324299999,17543927.2960,8035,55503,12004087.0360,0
1731324300000,216.6200,217.1900,216.6100,216.9200,141131,1731324599999,30617611.9630,12566,73695,15988506.4770,0
1731324600000,216.9200,217.4100,216.2100,217.2000,125925,1731324899999,27309052.7830,11594,68026,14756442.5210,0
1731324900000,217.1900,217.2400,215.2900,216.5500,237686,1731325199999,51389834.8340,19823,121910,26360749.8940,0
1731325200000,216.5500,216.7400,215.9800,216.1300,70563,1731325499999,15257387.3850,6090,32701,7070211.2400,0
1731325500000,216.1200,216.7000,215.9100,216.5200,47837,1731325799999,10343368.2240,6004,25628,5541698.7380,0
1731325800000,216.5300,217.1700,216.3400,217.0200,70509,1731326099999,15285376.2970,7206,44135,9569224.6670,0
1731326100000,217.0200,217.8800,216.8000,217.8200,123179,1731326399999,26780495.4380,10791,71376,15518744.2980,0
1731326400000,217.8100,219.0300,217.6500,218.9900,225369,1731326699999,49189783.6930,20474,144696,31592063.5970,0
1731326700000,219.0000,219.2100,217.6600,218.8000,217142,1731326999999,47415176.7900,19201,90559,19783209.6440,0
1731327000000,218.8000,219.6000,217.9500,218.7600,366188,1731327299999,80072601.9680,20998,217202,47478576.6190,0
1731327300000,218.7600,219.2500,216.4000,216.4000,452871,1731327599999,98696697.4000,27611,225293,49161638.7270,0
1731327600000,216.4200,216.7500,215.3900,215.5600,338290,1731327899999,73078322.6350,25259,145190,31371737.3050,0
1731327900000,215.5700,217.1000,215.5000,216.8000,178775,1731328199999,38693473.5500,14901,106268,23002993.1430,0
1731328200000,216.7900,217.6700,216.4500,217.1000,113102,1731328499999,24558610.9770,11636,54257,11784938.8940,0
1731328500000,217.0900,217.8900,216.5800,216.7800,81715,1731328799999,17747702.1230,10060,46710,10145961.0650,0
1731328800000,216.7700,217.0900,216.3300,216.4500,62371,1731329099999,13518017.8740,8018,27903,6047596.5790,0
1731329100000,216.4500,216.9400,216.0500,216.6500,73279,1731329399999,15864389.4860,8967,32447,7026027.9620,0
1731329400000,216.6500,216.9300,216.1500,216.7000,38929,1731329699999,8432566.6060,5421,17531,3797912.8060,0
1731329700000,216.6900,216.9100,216.1600,216.2000,39460,1731329999999,8542639.7400,5390,22435,4857386.2200,0
1731330000000,216.2000,216.9200,215.4000,215.5400,114962,1731330299999,24836634.5920,11270,38150,8247827.7660,0
1731330300000,215.5300,216.3300,215.0900,216.1700,135570,1731330599999,29250475.9500,13795,76587,16531385.2150,0
1731330600000,216.1800,216.3400,214.7000,215.1100,195022,1731330899999,41979594.9510,18080,67889,14606548.4270,0
1731330900000,215.1100,215.7900,214.6600,215.6000,148308,1731331199999,31913347.1860,16150,81582,17557271.5100,0
1731331200000,215.6100,217.0900,215.5300,216.8900,134826,1731331499999,29180454.9460,13644,84510,18292650.7660,0
1731331500000,216.8900,216.9700,216.2800,216.6100,65936,1731331799999,14281994.1420,8362,32603,7062435.0660,0
1731331800000,216.6100,216.9600,216.0700,216.3200,71502,1731332099999,15472505.2100,7795,19789,4284337.2200,0
1731332100000,216.3200,216.3200,215.4400,215.8100,77448,1731332399999,16711975.8160,9745,33186,7160966.2000,0
1731332400000,215.8200,216.2800,215.4900,215.7900,47750,1731332699999,10307201.5040,7005,27063,5841999.7040,0
1731332700000,215.7900,216.9600,215.6800,216.7800,95864,1731332999999,20752329.8560,9378,61537,13321537.9570,0
1731333000000,216.7900,217.2900,216.7100,216.9400,93736,1731333299999,20343020.7150,9019,48537,10533750.2750,0
1731333300000,216.9500,217.4100,216.6600,217.2400,82754,1731333599999,17973528.3510,8306,44416,9648009.4650,0
1731333600000,217.2300,219.2400,217.1700,219.0600,212858,1731333899999,46478747.0610,18514,136138,29724152.9310,0
1731333900000,219.0600,219.3600,218.6500,218.8600,149021,1731334199999,32642870.6130,15289,76852,16836017.0170,0
1731334200000,218.8600,218.8600,217.5100,217.8300,186409,1731334499999,40657400.4140,16805,75302,16422561.8600,0
1731334500000,217.8400,218.5900,217.3700,217.7000,99126,1731334799999,21612403.9360,11378,44448,9694020.1100,0
1731334800000,217.7100,218.1000,216.6200,216.7400,129576,1731335099999,28144227.3950,13624,43882,9532955.1600,0
1731335100000,216.7400,217.6900,216.4400,217.3500,126011,1731335399999,27348267.9580,13510,60183,13066305.9050,0
1731335400000,217.3500,221.3900,216.4900,219.7400,438308,1731335699999,96264260.4840,39971,269943,59307124.3910,0
1731335700000,219.7200,220.5700,219.0700,219.1300,235130,1731335999999,51704928.8190,23881,111055,24424124.0120,0
1731336000000,219.1100,219.2400,217.1100,217.2300,238719,1731336299999,52130713.4760,22950,109347,23885008.6580,0
1731336300000,217.2300,218.0200,216.6800,217.7500,205690,1731336599999,44688654.0730,19417,126165,27414958.6060,0
1731336600000,217.7500,218.3500,217.1800,217.9400,98719,1731336899999,21496203.3740,12151,57814,12589324.7750,0
1731336900000,217.9500,218.9900,217.5000,218.9300,89260,1731337199999,19492422.4600,10474,53463,11675968.2100,0
1731337200000,218.9400,219.6800,218.3500,219.6700,141203,1731337499999,30932912.2300,16487,71470,15660503.9060,0
1731337500000,219.6800,220.2000,218.5800,219.7000,161866,1731337799999,35517681.2460,17231,82223,18045657.8550,0
1731337800000,219.7100,220.0600,219.3000,219.6800,82785,1731338099999,18184116.8630,10822,40708,8942287.2360,0
1731338100000,219.6900,220.7600,219.0300,220.6600,166784,1731338399999,36685131.5930,18337,80925,17809124.5320,0
1731338400000,220.6600,220.8500,219.5700,220.4500,182816,1731338699999,40264451.3270,20052,103609,22819899.0690,0
1731338700000,220.4600,220.8600,219.4300,220.3600,133130,1731338999999,29303246.0830,15708,57275,12608587.7570,0
1731339000000,220.3700,220.7500,219.4300,219.5400,144958,1731339299999,31888179.3740,15590,71590,15752176.8620,0
1731339300000,219.5300,220.5500,219.1600,219.3600,193972,1731339599999,42672018.9560,19746,103894,22857607.0420,0
1731339600000,219.3800,219.4200,217.5800,218.8600,281989,1731339899999,61587744.1420,24895,132491,28936729.2510,0
1731339900000,218.8700,219.4300,217.5800,218.0900,173409,1731340199999,37877182.7460,16926,88478,19329858.5400,0
1731340200000,218.1000,218.9100,217.8700,218.6000,105631,1731340499999,23073014.6330,12061,54199,11838208.4630,0
1731340500000,218.6100,219.2400,218.4000,219.1800,92287,1731340799999,20199635.9960,9100,60105,13154577.2460,0
1731340800000,219.1800,219.6500,218.5700,219.4200,120061,1731341099999,26305458.8760,13344,60935,13353053.6680,0
1731341100000,219.4100,219.5100,218.1500,218.3300,137444,1731341399999,30096711.6150,14824,51656,11316475.3470,0
1731341400000,218.3200,219.0000,217.7900,218.9500,141699,1731341699999,30925685.3690,14754,64846,14153220.3280,0
1731341700000,218.9600,219.0400,218.1100,218.5700,78155,1731341999999,17077962.8930,10165,36069,7881877.6620,0
1731342000000,218.5700,222.5400,218.4000,222.4800,393781,1731342299999,86968616.3110,30929,234765,51858838.1340,0
1731342300000,222.4900,222.5200,218.8300,219.7100,367298,1731342599999,80949830.3850,35078,157261,34632143.2640,0
1731342600000,219.7200,220.9100,218.8700,219.7700,231395,1731342899999,50820587.4900,22075,92998,20427381.6280,0
1731342900000,219.7800,220.2900,219.1400,219.9900,84795,1731343199999,18632665.1790,11797,48667,10694970.5780,0
1731343200000,219.9900,220.5400,219.6800,219.9800,77816,1731343499999,17125393.5260,10372,40124,8831904.2460,0
1731343500000,219.9800,220.3800,219.3100,219.7900,83531,1731343799999,18366754.7940,10486,43738,9618289.5160,0
1731343800000,219.7900,220.1000,218.5200,218.6900,112523,1731344099999,24667269.3480,12133,45730,10027327.4980,0
1731344100000,218.6900,219.1600,217.8800,218.1500,156966,1731344399999,34273100.0560,13408,60788,13278545.5620,0
1731344400000,218.1500,219.0700,218.1200,218.6900,76551,1731344699999,16739595.3680,9897,49549,10836125.4620,0
1731344700000,218.6700,219.2400,218.4700,218.8500,55742,1731344999999,12198325.5440,7782,29157,6380543.4320,0
1731345000000,218.8600,219.2100,218.5800,218.8300,48181,1731345299999,10547055.0940,7126,25397,5559859.9620,0
1731345300000,218.8000,219.2000,217.6100,218.2500,89966,1731345599999,19636010.6490,10600,40273,8791660.9090,0
1731345600000,218.2500,218.9900,217.9900,218.7700,37280,1731345899999,8144215.9880,6185,20402,4457014.8410,0
1731345900000,218.7700,218.9800,217.6400,217.8900,67488,1731346199999,14718054.6230,9035,26293,5733961.6800,0
1731346200000,217.8900,219.2600,217.6300,218.8900,88704,1731346499999,19387109.8180,9956,51139,11177019.5380,0
1731346500000,218.9000,219.8700,218.5700,219.5600,80309,1731346799999,17624754.3770,9138,47313,10384150.9810,0
1731346800000,219.5600,219.6500,218.9000,219.0200,65205,1731347099999,14300474.5960,7907,30635,6719386.8830,0
1731347100000,219.0200,219.9400,218.8500,219.5900,81485,1731347399999,17891266.2950,9187,51263,11254569.2110,0
1731347400000,219.5800,220.7700,219.5800,220.7700,77743,1731347699999,17129449.9250,8866,42468,9356145.7350,0
1731347700000,220.7600,220.7600,219.1900,219.2900,96236,1731347999999,21144752.7140,9292,26707,5867716.5800,0
1731348000000,219.2900,219.3500,217.8700,218.4600,103054,1731348299999,22513168.4380,10526,50007,10923848.8960,0
1731348300000,218.4600,219.2800,218.2100,219.2000,105835,1731348599999,23149452.5140,9777,53408,11684156.4980,0
1731348600000,219.2000,219.2900,218.3100,218.7900,47661,1731348899999,10425292.7960,6179,19287,4218698.6510,0
1731348900000,218.7900,218.7900,216.7200,216.9200,167834,1731349199999,36497572.5820,15263,62526,13600731.5240,0
1731349200000,216.9100,217.8500,216.8500,217.0600,80462,1731349499999,17489085.6240,9079,47169,10253719.2290,0
1731349500000,217.0800,217.7600,216.8800,217.6000,67225,1731349799999,14610924.8220,8090,25847,5619238.8590,0
1731349800000,217.6000,218.4000,217.5000,218.3600,70393,1731350099999,15346464.1020,7719,49323,10753697.8920,0
1731350100000,218.3500,218.6700,217.8100,218.6200,54722,1731350399999,11942428.2790,7465,27780,6063575.1720,0
1731350400000,218.6200,219.0100,218.3000,218.7700,123946,1731350699999,27102517.5200,12643,73559,16083726.9440,0
1731350700000,218.7700,219.4700,218.1700,219.4600,106609,1731350999999,23325469.2970,10043,52267,11436010.0120,0
1731351000000,219.4500,219.9200,218.9600,219.8500,110961,1731351299999,24358981.2250,10755,59596,13084642.9590,0
1731351300000,219.8500,219.9200,219.2200,219.5100,84465,1731351599999,18544972.6220,8499,34808,7643174.4280,0
1731351600000,219.5000,219.6000,218.6100,219.0800,68340,1731351899999,14971845.8680,8257,27018,5920407.1460,0
1731351900000,219.0700,220.5300,218.3200,220.4900,238433,1731352199999,52347083.3590,21072,134714,29593739.4780,0
1731352200000,220.4900,220.4900,218.6100,219.5900,143641,1731352499999,31499458.7640,14417,49324,10815398.8430,0
1731352500000,219.5800,221.4700,219.1000,220.7800,248488,1731352799999,54795190.4950,21439,155675,34330865.5390,0
1731352800000,220.7700,220.8400,219.1700,219.3200,89558,1731353099999,19697713.7550,9588,38408,8447724.2500,0
1731353100000,219.3200,219.3500,218.7000,219.2000,76295,1731353399999,16704201.4800,7802,39879,8730598.3460,0
1731353400000,219.1800,219.4400,218.6800,219.3200,77164,1731353699999,16904346.8490,7632,42229,9253062.0130,0
1731353700000,219.3200,219.3800,218.6300,218.7100,82355,1731353999999,18036910.1400,8018,32542,7128738.2460,0
1731354000000,218.7100,218.8300,216.5300,216.8000,193837,1731354299999,42136657.2160,15944,74599,16215065.3980,0
1731354300000,216.8100,218.1000,216.4000,217.8000,117888,1731354599999,25624071.8740,12253,71706,15581426.1160,0
1731354600000,217.7900,218.0900,217.1300,218.0200,78804,1731354899999,17153112.9100,9443,37614,8188657.1330,0
1731354900000,218.0300,218.2400,217.6900,217.9600,42139,1731355199999,9183028.8980,5226,18104,3945569.1700,0
1731355200000,217.9600,218.3000,217.7000,217.9700,38915,1731355499999,8483745.0230,5458,19044,4151811.7950,0
1731355500000,217.9700,218.5800,217.7700,218.3800,43289,1731355799999,9440605.3700,5554,27619,6023596.9600,0
1731355800000,218.3800,220.3200,218.3700,220.2200,151629,1731356099999,33279853.5780,13822,81796,17952180.0080,0
1731356100000,220.2200,220.7000,219.3100,219.4000,103319,1731356399999,22724795.1680,10507,39656,8723101.0470,0
1731356400000,219.4000,219.4000,218.5500,218.7800,68197,1731356699999,14925000.0850,8268,27869,6098956.2700,0
1731356700000,218.7800,219.2100,218.5300,219.0400,47649,1731356999999,10433142.4900,6071,28303,6197482.6480,0
1731357000000,219.0400,220.3000,218.8800,220.1200,123960,1731357299999,27220614.6040,10930,82085,18021885.5580,0
1731357300000,220.1200,222.3700,219.7600,222.2200,230857,1731357599999,51131214.7780,19663,132079,29253118.5920,0
1731357600000,222.2300,223.6500,221.2600,221.8200,599665,1731357899999,133473117.1330,29398,374729,83453965.1440,0
1731357900000,221.8300,221.9800,220.9000,221.0000,81014,1731358199999,17928747.5050,9126,35131,7773518.6000,0
1731358200000,220.9900,221.4900,220.5000,220.5000,92364,1731358499999,20420030.4660,9366,51180,11317175.3720,0
1731358500000,220.5000,220.6000,218.2100,218.9100,172438,1731358799999,37823879.3030,16707,77400,16970190.3070,0
1731358800000,218.9600,219.4000,217.9500,219.3600,177304,1731359099999,38745358.0560,16421,98236,21473495.2090,0
1731359100000,219.3600,219.5600,218.6600,219.0400,89744,1731359399999,19671647.7010,9401,43125,9454383.0930,0
1731359400000,219.0400,219.6900,218.6400,219.4400,67803,1731359699999,14862944.8250,6897,42649,9348803.6130,0
1731359700000,219.4400,220.7700,219.0100,220.1600,107441,1731359999999,23641156.9210,11373,60689,13356027.9470,0
1731360000000,220.1500,221.0000,219.5400,220.3300,120588,1731360299999,26572823.1170,12760,59304,13071100.9170,0
1731360300000,220.3300,221.4000,220.1600,220.9000,113474,1731360599999,25059399.7940,12297,56677,12518027.2920,0
1731360600000,220.9100,220.9300,219.5700,219.7100,103483,1731360899999,22774208.4660,10437,42492,9352654.2600,0
1731360900000,219.7000,220.2300,219.0600,219.1400,66472,1731361199999,14601283.2660,7739,26739,5874878.4800,0
1731361200000,219.1400,219.5500,219.0500,219.3500,68363,1731361499999,14991062.5800,8043,35016,7678513.1340,0
1731361500000,219.3500,219.4200,218.0500,218.7000,83933,1731361799999,18341756.1220,9913,39306,8589002.2160,0
1731361800000,218.7100,219.4200,218.4000,219.1100,67977,1731362099999,14885157.6350,8015,36423,7975260.5890,0
1731362100000,219.1000,219.6500,218.9400,219.0600,58896,1731362399999,12912346.2930,5856,30607,6710652.6970,0
1731362400000,219.0600,219.5600,219.0500,219.4200,48294,1731362699999,10589881.3600,6070,25745,5645359.4940,0
1731362700000,219.4400,219.7900,219.0100,219.3000,69727,1731362999999,15295483.3750,8574,31668,6947247.4320,0
1731363000000,219.3100,219.5000,217.8500,218.1100,109006,1731363299999,23830589.0150,10710,39452,8628212.0460,0
1731363300000,218.1100,218.3000,216.8000,218.1600,193040,1731363599999,41992381.2990,17402,83275,18117823.5940,0
1731363600000,218.1700,218.9900,217.8000,218.6800,153254,1731363899999,33487015.2980,14020,67225,14686900.4090,0
1731363900000,218.6900,218.9100,217.0400,217.8600,111499,1731364199999,24269782.2230,12085,45130,9824702.3400,0
1731364200000,217.8600,217.9900,217.3500,217.7900,44804,1731364499999,9756229.3360,5979,24192,5268087.7980,0
1731364500000,217.8000,219.1100,217.6900,218.2900,76584,1731364799999,16731472.6820,8405,38467,8401330.4870,0
1731364800000,218.2900,218.6600,217.8700,218.6400,40765,1731365099999,8896610.9410,4316,20475,4470297.5960,0
1731365100000,218.6400,219.8000,218.6300,219.7700,71871,1731365399999,15755712.0590,6464,48530,10639833.3990,0
1731365400000,219.7600,220.3500,219.6700,220.2500,86087,1731365699999,18940973.3510,9241,34145,7512897.7630,0
1731365700000,220.2500,220.7000,220.1100,220.5000,62187,1731365999999,13708813.6370,5712,34671,7642879.1970,0
1731366000000,220.5000,221.8400,220.4400,221.7800,212080,1731366299999,46924737.7720,15773,118575,26233440.8420,0
1731366300000,221.7700,221.7900,220.1300,220.5800,171161,1731366599999,37816944.6620,15513,77188,17053890.0690,0
1731366600000,220.6000,221.0000,219.8100,220.5100,146163,1731366899999,32216097.6300,15062,63141,13920165.2090,0
1731366900000,220.5100,221.9700,219.8200,221.9300,136575,1731367199999,30173819.7440,14002,75948,16781943.0640,0
1731367200000,221.9200,224.3500,221.8400,224.2500,302668,1731367499999,67571102.7890,26133,165020,36845850.0950,0
1731367500000,224.2400,224.2900,221.5200,222.4500,186702,1731367799999,41554774.6970,17663,88071,19598181.3920,0
1731367800000,222.4500,223.7800,222.3100,222.8600,114686,1731368099999,25575325.2760,11405,57192,12753603.3100,0
1731368100000,222.8600,223.5200,222.3400,222.6500,118533,1731368399999,26422826.3170,12528,51868,11565118.3770,0
1731368400000,222.6400,222.6800,221.5200,221.9400,116274,1731368699999,25821617.8730,11738,46545,10335904.1510,0
1731368700000,221.9500,223.1200,221.7700,222.9100,94628,1731368999999,21038328.4220,8660,53340,11855637.2760,0
1731369000000,222.9100,223.5300,222.4700,222.9900,78761,1731369299999,17571641.9090,8916,42602,9505635.4410,0
1731369300000,222.9900,223.1600,222.1900,222.3300,53600,1731369599999,11937148.2490,7000,23535,5242108.2180,0
