open_time,open,high,low,close,volume,close_time,quote_volume,count,taker_buy_volume,taker_buy_quote_volume,ignore
1718323200000,66786.80,66808.90,66786.80,66806.70,186.512,1718323259999,12458495.69360,1985,107.957,7211562.85990,0
1718323260000,66806.60,66852.00,66806.60,66852.00,122.691,1718323319999,8199809.74060,1390,84.946,5676811.95620,0
1718323320000,66852.00,66880.00,66851.90,66880.00,56.455,1718323379999,3774804.56800,1708,37.048,2477184.40980,0
1718323380000,66880.00,66888.40,66877.90,66877.90,44.615,1718323439999,2984037.24040,636,18.701,1250832.74890,0
1718323440000,66877.90,66904.00,66867.60,66895.40,93.809,1718323499999,6274909.24500,1282,39.405,2635833.66130,0
1718323500000,66895.50,66899.00,66845.50,66845.60,106.606,1718323559999,7129049.76800,1498,10.140,678136.39030,0
1718323560000,66845.50,66848.90,66818.90,66820.30,61.153,1718323619999,4087242.57770,1029,18.267,1220867.87120,0
1718323620000,66820.20,66839.80,66818.90,66831.10,21.986,1718323679999,1469275.19450,543,13.744,918472.04520,0
1718323680000,66831.00,66831.10,66821.80,66830.30,14.747,1718323739999,985504.66130,395,8.159,545234.69000,0
1718323740000,66830.40,66830.40,66792.40,66792.50,66.584,1718323799999,4448423.11370,1140,17.703,1182695.71390,0
1718323800000,66792.40,66799.40,66755.20,66799.30,273.254,1718323859999,18246579.70570,2777,163.630,10926402.70560,0
1718323860000,66799.30,66831.10,66799.30,66831.00,49.303,1718323919999,3294108.72680,957,44.417,2967659.05080,0
1718323920000,66831.00,66841.60,66820.10,66829.60,39.061,1718323979999,2610601.40280,830,21.683,1449111.23470,0
1718323980000,66829.50,66829.60,66813.70,66827.60,23.932,1718324039999,1599214.67320,486,11.725,783498.12290,0
1718324040000,66827.50,66827.50,66753.00,66753.10,53.296,1718324099999,3559257.67270,1151,13.159,878668.04020,0
1718324100000,66753.00,66785.40,66741.70,66751.30,120.915,1718324159999,8072803.69860,1603,65.508,4373426.83090,0
1718324160000,66751.40,66751.40,66706.50,66727.20,125.448,1718324219999,8370215.85650,1743,56.191,3748985.53840,0
1718324220000,66727.10,66727.20,66700.00,66711.40,56.435,1718324279999,3764768.63120,1181,13.611,907980.21880,0
1718324280000,66711.40,66755.30,66711.40,66723.80,132.816,1718324339999,8863086.20720,1404,32.324,2157089.90890,0
1718324340000,66723.70,66750.00,66701.30,66745.70,137.441,1718324399999,9171005.17600,1427,85.004,5672013.43260,0
1718324400000,66745.60,66784.40,66733.20,66775.80,100.126,1718324459999,6684558.15700,1619,68.993,4606013.76860,0
1718324460000,66775.80,66775.80,66664.50,66682.40,405.676,1718324519999,27055131.53530,3903,198.175,13215777.03420,0
1718324520000,66682.30,66752.60,66682.30,66745.40,99.264,1718324579999,6623389.36390,1889,55.777,3721697.07530,0
1718324580000,66745.40,66745.50,66707.50,66721.40,66.588,1718324639999,4442992.56910,874,21.027,1402889.84710,0
1718324640000,66721.30,66750.40,66721.30,66729.50,51.950,1718324699999,3467123.67060,968,34.011,2269839.96890,0
1718324700000,66729.40,66729.40,66687.60,66693.40,26.560,1718324759999,1771538.56620,806,14.008,934283.69440,0
1718324760000,66693.30,66724.10,66692.00,66712.50,47.071,1718324819999,3139844.94790,989,25.868,1725485.05450,0
1718324820000,66712.50,66808.70,66700.40,66806.00,88.064,1718324879999,5879324.23200,1781,65.861,4396974.02360,0
1718324880000,66805.90,66866.60,66799.40,66822.70,213.177,1718324939999,14249137.68730,2781,76.948,5143234.00130,0
1718324940000,66822.60,66822.70,66790.10,66796.50,25.996,1718324999999,1736566.76050,704,17.483,1167855.71860,0
1718325000000,66796.50,66811.00,66776.20,66811.00,61.952,1718325059999,4137846.73280,1729,29.977,2002182.35750,0
1718325060000,66811.20,66811.40,66761.10,66761.10,37.235,1718325119999,2487248.85800,1083,21.517,1437356.88910,0
1718325120000,66761.10,66796.90,66761.10,66790.10,31.197,1718325179999,2083442.21260,872,17.960,1199375.19040,0
1718325180000,66790.00,66790.00,66736.50,66736.60,31.399,1718325239999,2096224.44960,831,6.354,424149.50030,0
1718325240000,66736.50,66758.50,66734.00,66752.10,25.426,1718325299999,1697142.72860,907,14.371,959216.14890,0
1718325300000,66752.00,66780.60,66740.60,66780.50,29.754,1718325359999,1986402.71990,825,15.036,1003745.86790,0
1718325360000,66780.60,66782.50,66762.50,66768.90,34.595,1718325419999,2310062.32860,788,13.030,870032.15710,0
1718325420000,66768.80,66768.90,66740.90,66740.90,43.554,1718325479999,2907250.60770,859,15.690,1047248.09320,0
1718325480000,66740.90,66747.10,66697.10,66697.50,173.483,1718325539999,11575344.21700,1402,21.020,1402189.39240,0
1718325540000,66697.50,66697.60,66645.80,66694.70,129.316,1718325599999,8620777.69470,2038,39.857,2657077.91300,0
1718325600000,66694.70,66729.70,66694.70,66729.70,62.995,1718325659999,4202800.49790,1342,26.773,1786124.14060,0
1718325660000,66729.70,66740.00,66723.30,66723.30,25.368,1718325719999,1692817.14960,812,12.771,852222.19070,0
1718325720000,66723.30,66745.10,66723.10,66731.00,21.365,1718325779999,1425739.73190,708,8.442,563355.74540,0
1718325780000,66730.90,66740.50,66717.40,66736.00,33.555,1718325839999,2239080.62970,768,21.299,1421235.76110,0
1718325840000,66735.90,66737.10,66695.60,66695.70,69.507,1718325899999,4637533.89830,793,29.437,1964236.51050,0
1718325900000,66695.60,66731.00,66685.90,66728.00,91.822,1718325959999,6125557.75180,1451,59.282,3954743.99230,0
1718325960000,66728.00,66728.00,66702.10,66702.20,25.511,1718326019999,1701894.69100,700,3.610,240824.01050,0
1718326020000,66702.10,66719.20,66702.10,66713.80,18.457,1718326079999,1231267.19870,726,6.500,433591.48830,0
1718326080000,66713.80,66713.80,66683.20,66683.30,25.096,1718326139999,1673756.51390,651,10.783,719179.28060,0
1718326140000,66683.30,66711.30,66654.60,66698.90,54.150,1718326199999,3610890.12000,1324,28.563,1904663.08830,0
1718326200000,66698.80,66698.90,66639.00,66639.10,75.229,1718326259999,5014826.51600,1261,11.703,780282.81590,0
1718326260000,66639.00,66663.20,66608.90,66657.40,130.289,1718326319999,8680481.12260,2113,44.158,2942136.22390,0
1718326320000,66657.30,66675.40,66652.30,66665.60,52.822,1718326379999,3521494.06640,911,24.830,1655288.74130,0
1718326380000,66665.60,66703.60,66654.70,66703.60,43.231,1718326439999,2882559.04380,1099,33.139,2209664.58260,0
1718326440000,66703.60,66739.50,66703.10,66739.50,46.260,1718326499999,3086254.21420,1078,23.823,1589380.42050,0
1718326500000,66739.50,66745.00,66703.80,66719.70,60.409,1718326559999,4030675.86150,1126,19.822,1322653.90440,0
1718326560000,66719.70,66779.50,66719.60,66764.00,238.337,1718326619999,15910146.23460,2369,138.296,9232100.73550,0
1718326620000,66764.50,66777.60,66737.60,66741.70,128.108,1718326679999,8552423.40740,1476,57.790,3858242.14140,0
1718326680000,66741.70,66741.70,66710.20,66718.70,47.516,1718326739999,3170599.60210,755,5.593,373201.43270,0
1718326740000,66718.60,66737.10,66713.10,66729.10,29.291,1718326799999,1954450.68130,577,12.641,843417.26530,0
1718326800000,66729.10,66750.00,66717.30,66727.90,64.617,1718326859999,4311909.56200,1238,19.925,1329561.78420,0
1718326860000,66728.00,66766.80,66716.30,66716.30,59.993,1718326919999,4003515.77520,1151,21.569,1439564.90080,0
1718326920000,66716.40,66725.90,66685.40,66714.00,68.371,1718326979999,4560513.87850,1341,30.866,2058836.27120,0
1718326980000,66713.90,66714.00,66669.90,66692.60,103.599,1718327039999,6909148.34660,1330,26.690,1779765.77220,0
1718327040000,66692.50,66701.90,66684.40,66684.50,35.153,1718327099999,2344474.80340,939,6.628,442057.44990,0
1718327100000,66684.50,66684.50,66642.90,66648.10,129.345,1718327159999,8621978.05050,1565,38.095,2539426.90880,0
1718327160000,66648.00,66651.20,66617.70,66617.70,95.012,1718327219999,6331015.88880,1359,18.313,1220275.77000,0
1718327220000,66617.60,66617.70,66550.30,66569.90,670.351,1718327279999,44628742.72360,6243,188.923,12576954.40010,0
1718327280000,66569.90,66615.50,66569.90,66615.50,111.636,1718327339999,7434256.42410,1558,83.403,5554204.43340,0
1718327340000,66615.40,66619.30,66590.10,66590.10,59.043,1718327399999,3932338.04300,921,13.649,909002.60920,0
1718327400000,66590.10,66631.50,66570.00,66614.30,173.324,1718327459999,11542925.51240,2023,86.565,5764900.18140,0
1718327460000,66614.30,66648.20,66614.20,66648.10,54.269,1718327519999,3616007.61520,1149,32.104,2139134.96510,0
1718327520000,66648.20,66690.00,66648.10,66690.00,80.886,1718327579999,5392293.80060,1373,53.593,3572706.35080,0
1718327580000,66689.90,66737.10,66689.90,66725.10,100.917,1718327639999,6732836.38470,1454,71.459,4767324.22650,0
1718327640000,66725.10,66748.00,66716.30,66725.70,78.584,1718327699999,5244150.33260,1227,31.655,2112452.92810,0
1718327700000,66725.70,66770.00,66720.60,66740.10,127.887,1718327759999,8536346.09020,1895,72.622,4847462.36610,0
1718327760000,66740.10,66740.70,66722.30,66730.80,39.070,1718327819999,2607250.28670,809,16.030,1069675.53720,0
1718327820000,66730.70,66740.00,66712.70,66724.10,70.626,1718327879999,4712600.32160,978,37.929,2530789.05730,0
1718327880000,66724.10,66743.90,66718.20,66738.00,37.030,1718327939999,2471164.08840,832,11.667,778578.76170,0
1718327940000,66738.00,66744.20,66732.00,66744.10,22.687,1718327999999,1514075.26890,649,12.745,850565.97220,0
1718328000000,66744.20,66744.20,66725.80,66732.70,43.124,1718328059999,2877944.14920,638,13.148,877396.05530,0
1718328060000,66732.60,66732.70,66712.20,66720.60,39.875,1718328119999,2660529.95040,677,13.559,904606.31870,0
1718328120000,66720.60,66743.20,66720.60,66740.50,49.227,1718328179999,3284934.23740,669,26.832,1790456.13580,0
1718328180000,66740.40,66740.50,66717.10,66717.10,32.345,1718328239999,2158351.94040,587,10.614,708210.15820,0
1718328240000,66717.00,66737.90,66708.70,66708.80,41.290,1718328299999,2755041.69040,739,20.387,1360286.74060,0
1718328300000,66708.80,66715.70,66689.20,66689.20,73.174,1718328359999,4880592.47810,1155,25.364,1691659.11770,0
1718328360000,66689.20,66702.00,66689.00,66695.10,28.042,1718328419999,1870264.98180,613,20.965,1398253.50750,0
1718328420000,66695.10,66695.10,66634.20,66634.30,72.271,1718328479999,4818042.07470,1246,13.846,923036.35420,0
1718328480000,66634.20,66634.20,66608.10,66613.10,62.775,1718328539999,4181735.77350,1117,21.634,1441070.63270,0
1718328540000,66613.00,66645.60,66590.60,66634.70,197.442,1718328599999,13150764.31710,2201,53.606,3570658.59400,0
1718328600000,66634.70,66666.00,66634.60,66654.10,59.657,1718328659999,3976233.03600,1069,36.862,2456929.65860,0
1718328660000,66654.10,66666.00,66637.30,66637.30,38.320,1718328719999,2553930.16360,879,11.971,797841.49670,0
1718328720000,66637.40,66637.40,66586.40,66587.10,61.243,1718328779999,4078941.57270,947,10.978,731153.03300,0
1718328780000,66587.10,66594.50,66471.30,66523.50,698.895,1718328839999,46486580.58940,8111,175.292,11658681.13330,0
1718328840000,66523.40,66523.50,66491.30,66512.70,273.143,1718328899999,18164878.61890,2690,51.189,3404375.42970,0
1718328900000,66512.80,66550.00,66503.80,66548.90,152.978,1718328959999,10177665.94370,1682,90.275,6006189.77860,0
1718328960000,66549.00,66575.00,66526.50,66537.00,150.159,1718329019999,9993359.26630,1932,82.637,5499887.68410,0
1718329020000,66536.90,66607.00,66524.20,66551.20,194.786,1718329079999,12963523.59540,2437,143.407,9543748.83720,0
1718329080000,66551.20,66551.20,66506.80,66533.50,70.082,1718329139999,4662088.17480,1553,18.651,1240654.57650,0
1718329140000,66533.60,66548.90,66520.40,66520.40,36.341,1718329199999,2417876.21580,869,14.123,939663.01090,0
1718329200000,66520.50,66580.00,66515.90,66574.00,71.860,1718329259999,4782737.89710,1451,55.327,3682301.14450,0
1718329260000,66574.00,66690.50,66573.90,66680.80,207.399,1718329319999,13822891.53120,2949,166.850,11120992.80670,0
1718329320000,66680.80,66696.80,66661.20,66687.80,165.508,1718329379999,11036094.02860,2132,109.143,7277615.76530,0
1718329380000,66687.80,66687.80,66657.30,66657.40,58.447,1718329439999,3896672.89010,1005,24.012,1600828.70460,0
1718329440000,66657.30,66678.90,66639.40,66648.40,82.132,1718329499999,5474994.18110,1225,49.985,3332074.88800,0
1718329500000,66648.40,66666.00,66636.30,66663.70,81.431,1718329559999,5428047.18350,1413,44.731,2981632.11440,0
1718329560000,66663.70,66680.70,66657.20,66672.60,47.149,1718329619999,3143421.68160,847,30.595,2039791.66090,0
1718329620000,66672.60,66708.10,66672.50,66708.10,108.282,1718329679999,7222254.96210,1629,70.837,4724544.76300,0
1718329680000,66708.10,66708.10,66683.70,66705.50,62.943,1718329739999,4198126.07100,1073,34.728,2316245.08710,0
1718329740000,66705.50,66741.40,66705.30,66732.90,86.569,1718329799999,5776402.98550,1528,71.261,4754942.18150,0
1718329800000,66732.90,66748.00,66731.40,66737.10,70.190,1718329859999,4684611.42080,1129,41.564,2774004.49420,0
1718329860000,66737.30,66766.00,66737.30,66765.90,49.203,1718329919999,3284499.02450,1178,33.503,2236493.86730,0
1718329920000,66766.00,66826.60,66765.90,66810.00,193.818,1718329979999,12945426.29720,3112,159.751,10669968.33290,0
1718329980000,66809.90,66810.00,66728.40,66728.50,360.460,1718330039999,24062931.44970,2917,34.563,2307188.39470,0
1718330040000,66728.50,66762.10,66728.50,66753.70,77.752,1718330099999,5189891.02240,1190,59.813,3992541.71780,0
1718330100000,66753.70,66790.10,66751.00,66790.10,61.537,1718330159999,4109143.91370,1040,39.997,2670746.37010,0
1718330160000,66790.10,66814.70,66790.00,66802.10,57.142,1718330219999,3817310.42850,1149,37.736,2520851.75010,0
1718330220000,66802.10,66838.00,66796.60,66796.60,143.764,1718330279999,9606127.78580,1885,74.515,4979080.33640,0
1718330280000,66796.70,66822.00,66792.40,66805.20,110.392,1718330339999,7375258.81300,1275,35.594,2377881.39180,0
1718330340000,66805.20,66838.00,66800.00,66809.50,64.464,1718330399999,4307402.28100,957,21.700,1449995.84680,0
1718330400000,66809.50,66847.70,66809.50,66831.90,169.644,1718330459999,11338231.75750,2021,79.940,5342402.31980,0
1718330460000,66832.00,66832.00,66790.70,66791.60,98.578,1718330519999,6586041.69790,1400,11.752,785170.25020,0
1718330520000,66791.60,66797.70,66767.50,66774.80,63.576,1718330579999,4245513.80730,930,26.531,1771771.10390,0
1718330580000,66774.80,66842.00,66766.00,66817.30,55.553,1718330639999,3710983.26920,1554,33.197,2217647.91470,0
1718330640000,66817.30,66834.30,66799.80,66822.60,144.993,1718330699999,9686377.35010,1197,103.543,6917141.02690,0
1718330700000,66822.70,66826.10,66786.40,66786.40,86.408,1718330759999,5772613.02320,1179,15.620,1043407.90120,0
1718330760000,66786.50,66786.50,66742.00,66743.20,79.339,1718330819999,5296618.31710,1263,23.138,1544529.38330,0
1718330820000,66743.20,66748.80,66720.50,66731.10,182.403,1718330879999,12172484.35970,1617,35.590,2375063.30210,0
1718330880000,66731.20,66732.40,66724.40,66727.20,61.956,1718330939999,4134079.90420,599,47.028,3137950.01670,0
1718330940000,66727.30,66744.90,66727.30,66729.70,67.703,1718330999999,4518218.73490,837,25.970,1733103.92350,0
1718331000000,66729.70,66828.00,66729.60,66824.50,96.629,1718331059999,6453012.58290,1436,71.745,4791209.30400,0
1718331060000,66824.50,66862.00,66813.60,66822.30,183.167,1718331119999,12242983.47750,2041,109.140,7295201.48650,0
1718331120000,66822.30,66822.30,66777.20,66777.20,38.592,1718331179999,2578022.16730,881,6.487,433348.50110,0
1718331180000,66777.30,66783.10,66726.00,66730.60,47.261,1718331239999,3154834.19760,1169,14.361,958649.44030,0
1718331240000,66730.60,66747.30,66715.00,66739.20,88.938,1718331299999,5934723.29300,1338,38.973,2600795.81780,0
1718331300000,66739.20,66773.40,66739.10,66773.40,31.521,1718331359999,2104392.40240,784,21.925,1463683.39160,0
1718331360000,66773.40,66795.90,66766.80,66787.20,68.509,1718331419999,4574770.12350,1059,24.994,1669000.79650,0
1718331420000,66787.10,66824.60,66787.10,66819.20,45.698,1718331479999,3053205.78010,776,35.875,2396956.21780,0
1718331480000,66819.10,66840.00,66806.70,66806.80,42.273,1718331539999,2824874.97160,864,18.969,1267620.72900,0
1718331540000,66806.80,66813.20,66768.70,66768.80,28.517,1718331599999,1904805.73080,784,8.982,600021.10060,0
1718331600000,66768.70,66810.60,66768.70,66800.10,27.133,1718331659999,1812257.53180,777,21.511,1436675.78130,0
1718331660000,66800.10,66820.00,66800.00,66800.00,19.133,1718331719999,1278227.94720,615,11.508,768825.33040,0
1718331720000,66800.00,66842.90,66792.50,66834.50,127.316,1718331779999,8507547.89190,1333,85.925,5741939.89150,0
1718331780000,66834.50,66842.50,66813.10,66820.20,155.220,1718331839999,10373892.30980,1256,43.307,2894414.25210,0
1718331840000,66820.20,66820.30,66810.00,66810.10,8.851,1718331899999,591372.60070,386,2.196,146718.02350,0
1718331900000,66810.00,66836.00,66810.00,66827.70,23.349,1718331959999,1560335.92480,765,15.845,1058825.13370,0
1718331960000,66827.60,66832.00,66826.70,66829.90,25.184,1718332019999,1683002.74470,605,17.776,1187929.83800,0
1718332020000,66830.00,66866.10,66829.90,66866.10,101.002,1718332079999,6752135.95270,1601,83.763,5599613.85600,0
1718332080000,66866.10,66866.10,66773.40,66788.00,152.728,1718332139999,10205207.50670,1942,32.181,2150026.20030,0
1718332140000,66787.90,66814.20,66787.90,66814.20,24.495,1718332199999,1636393.53470,654,15.730,1050833.18960,0
1718332200000,66814.30,66836.00,66810.90,66836.00,35.499,1718332259999,2372257.89580,1086,23.643,1579982.14590,0
1718332260000,66835.90,66836.00,66808.00,66809.00,30.978,1718332319999,2070018.17480,760,12.815,856309.13750,0
1718332320000,66808.90,66834.20,66801.80,66801.80,32.364,1718332379999,2162413.29820,863,17.456,1166404.83570,0
1718332380000,66801.80,66828.80,66801.80,66819.10,40.350,1718332439999,2696199.70120,772,29.777,1989730.78950,0
1718332440000,66819.20,66827.30,66811.10,66822.10,18.653,1718332499999,1246386.78850,528,5.665,378524.59610,0
1718332500000,66822.10,66822.10,66785.60,66789.50,65.160,1718332559999,4353147.56480,873,11.529,770243.66030,0
1718332560000,66789.50,66818.30,66789.50,66811.00,16.187,1718332619999,1081379.05140,671,9.866,659097.64600,0
1718332620000,66810.90,66836.20,66810.90,66826.50,28.568,1718332679999,1908996.31760,938,14.728,984137.30890,0
1718332680000,66826.40,66836.10,66826.40,66836.10,13.542,1718332739999,905046.73290,489,10.783,720654.65410,0
1718332740000,66836.10,66859.80,66836.00,66859.80,46.016,1718332799999,3076105.86310,999,30.072,2010225.41730,0
1718332800000,66859.80,66883.00,66850.80,66851.50,71.717,1718332859999,4795712.50620,1516,44.297,2962212.20330,0
1718332860000,66851.50,66867.20,66822.60,66822.60,46.594,1718332919999,3114798.61660,1109,14.435,965005.32000,0
1718332920000,66822.60,66846.00,66822.60,66835.60,25.879,1718332979999,1729621.85330,657,19.785,1322306.04690,0
1718332980000,66835.50,66849.50,66819.20,66829.80,24.161,1718333039999,1614738.04850,697,7.971,532702.42460,0
1718333040000,66829.80,66839.60,66829.70,66839.50,11.172,1718333099999,746698.69160,477,7.616,509021.59570,0
1718333100000,66839.60,66845.60,66809.80,66815.70,33.425,1718333159999,2233697.25800,1016,18.839,1258962.66740,0
1718333160000,66815.60,66835.00,66797.50,66825.10,36.510,1718333219999,2439337.38420,999,17.523,1170738.04200,0
1718333220000,66825.00,66837.80,66825.00,66837.80,24.817,1718333279999,1658448.33080,631,13.633,911048.68920,0
1718333280000,66837.80,66897.60,66837.80,66897.60,80.008,1718333339999,5351009.83470,1650,65.137,4356396.57520,0
1718333340000,66897.50,66899.60,66834.80,66834.80,57.195,1718333399999,3824859.77330,1637,18.902,1264220.76520,0
1718333400000,66834.90,66864.10,66834.80,66863.90,52.436,1718333459999,3505098.01730,1013,43.531,2909825.16720,0
1718333460000,66863.90,66894.10,66841.40,66888.10,203.829,1718333519999,13629682.03240,1779,105.569,7059845.09100,0
1718333520000,66888.00,66888.10,66851.80,66865.00,119.112,1718333579999,7964947.89030,1310,49.602,3316778.74050,0
1718333580000,66865.00,66935.10,66865.00,66915.30,442.961,1718333639999,29638677.78440,3318,250.927,16789301.19460,0
1718333640000,66915.40,66930.10,66905.40,66925.90,189.911,1718333699999,12708976.81640,1908,77.600,5193010.44200,0
1718333700000,66926.00,66950.00,66926.00,66945.90,176.501,1718333759999,11815217.76630,2337,93.119,6233390.97730,0
1718333760000,66945.80,67024.90,66945.80,67008.00,741.086,1718333819999,49647200.28880,6215,420.962,28200533.71830,0
1718333820000,67008.00,67038.00,67007.00,67020.70,263.321,1718333879999,17648953.60320,2296,135.086,9053836.66890,0
1718333880000,67020.60,67037.90,66992.20,67019.60,329.576,1718333939999,22087069.02620,2256,82.341,5518587.35930,0
1718333940000,67019.50,67027.30,66943.80,66951.60,300.691,1718333999999,20145774.07790,3421,56.014,3753250.53340,0
1718334000000,66951.60,66982.30,66884.10,66902.00,343.475,1718334059999,22987248.97110,4190,61.482,4115296.37380,0
1718334060000,66902.00,66973.70,66896.30,66967.10,68.186,1718334119999,4564778.53180,1374,36.659,2454054.53580,0
1718334120000,66967.00,66978.10,66920.90,66920.90,73.797,1718334179999,4940849.39160,1938,34.194,2289457.42740,0
1718334180000,66921.00,66921.00,66864.30,66871.80,111.003,1718334239999,7424139.33020,2121,23.297,1558133.40850,0
1718334240000,66871.80,66881.30,66835.00,66837.40,91.923,1718334299999,6145266.01620,1918,34.003,2273115.77610,0
1718334300000,66837.40,66844.10,66806.10,66806.10,73.351,1718334359999,4901975.47810,1497,21.105,1410504.57020,0
1718334360000,66806.10,66925.30,66799.90,66894.40,222.811,1718334419999,14900299.70140,2904,156.462,10462625.19070,0
1718334420000,66894.40,66896.00,66832.00,66832.10,170.007,1718334479999,11368094.62610,2210,69.805,4667842.38900,0
1718334480000,66832.00,66850.00,66749.40,66759.30,172.027,1718334539999,11488200.93520,2639,38.377,2562837.93130,0
1718334540000,66759.30,66791.40,66715.20,66724.80,265.940,1718334599999,17749901.98220,3211,80.931,5401609.32480,0
1718334600000,66724.70,66771.90,66724.70,66752.00,132.950,1718334659999,8874523.97530,1820,79.196,5286439.09990,0
1718334660000,66752.10,66752.10,66734.30,66740.00,64.836,1718334719999,4327336.70050,898,26.829,1790644.36780,0
1718334720000,66739.90,66740.00,66720.00,66738.00,59.554,1718334779999,3973905.05400,858,28.009,1868878.13330,0
1718334780000,66737.90,66771.60,66737.90,66771.60,28.942,1718334839999,1932074.68530,651,21.950,1465290.40610,0
1718334840000,66771.60,66771.80,66745.00,66765.40,41.119,1718334899999,2745108.68680,746,26.019,1737070.75990,0
1718334900000,66765.50,66798.70,66765.50,66798.60,44.208,1718334959999,2952353.04790,897,39.117,2612332.38670,0
1718334960000,66798.70,66798.70,66754.40,66754.90,88.871,1718335019999,5934909.22340,1224,31.653,2113675.90700,0
1718335020000,66754.90,66781.20,66734.60,66781.20,25.325,1718335079999,1690547.47180,908,14.655,978310.98480,0
1718335080000,66781.20,66804.10,66769.40,66769.50,39.691,1718335139999,2651066.14310,828,18.120,1210301.82940,0
1718335140000,66769.50,66769.50,66752.00,66761.10,15.204,1718335199999,1015007.16640,515,6.595,440259.41620,0
1718335200000,66761.10,66761.10,66739.50,66742.20,27.579,1718335259999,1840808.32250,699,10.413,695028.99940,0
1718335260000,66742.20,66764.00,66737.20,66764.00,29.918,1718335319999,1996794.95210,687,22.530,1503716.06030,0
1718335320000,66763.90,66771.30,66742.50,66742.50,28.741,1718335379999,1918822.83760,658,20.223,1350187.32180,0
1718335380000,66742.60,66746.40,66738.00,66740.10,14.219,1718335439999,949003.92040,341,4.967,331514.92810,0
1718335440000,66740.10,66745.50,66740.00,66744.20,50.933,1718335499999,3399442.18220,437,23.567,1572921.95960,0
1718335500000,66744.20,66756.50,66735.60,66735.60,35.108,1718335559999,2343269.37540,630,12.173,812528.82080,0
1718335560000,66735.70,66763.10,66735.60,66750.00,38.570,1718335619999,2574502.77400,609,19.052,1271578.47680,0
1718335620000,66750.10,66750.10,66738.00,66738.30,20.013,1718335679999,1335667.20190,403,14.340,957042.98450,0
1718335680000,66738.30,66742.60,66704.50,66708.00,109.412,1718335739999,7300541.75800,1127,22.836,1523774.97090,0
1718335740000,66707.90,66744.40,66707.90,66723.60,64.598,1718335799999,4310341.35220,1053,39.638,2644731.65690,0
1718335800000,66723.60,66771.90,66723.50,66760.90,74.680,1718335859999,4984619.17300,1319,54.283,3622991.28520,0
1718335860000,66760.90,66780.00,66755.00,66756.70,44.873,1718335919999,2996084.46780,731,34.134,2279008.31660,0
1718335920000,66756.70,66756.80,66701.30,66701.30,54.556,1718335979999,3640115.07480,1068,9.725,648885.65240,0
1718335980000,66701.40,66737.00,66700.10,66702.00,47.902,1718336039999,3195749.89720,1029,30.551,2038137.00080,0
1718336040000,66702.00,66715.20,66675.00,66715.20,81.382,1718336099999,5427811.29820,1973,31.945,2130705.39910,0
1718336100000,66715.20,66719.50,66692.50,66692.50,34.858,1718336159999,2325410.56470,663,13.715,914963.12650,0
1718336160000,66692.50,66744.10,66687.30,66727.10,59.409,1718336219999,3963457.01250,1119,46.924,3130496.98230,0
1718336220000,66727.20,66727.20,66707.80,66719.90,29.005,1718336279999,1935098.34690,721,9.489,633049.73100,0
1718336280000,66720.00,66734.60,66719.90,66723.00,44.421,1718336339999,2964025.31910,723,24.864,1659009.58580,0
1718336340000,66723.00,66723.10,66672.90,66682.00,86.131,1718336399999,5744037.83890,1206,9.334,622492.42140,0
1718336400000,66682.10,66711.60,66677.90,66711.60,53.781,1718336459999,3586839.33160,904,39.912,2661895.57390,0
1718336460000,66711.50,66711.60,66687.70,66699.90,55.535,1718336519999,3704131.11070,764,21.041,1403353.79640,0
1718336520000,66699.90,66720.10,66699.40,66702.20,35.105,1718336579999,2341844.03070,583,16.508,1101241.66210,0
1718336580000,66702.30,66723.40,66702.20,66723.30,31.021,1718336639999,2069576.21950,469,18.945,1263842.28740,0
1718336640000,66723.40,66765.50,66723.40,66762.20,55.819,1718336699999,3725852.77770,886,49.914,3331685.35660,0
1718336700000,66762.20,66774.00,66723.10,66723.10,46.772,1718336759999,3121991.59590,859,22.755,1518855.40620,0
1718336760000,66723.10,66741.50,66723.10,66730.90,17.181,1718336819999,1146485.64210,437,8.823,588738.18260,0
1718336820000,66730.80,66734.50,66728.00,66728.10,13.130,1718336879999,876203.27400,263,3.619,241499.37060,0
1718336880000,66728.00,66745.30,66728.00,66739.70,18.592,1718336939999,1240781.99470,451,15.384,1026676.39480,0
1718336940000,66739.70,66752.00,66727.40,66752.00,15.066,1718336999999,1005481.77570,440,11.016,735195.46680,0
1718337000000,66752.00,66766.40,66742.20,66742.30,64.376,1718337059999,4297307.27910,614,14.054,938265.33550,0
1718337060000,66742.20,66761.80,66734.60,66750.30,21.846,1718337119999,1458166.65600,640,17.242,1150843.60090,0
1718337120000,66750.30,66750.30,66730.50,66730.60,7.964,1718337179999,531515.27970,281,4.333,289176.74940,0
1718337180000,66730.50,66747.40,66730.50,66747.40,19.047,1718337239999,1271162.89210,405,12.968,865424.34130,0
1718337240000,66747.40,66747.40,66731.80,66733.90,24.702,1718337299999,1648513.85610,439,9.537,636436.01800,0
1718337300000,66734.00,66734.00,66723.20,66723.30,9.843,1718337359999,656821.37250,321,2.589,172762.62030,0
1718337360000,66723.20,66726.80,66716.10,66722.90,20.955,1718337419999,1398129.52910,445,12.554,837604.26440,0
1718337420000,66723.00,66737.10,66722.90,66729.80,40.436,1718337479999,2698259.10910,663,25.724,1716523.44220,0
1718337480000,66729.80,66744.50,66721.70,66744.40,16.510,1718337539999,1101692.06540,456,14.033,936409.04030,0
1718337540000,66744.40,66750.00,66741.40,66749.70,23.087,1718337599999,1540946.44840,430,17.365,1159021.17970,0
1718337600000,66749.80,66766.00,66749.70,66765.90,27.531,1718337659999,1837819.70240,693,17.296,1154591.45430,0
1718337660000,66766.00,66778.90,66755.60,66778.90,36.320,1718337719999,2424880.97140,526,15.182,1013610.60090,0
1718337720000,66779.00,66799.60,66774.90,66799.60,61.747,1718337779999,4124067.60760,927,43.794,2924933.85920,0
1718337780000,66799.60,66809.00,66792.40,66792.50,97.051,1718337839999,6483161.47590,827,80.352,5367593.46990,0
1718337840000,66792.40,66792.50,66772.40,66780.10,43.059,1718337899999,2875475.61260,921,19.542,1304947.59690,0
1718337900000,66780.10,66805.00,66780.00,66804.00,67.020,1718337959999,4475898.77870,609,61.502,4107289.31600,0
1718337960000,66804.00,66810.00,66803.90,66810.00,11.065,1718338019999,739243.09210,410,8.417,562331.52480,0
1718338020000,66810.00,66810.00,66794.00,66794.10,15.186,1718338079999,1014467.32280,508,3.389,226382.09870,0
1718338080000,66794.10,66794.10,66775.00,66775.10,27.551,1718338139999,1840041.32520,637,6.773,452365.24860,0
1718338140000,66775.00,66810.50,66775.00,66810.40,54.311,1718338199999,3627609.05290,737,49.105,3279800.89860,0
1718338200000,66810.50,66810.50,66792.00,66794.80,43.682,1718338259999,2918072.30730,735,10.933,730314.42240,0
1718338260000,66794.80,66808.90,66794.70,66794.70,19.334,1718338319999,1291564.14440,551,8.352,557924.72440,0
1718338320000,66794.80,66794.80,66789.10,66789.20,8.060,1718338379999,538332.74960,258,2.923,195225.83440,0
1718338380000,66789.20,66789.20,66780.10,66786.70,28.796,1718338439999,1923086.85340,532,23.359,1559973.14410,0
1718338440000,66786.70,66795.80,66786.70,66795.70,20.632,1718338499999,1378037.13380,376,14.778,987036.89670,0
1718338500000,66795.80,66800.50,66788.40,66788.40,23.386,1718338559999,1562125.55470,614,8.065,538726.37630,0
1718338560000,66788.50,66792.40,66788.40,66788.50,14.542,1718338619999,971262.38680,397,7.873,525834.18030,0
1718338620000,66788.40,66789.90,66779.60,66788.30,96.290,1718338679999,6430477.93430,740,80.687,5388421.47120,0
1718338680000,66788.20,66792.30,66774.30,66774.30,16.471,1718338739999,1100053.01230,497,3.505,234102.54280,0
1718338740000,66774.40,66774.40,66758.00,66758.00,32.443,1718338799999,2166081.37130,919,8.064,538377.52960,0
1718338800000,66758.10,66758.10,66741.50,66741.50,26.128,1718338859999,1744079.70530,650,6.042,403291.76250,0
1718338860000,66741.50,66778.00,66738.00,66769.40,48.602,1718338919999,3244677.55890,996,33.849,2259699.42740,0
1718338920000,66769.40,66775.50,66766.60,66772.40,16.690,1718338979999,1114413.34770,317,3.927,262214.62500,0
1718338980000,66772.50,66772.50,66758.60,66766.70,18.954,1718339039999,1265453.05330,449,9.036,603265.89910,0
1718339040000,66766.60,66772.70,66766.60,66772.60,6.673,1718339099999,445551.34460,216,5.651,377314.42560,0
1718339100000,66772.70,66795.80,66772.60,66795.80,35.328,1718339159999,2359387.98020,689,33.420,2231961.67260,0
1718339160000,66795.70,66807.80,66795.30,66795.40,90.045,1718339219999,6015379.49270,849,54.266,3625154.14290,0
1718339220000,66795.30,66798.90,66792.40,66798.90,26.347,1718339279999,1759820.54400,327,15.683,1047532.46510,0
1718339280000,66798.90,66821.10,66798.80,66821.10,35.942,1718339339999,2401305.39510,688,29.863,1995182.89530,0
1718339340000,66821.00,66832.60,66821.00,66830.80,44.522,1718339399999,2975316.73660,741,38.978,2604810.50320,0
1718339400000,66830.90,66835.30,66807.90,66807.90,132.903,1718339459999,8881579.24710,963,12.444,831643.13060,0
1718339460000,66807.90,66813.60,66803.70,66803.70,46.454,1718339519999,3103584.07060,651,11.281,753661.51320,0
1718339520000,66803.80,66804.30,66783.90,66783.90,136.134,1718339579999,9093478.97050,747,17.437,1164595.98380,0
1718339580000,66783.90,66784.00,66770.10,66770.10,16.515,1718339639999,1102825.72820,400,1.209,80728.91410,0
1718339640000,66770.10,66770.20,66756.10,66756.20,18.552,1718339699999,1238599.08550,416,2.268,151422.39620,0
1718339700000,66756.20,66779.80,66747.30,66767.00,92.253,1718339759999,6159213.43820,1335,57.078,3810724.92570,0
1718339760000,66767.00,66776.90,66763.40,66770.60,28.440,1718339819999,1898993.47520,520,23.900,1595836.75240,0
1718339820000,66770.60,66776.50,66764.00,66764.00,15.364,1718339879999,1025868.55400,363,10.104,674654.73500,0
1718339880000,66764.10,66764.10,66744.30,66744.30,10.170,1718339939999,678875.64400,453,2.262,151002.83830,0
1718339940000,66744.40,66761.40,66744.30,66746.30,40.242,1718339999999,2686255.09310,805,18.467,1232732.72210,0
1718340000000,66746.40,66752.90,66744.40,66752.80,25.095,1718340059999,1675019.31670,436,15.291,1020636.89460,0
1718340060000,66752.90,66752.90,66734.40,66734.40,25.874,1718340119999,1726943.19570,519,5.812,387919.21620,0
1718340120000,66734.40,66734.50,66719.60,66719.60,38.219,1718340179999,2550356.69190,592,3.307,220688.41340,0
1718340180000,66719.70,66737.10,66719.60,66732.60,36.086,1718340239999,2408110.67690,597,19.079,1273136.22920,0
1718340240000,66732.70,66732.80,66724.10,66732.70,20.855,1718340299999,1391619.60540,502,16.631,1109755.62820,0
1718340300000,66732.80,66746.80,66721.60,66721.70,34.859,1718340359999,2326356.13240,807,20.445,1364473.58480,0
1718340360000,66721.60,66724.60,66714.70,66722.90,28.236,1718340419999,1883900.93570,566,15.694,1047106.02530,0
1718340420000,66722.80,66735.10,66722.80,66735.10,38.227,1718340479999,2550920.64190,509,26.739,1784274.94660,0
1718340480000,66735.10,66735.10,66724.50,66724.60,8.229,1718340539999,549144.57010,318,2.126,141873.42890,0
1718340540000,66724.50,66724.60,66724.50,66724.60,4.483,1718340599999,299126.14280,243,2.093,139654.58780,0
1718340600000,66724.60,66760.20,66724.50,66751.90,53.443,1718340659999,3567090.28290,1080,43.851,2926794.03970,0
1718340660000,66751.80,66767.80,66751.80,66755.20,23.183,1718340719999,1547755.36380,542,14.179,946608.73290,0
1718340720000,66754.50,66754.50,66728.40,66732.80,14.397,1718340779999,960811.68080,450,7.771,518584.27260,0
1718340780000,66732.80,66734.90,66730.00,66730.10,15.140,1718340839999,1010328.37740,258,6.408,427621.57140,0
1718340840000,66730.00,66733.30,66728.70,66728.80,8.001,1718340899999,533905.27040,226,4.486,299348.84890,0
1718340900000,66728.80,66740.40,66728.70,66740.30,21.248,1718340959999,1417992.78610,366,10.258,684562.03590,0
1718340960000,66740.30,66740.40,66728.40,66729.50,13.675,1718341019999,912569.71540,371,7.008,467642.58580,0
1718341020000,66729.50,66729.60,66725.20,66725.30,13.109,1718341079999,874716.79940,232,5.946,396753.09880,0
1718341080000,66725.20,66732.80,66725.20,66732.70,14.774,1718341139999,985825.49810,324,12.064,804995.54400,0
1718341140000,66732.80,66732.80,66719.60,66719.70,10.329,1718341199999,689211.16180,294,2.269,151400.29170,0
1718341200000,66719.70,66767.60,66719.60,66767.60,61.976,1718341259999,4136458.63140,1093,54.843,3660512.70560,0
1718341260000,66767.80,66767.80,66729.80,66729.80,22.953,1718341319999,1532134.04310,469,4.422,295105.10530,0
1718341320000,66729.90,66729.90,66712.80,66712.80,15.337,1718341379999,1023243.36850,365,3.110,207488.32690,0
1718341380000,66712.80,66714.90,66710.80,66714.90,62.036,1718341439999,4138616.20110,652,33.325,2223226.59290,0
1718341440000,66714.90,66780.30,66714.90,66771.90,203.048,1718341499999,13551419.60100,1629,184.672,12324325.95180,0
1718341500000,66772.00,66797.90,66771.90,66794.60,101.129,1718341559999,6754175.97280,1157,81.857,5467117.87480,0
1718341560000,66794.60,66809.90,66781.30,66797.20,88.615,1718341619999,5919415.73410,1090,59.015,3942332.31050,0
1718341620000,66797.30,66797.30,66773.90,66775.20,30.785,1718341679999,2055815.11790,437,16.521,1103219.19400,0
1718341680000,66775.20,66792.00,66775.20,66791.90,44.495,1718341739999,2971543.56100,479,35.793,2390430.75460,0
1718341740000,66792.00,66810.00,66791.90,66810.00,30.369,1718341799999,2028723.21080,510,26.050,1740189.57040,0
1718341800000,66810.00,66810.10,66797.10,66805.00,47.220,1718341859999,3154591.76490,643,27.399,1830406.45110,0
1718341860000,66805.00,66805.10,66799.80,66799.90,14.941,1718341919999,998078.86760,339,7.131,476359.08220,0
1718341920000,66799.90,66805.10,66777.70,66778.80,53.446,1718341979999,3569601.26230,601,5.850,390758.48130,0
1718341980000,66778.90,66787.90,66778.90,66787.80,10.197,1718342039999,680998.07400,298,8.906,594777.46460,0
1718342040000,66787.90,66787.90,66767.50,66767.60,32.947,1718342099999,2200106.38900,508,3.490,233055.76280,0
1718342100000,66767.60,66786.40,66767.50,66781.60,23.942,1718342159999,1598731.12370,535,16.504,1102045.47050,0
1718342160000,66781.70,66792.30,66775.70,66792.10,28.706,1718342219999,1917180.31670,453,8.952,597871.24150,0
1718342220000,66792.10,66792.10,66785.00,66785.00,10.130,1718342279999,676563.07310,208,4.273,285381.22680,0
1718342280000,66785.10,66787.40,66785.00,66787.30,13.406,1718342339999,895340.86860,241,6.376,425828.47950,0
1718342340000,66787.40,66808.00,66787.30,66801.60,38.297,1718342399999,2558378.82490,679,22.476,1501476.31810,0
1718342400000,66801.70,66801.70,66776.80,66779.10,16.094,1718342459999,1074903.66620,554,5.366,358377.51860,0
1718342460000,66779.10,66803.60,66779.10,66803.50,93.874,1718342519999,6269873.56390,756,86.428,5772595.28590,0
1718342520000,66803.60,66814.40,66803.50,66814.40,19.088,1718342579999,1275241.76740,385,17.136,1144829.54530,0
1718342580000,66814.40,66818.00,66809.90,66817.90,15.490,1718342639999,1034933.60220,423,10.193,681020.68180,0
1718342640000,66818.00,66828.30,66812.80,66818.00,26.470,1718342699999,1768782.28000,524,20.362,1360636.09930,0
1718342700000,66818.10,66833.00,66815.70,66833.00,22.219,1718342759999,1484821.75210,442,17.617,1177294.97820,0
1718342760000,66833.00,66838.80,66832.90,66834.90,58.727,1718342819999,3925001.26800,743,46.169,3085684.29020,0
1718342820000,66834.90,66834.90,66819.90,66828.70,21.663,1718342879999,1447758.15530,406,6.315,422019.08500,0
1718342880000,66828.60,66841.20,66828.60,66836.20,18.654,1718342939999,1246768.55480,467,14.384,961369.84060,0
1718342940000,66836.20,66840.70,66834.00,66834.00,12.066,1718342999999,806434.21390,271,4.083,272894.21520,0
1718343000000,66834.10,66891.00,66819.00,66874.50,280.345,1718343059999,18743482.52880,3973,146.304,9781504.02700,0
1718343060000,66874.50,66908.60,66851.40,66904.10,287.896,1718343119999,19257532.65070,2898,240.011,16054570.59260,0
1718343120000,66904.00,66918.80,66891.90,66907.10,160.891,1718343179999,10764131.03020,1511,48.815,3266049.65650,0
1718343180000,66907.10,66910.30,66900.00,66908.00,96.243,1718343239999,6438983.95260,1053,47.408,3171756.00920,0
1718343240000,66908.00,66936.90,66908.00,66927.90,131.168,1718343299999,8778340.24830,1768,103.698,6939828.83820,0
1718343300000,66928.00,66950.50,66912.30,66950.00,344.841,1718343359999,23082900.12190,2777,246.833,16521890.13140,0
1718343360000,66950.00,66966.00,66950.00,66966.00,168.169,1718343419999,11260373.52180,1803,132.527,8873795.59920,0
1718343420000,66966.00,67181.40,66966.00,67128.50,1025.701,1718343479999,68813699.02730,12657,775.435,52018689.26050,0
1718343480000,67128.50,67135.00,67104.50,67118.50,355.894,1718343539999,23887482.47840,3804,144.366,9689503.25620,0
1718343540000,67118.60,67130.00,67060.00,67068.30,287.544,1718343599999,19293346.96460,2528,60.204,4039730.04600,0
1718343600000,67068.30,67068.40,66989.40,66995.10,261.235,1718343659999,17507699.04930,2923,42.920,2876121.83490,0
1718343660000,66995.10,67044.20,66993.80,66999.90,289.342,1718343719999,19392014.60150,2628,173.590,11633776.11310,0
1718343720000,66999.90,67063.80,66987.40,67057.30,295.867,1718343779999,19830766.24270,2723,226.329,15168950.99540,0
1718343780000,67057.30,67099.70,67057.30,67096.40,143.130,1718343839999,9602479.04100,1640,63.350,4249991.81970,0
1718343840000,67096.30,67149.50,67095.00,67113.60,243.391,1718343899999,16337253.94210,3477,138.899,9323241.03640,0
1718343900000,67113.60,67188.00,67081.40,67178.00,581.068,1718343959999,39013162.65110,4838,389.950,26181415.29670,0
1718343960000,67178.10,67228.20,67151.90,67202.40,713.865,1718344019999,47962338.45190,6200,399.709,26855267.84440,0
1718344020000,67202.50,67222.10,67100.80,67100.80,316.129,1718344079999,21234514.91690,3048,98.147,6592582.54280,0
1718344080000,67100.90,67169.00,67100.80,67114.60,143.693,1718344139999,9646768.03120,2362,60.716,4076357.62880,0
1718344140000,67114.60,67125.10,67103.00,67108.10,112.991,1718344199999,7583183.96280,1403,41.792,2804706.05660,0
1718344200000,67108.10,67108.10,67052.80,67056.60,261.783,1718344259999,17561407.44160,1934,33.724,2261851.98080,0
1718344260000,67056.50,67056.60,67025.50,67033.10,178.157,1718344319999,11943317.61530,1808,61.107,4096314.54930,0
1718344320000,67033.10,67052.00,67033.10,67033.10,73.729,1718344379999,4943390.81700,883,23.524,1577215.20080,0
1718344380000,67033.10,67033.20,67010.20,67010.30,95.813,1718344439999,6421568.54870,1009,30.472,2042254.97540,0
1718344440000,67010.20,67059.80,67010.20,67039.90,87.505,1718344499999,5865913.64000,1163,43.001,2882652.72110,0
1718344500000,67039.90,67073.00,67024.10,67067.70,112.690,1718344559999,7555681.51820,1571,62.632,4199493.09590,0
1718344560000,67067.70,67122.10,67067.70,67105.30,128.378,1718344619999,8614518.93190,1746,92.935,6236118.91150,0
1718344620000,67105.20,67144.80,67105.20,67138.10,80.696,1718344679999,5417611.89240,1035,41.048,2755680.56540,0
1718344680000,67138.00,67138.10,67069.20,67069.20,92.425,1718344739999,6201126.19320,1104,24.494,1643491.93110,0
1718344740000,67069.20,67129.60,67058.00,67058.00,205.678,1718344799999,13800196.89140,1912,125.528,8423343.59610,0
1718344800000,67058.00,67099.40,67043.40,67043.40,150.311,1718344859999,10081459.30790,1852,67.024,4495209.34220,0
1718344860000,67043.50,67051.80,67021.20,67051.70,145.993,1718344919999,9786681.77900,1497,50.034,3354050.82950,0
1718344920000,67051.70,67053.10,67016.90,67017.00,74.242,1718344979999,4976785.97180,1009,23.648,1585269.43350,0
1718344980000,67016.90,67016.90,66978.10,66980.10,147.344,1718345039999,9871032.92270,1770,56.455,3781945.91870,0
1718345040000,66980.00,66993.80,66965.00,66966.00,121.898,1718345099999,8164290.38320,1420,51.267,3433631.24110,0
1718345100000,66966.00,66985.00,66954.80,66985.00,75.430,1718345159999,5051724.32010,926,51.062,3419833.54460,0
1718345160000,66985.00,67010.60,66984.90,67010.50,61.079,1718345219999,4092071.85710,739,46.876,3140541.09600,0
1718345220000,67010.50,67017.80,66970.40,66970.40,74.135,1718345279999,4967095.57930,1112,21.900,1467296.36930,0
1718345280000,66970.50,66999.30,66957.10,66999.20,98.984,1718345339999,6629042.84080,1257,42.739,2862310.13860,0
1718345340000,66999.30,67007.90,66978.20,66978.20,56.117,1718345399999,3759569.16270,829,28.944,1939135.54650,0
1718345400000,66978.30,67003.80,66978.30,66986.40,44.183,1718345459999,2960048.04780,757,22.832,1529562.38210,0
1718345460000,66986.30,67017.50,66978.60,67017.40,52.881,1718345519999,3543025.11960,768,37.215,2493420.06780,0
1718345520000,67017.50,67054.00,67017.50,67054.00,51.226,1718345579999,3434238.48290,1149,41.101,2755360.23960,0
1718345580000,67054.00,67054.00,67000.20,67019.50,57.713,1718345639999,3868665.06420,924,12.976,869663.64510,0
1718345640000,67019.50,67033.00,67014.10,67030.90,50.030,1718345699999,3353359.71030,1023,20.710,1388121.02630,0
1718345700000,67031.00,67042.00,67027.50,67040.10,69.741,1718345759999,4675147.68920,981,45.390,3042804.22700,0
1718345760000,67040.00,67080.90,67040.00,67080.90,57.089,1718345819999,3828708.79580,1052,50.424,3381748.07360,0
1718345820000,67080.90,67098.60,67080.80,67081.10,130.500,1718345879999,8755388.47970,1161,63.097,4233188.02860,0
1718345880000,67081.20,67087.90,67071.90,67077.50,60.923,1718345939999,4086679.41070,876,28.599,1918437.48230,0
1718345940000,67077.60,67106.50,67077.60,67106.50,77.090,1718345999999,5172568.35850,798,60.200,4039297.96670,0
1718346000000,67106.50,67126.70,67090.60,67090.70,110.549,1718346059999,7419062.24830,1386,59.529,3995303.56180,0
1718346060000,67090.60,67095.30,67068.30,67071.30,39.606,1718346119999,2656989.91370,736,16.020,1074751.75000,0
1718346120000,67071.40,67094.90,67071.40,67090.60,27.597,1718346179999,1851480.82470,518,14.075,944276.85270,0
1718346180000,67090.60,67091.50,67090.50,67091.40,27.422,1718346239999,1839774.68910,371,12.602,845483.12700,0
1718346240000,67091.40,67101.90,67080.40,67080.50,47.051,1718346299999,3156807.21130,661,20.188,1354481.57360,0
1718346300000,67080.40,67083.10,67053.60,67054.50,52.405,1718346359999,3514609.57050,749,7.588,508932.92900,0
1718346360000,67054.50,67066.10,66961.10,66970.30,464.882,1718346419999,31151453.82470,3711,51.080,3423505.04170,0
1718346420000,66970.30,67005.40,66955.30,66996.30,196.142,1718346479999,13136634.57300,1799,61.677,4130854.43710,0
1718346480000,66996.30,67016.20,66977.00,66986.40,199.213,1718346539999,13346084.41600,1715,44.354,2971452.59180,0
1718346540000,66986.40,66986.40,66887.00,66912.30,485.363,1718346599999,32488055.95980,5444,78.048,5223585.98220,0
1718346600000,66912.30,66962.90,66872.00,66882.90,316.402,1718346659999,21168950.10800,3767,82.543,5522826.06970,0
1718346660000,66882.80,66951.20,66876.10,66951.10,89.231,1718346719999,5970290.07930,1446,65.022,4350709.75380,0
1718346720000,66951.10,66976.20,66938.30,66976.10,84.335,1718346779999,5646945.37820,1194,64.149,4295327.57100,0
1718346780000,66976.10,66980.40,66925.90,66939.50,126.194,1718346839999,8448846.30240,1662,24.075,1612007.68050,0
1718346840000,66939.50,66950.20,66909.70,66912.10,105.567,1718346899999,7066132.39970,1596,19.151,1281922.09560,0
1718346900000,66912.00,66943.20,66891.80,66940.00,103.421,1718346959999,6920450.49450,1451,42.119,2818378.03350,0
1718346960000,66940.00,66940.00,66900.00,66906.80,98.111,1718347019999,6565456.77280,1454,13.438,899207.52140,0
1718347020000,66906.80,66908.90,66875.00,66897.50,86.337,1718347079999,5775241.42260,1317,45.112,3017592.32100,0
1718347080000,66897.50,66929.10,66890.80,66892.10,105.909,1718347139999,7085792.60350,1466,33.197,2221215.33540,0
1718347140000,66892.20,66892.20,66885.60,66889.20,46.699,1718347199999,3123612.44310,623,31.332,2095736.88980,0
1718347200000,66889.30,66920.70,66885.90,66916.80,92.043,1718347259999,6158406.45220,1147,72.471,4848861.10080,0
1718347260000,66916.80,66946.30,66916.70,66940.60,74.833,1718347319999,5008814.37880,998,63.791,4269714.57790,0
1718347320000,66940.70,66970.90,66940.50,66953.10,107.502,1718347379999,7197765.74980,1592,77.479,5187574.50330,0
1718347380000,66953.10,66988.00,66944.90,66983.40,157.217,1718347439999,10527671.93380,1595,75.481,5054376.02870,0
1718347440000,66983.40,66993.60,66973.40,66974.40,73.072,1718347499999,4894664.64830,1142,36.806,2465552.66000,0
1718347500000,66974.40,66974.40,66947.00,66961.10,60.681,1718347559999,4063096.34560,1039,21.388,1432009.16110,0
1718347560000,66961.20,67027.40,66961.10,67016.80,147.574,1718347619999,9888133.47450,1918,63.494,4253675.04280,0
1718347620000,67016.90,67062.10,66997.00,67010.10,206.348,1718347679999,13830644.24770,2847,61.402,4115420.60020,0
1718347680000,67010.20,67016.90,66989.60,67012.50,58.303,1718347739999,3906350.06410,1041,26.917,1803449.27840,0
1718347740000,67012.60,67031.80,67011.00,67011.00,48.962,1718347799999,3281548.74890,762,21.990,1473828.92150,0
1718347800000,67011.10,67011.10,66958.80,66959.20,106.951,1718347859999,7163727.88430,1546,10.392,696035.37580,0
1718347860000,66959.30,67011.30,66959.20,67005.20,155.316,1718347919999,10402821.07050,1508,119.046,7973432.68800,0
1718347920000,67005.20,67005.20,66935.00,66975.60,187.157,1718347979999,12532524.24840,2277,36.459,2441079.31160,0
1718347980000,66975.50,66987.70,66975.50,66983.70,12.645,1718348039999,846989.15670,440,6.596,441816.06370,0
1718348040000,66983.60,66988.20,66980.10,66980.20,27.868,1718348099999,1866682.42310,565,15.521,1039619.37520,0
1718348100000,66980.20,66986.80,66961.70,66961.70,37.223,1718348159999,2492901.15020,831,10.247,686278.20480,0
1718348160000,66961.80,66967.90,66943.30,66967.80,47.663,1718348219999,3191143.22680,774,21.278,1424565.61220,0
1718348220000,66967.90,66997.50,66967.80,66988.50,18.037,1718348279999,1208273.12280,555,8.795,589132.76360,0
1718348280000,66988.60,66999.00,66963.20,66963.20,77.228,1718348339999,5172955.09520,1253,11.845,793321.27650,0
1718348340000,66963.30,66975.30,66958.30,66958.30,32.314,1718348399999,2164046.37920,580,22.384,1499066.88660,0
1718348400000,66958.30,66992.20,66953.70,66992.20,49.026,1718348459999,3283441.25110,967,28.254,1892359.49810,0
1718348460000,66992.10,67013.20,66992.10,67013.20,61.491,1718348519999,4120117.22270,1024,46.479,3114236.95020,0
1718348520000,67013.20,67035.30,67002.20,67002.20,45.275,1718348579999,3034218.25520,898,26.432,1771454.97630,0
1718348580000,67002.20,67002.30,66965.60,66965.60,24.941,1718348639999,1670665.03520,831,5.823,390039.48240,0
1718348640000,66965.70,66994.10,66965.70,66976.20,21.532,1718348699999,1442282.84050,600,11.045,739798.90850,0
1718348700000,66976.10,66986.00,66964.00,66980.40,41.493,1718348759999,2779012.12660,808,13.450,900802.52740,0
1718348760000,66980.40,66983.00,66960.00,66972.00,34.379,1718348819999,2302540.18560,664,7.133,477681.38990,0
1718348820000,66971.00,66988.00,66963.50,66988.00,45.486,1718348879999,3046408.43310,555,24.404,1634437.12370,0
1718348880000,66988.00,66994.10,66988.00,66994.10,36.113,1718348939999,2419269.22590,392,30.001,2009809.60240,0
1718348940000,66994.10,66994.10,66959.00,66963.30,41.089,1718348999999,2751609.65080,615,5.751,385122.29790,0
1718349000000,66963.30,67005.90,66963.30,67005.80,78.288,1718349059999,5244363.14400,697,64.995,4354053.96230,0
1718349060000,67005.90,67020.00,66990.00,66991.70,63.696,1718349119999,4268407.43350,966,12.604,844626.05610,0
1718349120000,66991.70,67019.90,66991.70,67010.10,59.130,1718349179999,3962338.69270,714,42.730,2863318.31810,0
1718349180000,67010.10,67011.00,66995.10,66995.20,19.536,1718349239999,1308969.94700,556,6.648,445434.49560,0
1718349240000,66995.10,67006.20,66995.10,67003.30,23.373,1718349299999,1565990.79860,471,13.278,889615.60380,0
1718349300000,67003.20,67013.50,66996.00,67013.00,34.821,1718349359999,2333090.84070,907,19.054,1276643.01960,0
1718349360000,67013.00,67046.40,67009.00,67035.30,105.687,1718349419999,7084149.07730,1422,69.450,4655234.72720,0
1718349420000,67035.20,67050.00,67029.60,67029.70,43.692,1718349479999,2929170.07250,711,23.439,1571409.76570,0
1718349480000,67029.70,67029.70,66988.60,66988.70,79.177,1718349539999,5305277.86440,1289,14.846,994689.24450,0
1718349540000,66988.70,66988.70,66969.10,66978.90,43.773,1718349599999,2931690.15040,866,12.142,813162.61780,0
1718349600000,66979.00,66990.90,66972.30,66972.40,34.172,1718349659999,2288861.36550,658,11.423,765141.55620,0
1718349660000,66972.40,67007.20,66972.30,66994.20,23.151,1718349719999,1550964.61990,717,16.341,1094694.29070,0
1718349720000,66994.20,67011.70,66994.10,66995.50,15.019,1718349779999,1006288.10990,474,8.261,553497.92120,0
1718349780000,66995.50,67004.00,66992.20,66992.30,16.875,1718349839999,1130583.86270,384,3.271,219146.04250,0
1718349840000,66992.30,66992.30,66960.00,66960.00,46.407,1718349899999,3108091.30160,615,3.751,251196.78990,0
1718349900000,66960.00,66967.30,66954.00,66959.70,70.015,1718349959999,4688262.39750,815,53.919,3610463.90760,0
1718349960000,66959.80,66959.80,66946.90,66951.50,27.700,1718350019999,1854564.16750,517,7.329,490686.60640,0
1718350020000,66954.00,66954.20,66932.80,66932.90,56.702,1718350079999,3796001.29700,664,33.375,2234373.58900,0
1718350080000,66932.90,66956.90,66932.80,66953.30,187.340,1718350139999,12541774.57770,1553,92.673,6203989.30790,0
1718350140000,66953.30,66964.90,66938.00,66941.00,26.630,1718350199999,1782905.84800,586,9.216,617048.52640,0
1718350200000,66941.10,66963.60,66940.60,66940.60,38.373,1718350259999,2569115.79620,660,12.688,849469.96440,0
1718350260000,66940.60,66940.60,66905.70,66923.40,70.785,1718350319999,4736964.28290,1150,19.100,1278098.89150,0
1718350320000,66923.40,66941.50,66915.60,66921.40,44.432,1718350379999,2973668.89900,923,19.287,1290814.39610,0
1718350380000,66921.40,66937.40,66921.40,66926.70,22.401,1718350439999,1499391.84050,547,8.709,582923.86990,0
1718350440000,66926.80,66961.10,66926.70,66957.80,31.947,1718350499999,2138689.49840,621,25.516,1708119.78540,0
1718350500000,66957.90,66967.90,66932.70,66932.80,33.746,1718350559999,2259482.45380,891,11.235,752256.14290,0
1718350560000,66932.80,66967.00,66932.80,66941.80,29.914,1718350619999,2002947.80730,705,13.140,879752.62630,0
1718350620000,66941.90,66954.30,66941.80,66942.10,19.000,1718350679999,1272008.90950,553,13.600,910477.12970,0
1718350680000,66942.10,66969.00,66942.10,66954.00,35.827,1718350739999,2398692.88970,795,27.078,1812909.48700,0
1718350740000,66954.00,66972.70,66954.00,66969.00,23.093,1718350799999,1546426.13370,561,18.048,1208583.06950,0
1718350800000,66969.00,66989.10,66951.10,66951.10,42.655,1718350859999,2856775.59330,957,22.016,1474442.50190,0
1718350860000,66951.10,66976.70,66951.00,66951.00,23.044,1718350919999,1543107.41750,675,16.298,1091357.13240,0
1718350920000,66951.00,66951.10,66927.00,66929.40,36.535,1718350979999,2445568.04700,830,9.773,654185.23060,0
1718350980000,66929.40,66956.80,66929.40,66946.40,20.253,1718351039999,1355847.16540,486,9.004,602765.12240,0
1718351040000,66946.40,66946.40,66932.00,66945.00,21.164,1718351099999,1416700.02800,522,13.472,901781.50300,0
1718351100000,66945.00,66976.60,66945.00,66976.50,27.862,1718351159999,1865889.25380,801,20.282,1358240.20740,0
1718351160000,66976.50,67015.30,66976.50,67015.20,65.447,1718351219999,4384824.10760,968,57.698,3865639.81880,0
1718351220000,67015.20,67028.80,66989.30,66989.30,65.826,1718351279999,4411175.47050,1088,28.184,1888650.76330,0
1718351280000,66989.30,67012.70,66986.50,66986.50,51.325,1718351339999,3438734.04260,774,29.192,1955694.03780,0
1718351340000,66986.50,67015.30,66986.50,67015.30,42.210,1718351399999,2828074.60010,774,33.340,2233729.66900,0
1718351400000,67015.30,67023.00,67005.20,67023.00,46.042,1718351459999,3085446.58500,703,21.436,1436477.64600,0
1718351460000,67022.90,67067.60,67022.90,67067.60,92.098,1718351519999,6175127.47180,1343,76.973,5160991.13310,0
1718351520000,67067.60,67097.90,67067.60,67097.90,168.411,1718351579999,11298778.51000,1945,114.784,7700890.85750,0
1718351580000,67097.90,67097.90,67039.20,67039.40,118.632,1718351639999,7955267.39560,1574,32.740,2195214.46060,0
1718351640000,67039.40,67066.60,67039.40,67062.00,73.546,1718351699999,4931838.74020,992,38.481,2580343.87250,0
1718351700000,67062.00,67080.00,67025.80,67025.80,87.163,1718351759999,5844703.04420,1166,40.059,2686237.51880,0
1718351760000,67025.80,67033.30,67011.40,67011.40,37.463,1718351819999,2510782.51520,630,11.526,772534.51780,0
1718351820000,67011.40,67033.40,66993.50,66993.60,71.705,1718351879999,4805326.65090,1096,19.298,1293247.88630,0
1718351880000,66993.60,67002.20,66920.00,66925.10,117.325,1718351939999,7855243.20730,1734,32.017,2143959.28730,0
1718351940000,66925.10,66930.00,66890.10,66906.20,122.981,1718351999999,8228500.82410,1914,60.531,4050070.77190,0
1718352000000,66906.30,66922.40,66902.00,66922.40,63.023,1718352059999,4216869.27590,1229,32.073,2145971.60050,0
1718352060000,66922.40,66950.00,66918.20,66937.40,117.034,1718352119999,7833909.61070,1273,99.896,6686738.90870,0
1718352120000,66937.50,66939.10,66890.10,66900.30,155.634,1718352179999,10413603.65770,1746,37.701,2522762.89630,0
1718352180000,66900.20,66900.20,66868.00,66868.00,90.708,1718352239999,6066382.24320,1348,25.737,1721153.16700,0
1718352240000,66868.00,66939.80,66859.10,66939.70,112.194,1718352299999,7505358.91450,1511,82.942,5548923.94200,0
1718352300000,66939.70,66956.30,66923.70,66925.40,134.838,1718352359999,9026218.53080,1688,50.167,3358193.18780,0
1718352360000,66925.40,66953.60,66923.70,66953.60,60.367,1718352419999,4041242.52330,925,46.920,3141090.76890,0
1718352420000,66953.60,66981.90,66951.40,66981.80,55.875,1718352479999,3741645.19280,1027,38.712,2592301.13740,0
1718352480000,66981.90,67005.00,66981.90,67004.90,38.294,1718352539999,2565475.82670,968,24.414,1635612.88010,0
1718352540000,67005.00,67051.40,67004.90,67051.40,52.083,1718352599999,3491100.35100,1124,41.301,2768398.34300,0
1718352600000,67051.60,67103.50,67051.50,67097.90,247.098,1718352659999,16576557.17330,2427,139.135,9333960.64130,0
1718352660000,67097.90,67128.80,67079.70,67119.30,117.837,1718352719999,7906971.43860,1815,52.422,3517758.74850,0
1718352720000,67118.70,67118.80,67093.20,67118.60,70.996,1718352779999,4764529.30740,1408,23.040,1546243.49170,0
1718352780000,67118.70,67184.00,67110.50,67177.90,330.597,1718352839999,22201572.51090,3355,245.849,16510362.02580,0
1718352840000,67177.80,67210.60,67171.60,67190.20,382.990,1718352899999,25734589.24580,4036,283.406,19043095.06940,0
1718352900000,67190.20,67190.20,67144.20,67150.00,113.220,1718352959999,7603807.63900,2463,34.817,2338199.30590,0
1718352960000,67150.00,67160.00,67122.90,67125.90,93.477,1718353019999,6275744.84160,1984,33.132,2224346.14250,0
1718353020000,67125.90,67187.40,67125.90,67156.80,79.292,1718353079999,5325422.33590,2109,41.305,2774065.89950,0
1718353080000,67156.90,67250.00,67150.00,67193.50,549.029,1718353139999,36894911.15560,6963,325.422,21867928.33760,0
1718353140000,67193.60,67199.20,67162.00,67166.10,73.051,1718353199999,4907643.00060,1412,35.699,2398354.56170,0
1718353200000,67166.20,67182.60,67150.00,67150.10,60.347,1718353259999,4053026.07380,1373,14.022,941832.91900,0
1718353260000,67150.10,67230.00,67150.00,67217.30,135.371,1718353319999,9097002.15570,2149,76.115,5114857.78800,0
1718353320000,67217.30,67217.30,67184.00,67184.10,104.591,1718353379999,7028775.96620,1639,49.234,3308646.15490,0
1718353380000,67184.00,67184.10,67119.00,67128.50,98.881,1718353439999,6639931.45900,1627,20.288,1362397.46800,0
1718353440000,67128.50,67162.00,67128.50,67147.20,55.310,1718353499999,3713603.98790,1116,27.179,1824820.74990,0
1718353500000,67147.10,67152.80,67119.30,67119.40,28.851,1718353559999,1937115.01400,803,8.747,587309.70250,0
1718353560000,67119.30,67119.40,67090.60,67095.20,72.117,1718353619999,4839268.46680,1273,9.130,612622.68040,0
1718353620000,67095.30,67119.60,67095.20,67119.50,41.618,1718353679999,2792860.04730,812,23.912,1604693.39720,0
1718353680000,67119.60,67162.90,67119.50,67161.80,99.364,1718353739999,6672056.07240,1232,34.527,2318035.18960,0
1718353740000,67161.80,67177.50,67139.00,67142.20,71.525,1718353799999,4803743.12220,1094,37.175,2496778.30580,0
1718353800000,67142.20,67165.20,67131.90,67152.50,58.162,1718353859999,3905539.10730,995,24.663,1656041.23360,0
1718353860000,67152.50,67152.50,67117.00,67126.50,38.955,1718353919999,2614925.64590,792,15.361,1031063.42160,0
1718353920000,67126.40,67144.20,67100.00,67122.20,61.345,1718353979999,4117274.76840,1346,24.699,1657785.40340,0
1718353980000,67122.20,67135.00,67099.30,67099.30,31.977,1718354039999,2146328.43340,619,16.171,1085446.00190,0
1718354040000,67099.40,67099.40,67070.00,67074.10,94.307,1718354099999,6326102.54820,1394,39.420,2644249.45750,0
1718354100000,67074.20,67112.80,67068.00,67112.70,100.792,1718354159999,6761067.15590,1294,64.400,4319992.29710,0
1718354160000,67112.80,67139.30,67111.30,67111.30,41.238,1718354219999,2768131.57000,846,25.725,1726786.47060,0
1718354220000,67111.30,67141.80,67110.00,67114.80,27.679,1718354279999,1858007.56520,786,16.272,1092194.65540,0
1718354280000,67114.80,67150.00,67114.70,67132.80,16.758,1718354339999,1125008.61410,724,11.613,779575.58520,0
1718354340000,67132.90,67132.90,67107.50,67107.60,19.278,1718354399999,1294021.98520,631,6.831,458533.34110,0
1718354400000,67107.60,67176.40,67107.50,67176.40,34.573,1718354459999,2321265.75080,1001,30.769,2065893.03080,0
1718354460000,67176.40,67183.90,67150.50,67157.80,70.557,1718354519999,4739113.01300,993,36.000,2418149.99110,0
1718354520000,67157.80,67177.50,67143.70,67143.70,42.450,1718354579999,2851096.31950,1029,18.948,1272562.30780,0
1718354580000,67143.80,67165.00,67143.70,67144.70,26.579,1718354639999,1784878.85210,589,13.365,897498.68410,0
1718354640000,67144.80,67176.40,67144.70,67154.40,33.979,1718354699999,2282051.36670,817,17.959,1206138.92840,0
1718354700000,67154.40,67154.40,67119.00,67126.00,69.172,1718354759999,4643995.63620,1228,27.685,1858677.41850,0
1718354760000,67126.00,67185.60,67126.00,67185.60,109.871,1718354819999,7379160.41290,1361,72.016,4837072.61900,0
1718354820000,67185.50,67227.30,67168.70,67186.40,174.449,1718354879999,11722517.74050,2080,106.362,7147437.93960,0
1718354880000,67186.40,67204.60,67186.40,67188.50,85.297,1718354939999,5731229.95640,1037,48.427,3253824.63110,0
1718354940000,67188.50,67194.80,67170.40,67182.30,54.867,1718354999999,3686272.87130,908,18.132,1218166.25820,0
1718355000000,67182.30,67212.80,67182.30,67199.90,67.251,1718355059999,4519278.71650,1043,46.127,3099680.81490,0
1718355060000,67199.90,67199.90,67163.70,67163.70,59.712,1718355119999,4011077.91200,1039,13.459,904059.64990,0
1718355120000,67163.80,67213.20,67160.00,67200.00,152.733,1718355179999,10263167.24630,1784,115.844,7784222.09800,0
1718355180000,67200.00,67205.00,67160.60,67175.40,84.337,1718355239999,5666404.51180,1100,16.238,1090948.76770,0
1718355240000,67175.40,67182.40,67175.40,67180.00,26.024,1718355299999,1748308.06110,465,12.881,865352.36090,0
1718355300000,67180.10,67191.60,67159.20,67159.20,41.622,1718355359999,2795930.14340,795,16.108,1082088.60700,0
1718355360000,67159.10,67159.10,67125.20,67125.20,50.271,1718355419999,3375351.69080,959,7.986,536209.93400,0
1718355420000,67125.30,67143.10,67121.60,67122.10,73.800,1718355479999,4954069.05430,1063,43.282,2905407.62940,0
1718355480000,67122.20,67178.70,67122.10,67159.30,41.080,1718355539999,2758856.35570,967,20.062,1347224.41510,0
1718355540000,67159.40,67159.40,67140.20,67140.30,59.426,1718355599999,3990472.58340,643,9.955,668536.26780,0
1718355600000,67140.30,67145.40,67089.90,67090.70,75.085,1718355659999,5039109.16530,1406,16.987,1140271.50090,0
1718355660000,67090.70,67090.70,67051.10,67058.20,153.542,1718355719999,10297683.01190,1515,28.188,1890594.16390,0
1718355720000,67058.30,67098.50,67055.00,67098.50,109.404,1718355779999,7338252.64340,1341,68.604,4601684.69640,0
1718355780000,67098.50,67100.00,67081.80,67091.50,43.324,1718355839999,2906825.43540,817,16.202,1087058.71430,0
1718355840000,67091.50,67118.00,67091.40,67118.00,26.947,1718355899999,1808389.48930,691,18.996,1274792.90990,0
1718355900000,67118.00,67129.30,67081.20,67081.20,41.004,1718355959999,2752014.21230,782,14.051,943117.30850,0
1718355960000,67081.20,67083.00,67067.50,67074.00,50.319,1718356019999,3375035.07530,798,30.784,2064807.21850,0
1718356020000,67074.10,67096.20,67070.50,67096.20,36.482,1718356079999,2447389.19450,782,31.023,2081198.99580,0
1718356080000,67096.20,67098.70,67073.10,67075.30,19.686,1718356139999,1320642.22350,604,8.456,567240.18930,0
1718356140000,67075.20,67091.60,67061.70,67070.00,115.718,1718356199999,7762718.97150,1039,18.515,1241878.31700,0
1718356200000,67070.00,67090.00,67070.00,67087.40,41.166,1718356259999,2761600.24100,655,32.177,2158563.20050,0
1718356260000,67087.40,67096.00,67053.70,67053.80,84.734,1718356319999,5684322.25460,945,50.281,3373342.69440,0
1718356320000,67053.70,67054.00,67034.00,67034.60,45.125,1718356379999,3025297.45770,934,14.440,968078.97180,0
1718356380000,67034.60,67034.60,66996.60,67020.90,201.071,1718356439999,13473730.14910,2446,81.157,5438244.57330,0
1718356440000,67020.90,67084.80,67002.80,67077.90,307.583,1718356499999,20620475.76680,3327,198.930,13335864.30390,0
1718356500000,67077.90,67077.90,67035.00,67037.70,64.472,1718356559999,4322657.59570,910,17.996,1206478.93430,0
1718356560000,67037.80,67043.40,67035.00,67035.10,23.995,1718356619999,1608617.27350,555,8.969,601269.21350,0
1718356620000,67035.20,67038.90,67027.90,67038.80,42.249,1718356679999,2832132.01000,510,14.618,979908.67740,0
1718356680000,67038.90,67043.10,67030.50,67035.20,21.346,1718356739999,1431008.11710,504,8.567,574328.88230,0
1718356740000,67035.10,67036.20,67003.00,67003.10,154.542,1718356799999,10357890.20250,1556,16.210,1086315.73720,0
1718356800000,67003.00,67034.60,67002.70,67014.10,94.548,1718356859999,6336698.59600,1129,62.625,4197081.78860,0
1718356860000,67014.10,67038.30,67014.00,67038.30,39.647,1718356919999,2657322.16130,584,31.577,2116396.12950,0
1718356920000,67038.30,67045.00,67025.10,67039.30,60.614,1718356979999,4063200.72080,681,39.910,2675286.48780,0
1718356980000,67039.20,67066.70,67030.70,67066.60,95.626,1718357039999,6411063.40510,951,68.856,4616429.92700,0
1718357040000,67066.70,67087.50,67066.70,67087.40,30.861,1718357099999,2070039.74350,517,25.467,1708214.15680,0
1718357100000,67087.50,67111.40,67087.40,67111.30,93.595,1718357159999,6280290.80020,851,72.505,4865069.68400,0
1718357160000,67111.40,67128.50,67111.30,67123.80,54.125,1718357219999,3632862.23670,707,34.582,2321108.93810,0
1718357220000,67123.80,67133.30,67071.20,67090.30,139.051,1718357279999,9332157.72360,1304,38.007,2550492.54150,0
1718357280000,67090.30,67100.00,67090.30,67094.00,61.064,1718357339999,4097143.26210,646,28.716,1926722.26230,0
1718357340000,67093.90,67098.00,67062.90,67063.00,31.412,1718357399999,2107335.11830,609,8.260,554104.80580,0
1718357400000,67063.00,67068.60,67041.40,67041.40,53.030,1718357459999,3556006.57620,989,17.842,1196417.87450,0
1718357460000,67041.40,67041.50,67016.90,67017.00,46.676,1718357519999,3128655.84080,798,10.317,691530.91600,0
1718357520000,67016.90,67036.60,66987.90,67029.30,168.131,1718357579999,11267294.15600,2126,121.737,8158746.12030,0
1718357580000,67029.30,67043.80,67018.40,67028.20,41.632,1718357639999,2790717.21780,887,23.823,1596884.05260,0
1718357640000,67028.20,67033.20,67018.60,67025.70,29.854,1718357699999,2001044.08820,833,16.948,1135963.51620,0
1718357700000,67025.70,67025.70,66994.70,67009.90,149.328,1718357759999,10005764.87930,1406,35.291,2364538.15800,0
1718357760000,67010.00,67027.30,67009.90,67014.60,24.458,1718357819999,1639087.87850,810,10.814,724693.68850,0
1718357820000,67014.50,67034.50,67014.50,67016.20,23.161,1718357879999,1552380.85810,770,16.789,1125295.96100,0
1718357880000,67016.20,67021.60,66996.60,67000.00,81.818,1718357939999,5482102.54270,1158,21.247,1423622.53590,0
1718357940000,67000.00,67014.00,66985.20,66987.90,167.515,1718357999999,11223128.13910,1916,27.632,1851318.79320,0
1718358000000,66987.90,66987.90,66957.00,66977.10,176.427,1718358059999,11814808.10790,2002,64.603,4326232.21670,0
1718358060000,66977.10,66977.10,66926.00,66927.70,330.274,1718358119999,22112076.09380,4147,115.796,7753220.09710,0
1718358120000,66927.70,66938.70,66891.10,66898.90,402.489,1718358179999,26929948.71630,4924,196.812,13168511.11810,0
1718358180000,66899.00,66905.20,66890.90,66905.20,182.083,1718358239999,12181157.00710,2375,85.997,5753101.13240,0
1718358240000,66905.20,66938.50,66905.10,66927.10,78.083,1718358299999,5225846.67770,1164,59.867,4006644.92870,0
1718358300000,66927.10,66943.40,66926.20,66926.30,82.466,1718358359999,5519869.29650,1136,53.960,3611785.12240,0
1718358360000,66926.30,66957.10,66926.20,66957.10,35.434,1718358419999,2372152.63710,774,32.073,2147146.25720,0
1718358420000,66957.20,66970.30,66943.40,66943.50,37.446,1718358479999,2507280.91580,703,16.908,1132094.74300,0
1718358480000,66943.50,66971.00,66943.50,66970.90,94.706,1718358539999,6341653.54580,978,78.932,5285289.01530,0
1718358540000,66970.80,66985.10,66943.40,66943.50,107.759,1718358599999,7216460.05100,1148,66.566,4458320.05060,0
1718358600000,66943.50,66956.20,66943.50,66949.30,37.038,1718358659999,2479707.87380,585,20.202,1352524.64460,0
1718358660000,66949.40,66975.30,66949.30,66974.40,62.856,1718358719999,4209031.30860,757,53.276,3567443.62820,0
1718358720000,66974.50,66975.10,66948.50,66964.30,72.216,1718358779999,4836133.13840,753,27.660,1852297.51060,0
1718358780000,66964.20,66965.20,66952.90,66965.00,26.246,1718358839999,1757446.09100,599,15.826,1059698.97910,0
1718358840000,66965.00,66968.60,66960.00,66960.00,25.807,1718358899999,1728161.85600,505,15.770,1056033.15430,0
1718358900000,66960.10,66960.10,66940.20,66940.20,29.720,1718358959999,1989767.08640,517,11.309,757118.71770,0
1718358960000,66940.30,66940.30,66902.00,66922.10,65.963,1718359019999,4414199.03930,1114,22.670,1517029.66170,0
1718359020000,66922.10,66940.80,66911.50,66940.80,40.236,1718359079999,2692651.90270,725,24.489,1638896.07440,0
1718359080000,66940.80,66941.10,66915.90,66915.90,27.729,1718359139999,1856113.97540,552,7.499,501978.89270,0
1718359140000,66915.80,66915.80,66911.20,66915.20,30.145,1718359199999,2017100.80250,613,11.377,761272.29070,0
1718359200000,66915.10,66948.60,66911.20,66940.10,44.402,1718359259999,2971730.81510,800,27.098,1813510.87310,0
1718359260000,66940.10,66940.10,66918.00,66923.70,49.507,1718359319999,3313095.18330,763,34.010,2275975.61840,0
1718359320000,66923.60,66944.20,66918.00,66936.20,24.825,1718359379999,1661576.42820,656,12.477,835090.47660,0
1718359380000,66936.10,66936.10,66903.60,66910.10,61.865,1718359439999,4139856.42000,906,14.901,997261.46110,0
1718359440000,66910.00,66911.30,66870.10,66870.20,162.271,1718359499999,10853441.24580,2076,55.273,3696957.21940,0
1718359500000,66870.20,66890.20,66867.20,66872.30,112.425,1718359559999,7518406.33750,1392,57.172,3823248.41950,0
1718359560000,66872.30,66901.80,66819.70,66901.80,365.123,1718359619999,24410669.76700,3860,189.937,12699259.74090,0
1718359620000,66901.70,66908.50,66886.50,66901.30,91.334,1718359679999,6110156.34020,1250,45.100,3017133.77140,0
1718359680000,66901.30,66933.80,66901.20,66933.80,48.376,1718359739999,3237311.21470,949,44.465,2975580.45250,0
1718359740000,66933.80,66959.00,66916.10,66957.00,177.979,1718359799999,11914220.46970,1722,145.085,9712577.42020,0
1718359800000,66957.00,66960.10,66930.10,66939.60,63.085,1718359859999,4223331.11190,969,31.230,2090653.31480,0
1718359860000,66939.60,66956.20,66937.50,66956.20,36.705,1718359919999,2457212.11980,686,25.807,1727672.21670,0
1718359920000,66956.20,66965.40,66956.10,66960.10,48.113,1718359979999,3221786.28810,677,30.395,2035337.47660,0
1718359980000,66960.10,66964.10,66937.90,66937.90,32.347,1718360039999,2165784.58640,566,19.396,1298681.10780,0
1718360040000,66938.00,66949.60,66934.40,66949.60,30.074,1718360099999,2013157.65320,431,24.868,1664679.85350,0
1718360100000,66949.60,66975.80,66945.40,66974.10,63.237,1718360159999,4234497.53710,832,41.642,2788304.01510,0
1718360160000,66974.00,66977.00,66954.30,66958.40,37.093,1718360219999,2484053.65850,711,24.395,1633688.38240,0
1718360220000,66958.50,67005.50,66958.40,67005.50,67.753,1718360279999,4538199.07850,1060,61.782,4138201.91300,0
1718360280000,67005.50,67015.60,66978.10,66978.10,55.149,1718360339999,3694841.20070,853,33.348,2234169.79940,0
1718360340000,66978.20,66978.20,66931.50,66931.60,89.720,1718360399999,6007666.85350,1126,12.404,830595.39680,0
1718360400000,66931.60,66968.60,66931.50,66958.20,108.174,1718360459999,7241454.48660,1235,83.874,5614498.09530,0
1718360460000,66958.20,66987.30,66940.90,66940.90,116.693,1718360519999,7815199.06370,1291,87.216,5841207.33310,0
1718360520000,66940.90,66940.90,66910.00,66922.50,78.357,1718360579999,5244029.81920,1019,27.193,1819864.17620,0
1718360580000,66922.50,66922.50,66900.00,66906.80,45.740,1718360639999,3060426.57810,818,14.248,953356.24910,0
1718360640000,66906.90,66906.90,66884.70,66894.70,76.131,1718360699999,5092789.59800,906,37.921,2536764.66630,0
1718360700000,66894.70,66910.00,66856.60,66856.60,104.542,1718360759999,6991716.56840,1480,48.898,3270280.86420,0
1718360760000,66856.60,66889.90,66856.50,66874.40,67.875,1718360819999,4538860.58640,1281,38.507,2574959.26460,0
1718360820000,66874.40,66910.00,66874.30,66900.10,59.398,1718360879999,3973939.48710,834,35.840,2397748.96750,0
1718360880000,66900.10,66912.20,66900.00,66912.20,31.865,1718360939999,2131995.07710,534,23.122,1547020.49100,0
1718360940000,66912.10,66934.30,66912.10,66922.50,62.348,1718360999999,4172524.73610,962,41.452,2774032.00520,0
1718361000000,66922.50,66930.50,66914.70,66914.80,75.522,1718361059999,5054267.39030,962,35.324,2364031.28350,0
1718361060000,66914.80,66914.80,66882.60,66899.50,68.244,1718361119999,4565338.04400,999,18.718,1252084.60680,0
1718361120000,66899.50,66910.70,66888.00,66888.00,47.970,1718361179999,3209357.73690,686,25.015,1673620.10460,0
1718361180000,66888.10,66901.70,66874.50,66892.50,57.897,1718361239999,3872510.83290,873,29.632,1981984.56380,0
1718361240000,66892.50,66897.90,66871.20,66874.60,69.864,1718361299999,4672772.13940,751,19.461,1301596.37530,0
1718361300000,66874.60,66901.70,66874.50,66900.10,63.768,1718361359999,4265495.43760,790,44.267,2961083.65640,0
1718361360000,66900.00,66900.10,66892.90,66893.00,9.105,1718361419999,609114.99000,357,5.255,351555.55550,0
1718361420000,66893.00,66893.00,66865.00,66865.10,33.855,1718361479999,2264096.82530,675,15.990,1069345.40390,0
1718361480000,66865.10,66890.30,66865.00,66884.40,35.573,1718361539999,2379108.17390,548,26.738,1788209.96640,0
1718361540000,66884.50,66899.70,66884.40,66887.00,33.552,1718361599999,2244382.48800,514,25.891,1731911.98630,0
1718361600000,66887.00,66887.40,66878.30,66887.30,16.360,1718361659999,1094215.72810,419,10.989,734992.17620,0
1718361660000,66887.30,66887.30,66854.30,66854.30,75.407,1718361719999,5042200.88760,994,10.873,726961.29800,0
1718361720000,66854.40,66867.20,66854.30,66867.20,65.389,1718361779999,4372067.16410,689,32.125,2147883.14650,0
1718361780000,66867.10,66881.50,66867.10,66869.80,31.039,1718361839999,2075764.90530,590,17.193,1149761.44620,0
1718361840000,66869.80,66890.00,66869.70,66874.60,44.152,1718361899999,2953004.34290,619,36.646,2450960.58490,0
1718361900000,66874.60,66879.40,66850.90,66879.30,74.938,1718361959999,5010828.32550,1038,44.744,2991991.96700,0
1718361960000,66879.30,66898.60,66879.30,66893.30,78.068,1718362019999,5221707.13510,741,69.006,4615556.85090,0
1718362020000,66893.30,66893.30,66857.20,66857.20,37.666,1718362079999,2518674.46580,572,6.680,446700.57270,0
1718362080000,66857.30,66870.60,66857.20,66870.60,17.402,1718362139999,1163554.22750,406,11.024,737121.56120,0
1718362140000,66870.50,66870.60,66859.40,66860.10,20.901,1718362199999,1397536.06080,394,6.995,467689.06430,0
1718362200000,66860.10,66875.00,66853.70,66869.70,44.503,1718362259999,2975636.77390,682,21.826,1459396.27350,0
1718362260000,66869.80,66882.10,66869.70,66880.60,51.943,1718362319999,3473535.32080,560,47.677,3188253.11180,0
1718362320000,66880.60,66886.90,66875.30,66878.20,25.782,1718362379999,1724342.88550,556,18.392,1230085.53990,0
1718362380000,66878.30,66896.10,66878.30,66896.10,24.590,1718362439999,1644761.69050,456,22.094,1477807.92050,0
1718362440000,66896.10,66911.70,66896.10,66911.70,71.117,1718362499999,4757762.97690,951,65.400,4375313.75090,0
1718362500000,66911.70,66930.30,66896.50,66896.60,74.518,1718362559999,4986597.91740,1559,48.601,3252361.45960,0
1718362560000,66896.60,66896.70,66881.50,66881.60,39.346,1718362619999,2631916.92230,624,14.698,983145.89170,0
1718362620000,66881.60,66900.50,66876.50,66900.50,19.342,1718362679999,1293638.42740,455,12.107,809756.52310,0
1718362680000,66900.50,66900.50,66880.50,66883.90,17.229,1718362739999,1152387.84980,444,6.439,430674.42380,0
1718362740000,66883.80,66886.40,66866.10,66866.20,24.418,1718362799999,1633180.78760,416,5.783,386799.40090,0
1718362800000,66866.20,66868.60,66840.00,66850.30,100.994,1718362859999,6751948.62500,1399,29.487,1971301.49280,0
1718362860000,66850.30,66891.50,66842.50,66881.30,200.825,1718362919999,13430060.58650,1914,97.969,6551456.24080,0
1718362920000,66881.30,66899.00,66868.70,66899.00,245.830,1718362979999,16442331.65470,2642,139.169,9308532.43100,0
1718362980000,66899.00,66916.30,66885.60,66915.60,105.672,1718363039999,7070018.11630,2168,70.508,4717412.91930,0
1718363040000,66915.60,66918.50,66885.30,66907.40,43.559,1718363099999,2914038.04060,843,32.628,2182715.35220,0
1718363100000,66907.50,66925.70,66900.20,66922.50,53.707,1718363159999,3593656.83150,819,32.118,2148982.84350,0
1718363160000,66922.50,66927.10,66900.00,66902.20,94.269,1718363219999,6307787.32130,1575,67.811,4537467.33020,0
1718363220000,66902.30,66902.30,66865.50,66865.50,36.297,1718363279999,2427709.73110,645,11.627,777671.16460,0
1718363280000,66865.60,66865.60,66755.80,66843.10,475.087,1718363339999,31734061.08070,5730,173.932,11618719.15440,0
1718363340000,66843.60,66847.00,66809.60,66817.90,264.194,1718363399999,17654203.76950,2083,69.514,4645172.84730,0
1718363400000,66817.90,66892.00,66817.80,66886.00,146.973,1718363459999,9826853.84410,1753,96.458,6448434.20120,0
1718363460000,66886.00,66886.00,66856.00,66856.50,63.026,1718363519999,4214309.96570,1133,25.831,1727167.96440,0
1718363520000,66856.50,66878.00,66850.00,66878.00,67.128,1718363579999,4488313.08940,1042,26.794,1791506.75880,0
1718363580000,66878.00,66895.30,66869.00,66884.90,25.364,1718363639999,1696446.64080,605,15.526,1038432.19370,0
1718363640000,66885.00,66920.00,66884.90,66901.60,74.066,1718363699999,4955307.58490,876,54.699,3659402.15850,0
1718363700000,66901.60,66920.00,66897.60,66920.00,57.615,1718363759999,3854971.97590,867,31.788,2126882.51300,0
1718363760000,66919.90,66962.50,66919.90,66958.10,100.159,1718363819999,6705364.41350,1521,88.483,5923640.98000,0
1718363820000,66958.10,66958.10,66906.30,66913.40,66.251,1718363879999,4434022.32760,1373,41.472,2775513.33700,0
1718363880000,66913.50,66925.60,66913.50,66920.00,20.487,1718363939999,1370985.37210,365,15.053,1007340.80630,0
1718363940000,66920.00,66926.00,66906.50,66906.60,30.491,1718363999999,2040472.48060,526,17.633,1180004.76040,0
1718364000000,66906.50,66933.30,66906.50,66933.30,48.771,1718364059999,3264076.64890,583,25.387,1698955.63610,0
1718364060000,66933.30,66941.30,66906.60,66941.20,44.046,1718364119999,2947915.19180,887,30.582,2046785.53060,0
1718364120000,66941.30,66941.30,66918.90,66919.00,40.433,1718364179999,2706368.79180,718,7.385,494323.51520,0
1718364180000,66919.00,66931.90,66918.90,66927.90,23.037,1718364239999,1541811.34340,466,11.300,756247.47250,0
1718364240000,66927.90,66939.90,66927.80,66935.20,32.966,1718364299999,2206647.41370,426,15.179,1016020.83960,0
1718364300000,66935.30,66940.00,66935.20,66939.90,130.275,1718364359999,8720575.99890,674,120.839,8088936.67850,0
1718364360000,66940.00,67007.50,66939.90,66992.00,349.675,1718364419999,23416983.28310,2249,328.252,21981860.83080,0
1718364420000,66992.10,67016.10,66984.90,67003.40,146.694,1718364479999,9828455.99420,1297,89.053,5966692.84930,0
1718364480000,67003.50,67048.80,67003.50,67045.30,199.813,1718364539999,13394088.87470,1748,126.580,8484270.69930,0
1718364540000,67045.30,67060.90,67045.20,67060.80,181.766,1718364599999,12187857.72110,1522,47.836,3207567.62790,0
1718364600000,67060.80,67080.00,67030.40,67037.40,283.710,1718364659999,19023390.28660,2442,73.067,4899725.24580,0
1718364660000,67037.50,67045.00,67033.60,67033.70,78.315,1718364719999,5250219.59450,998,34.070,2284036.25500,0
1718364720000,67033.60,67049.50,67033.60,67044.30,69.469,1718364779999,4657293.29660,809,46.898,3144044.74220,0
1718364780000,67044.30,67046.20,67010.40,67046.10,132.852,1718364839999,8905014.78690,1606,66.963,4488482.81630,0
1718364840000,67046.20,67075.40,67046.10,67053.20,88.017,1718364899999,5903063.11500,1169,52.898,3547617.97080,0
1718364900000,67053.30,67090.80,67050.20,67080.70,170.788,1718364959999,11455935.78130,1583,133.284,8940437.84900,0
1718364960000,67080.70,67093.90,67063.90,67063.90,73.601,1718365019999,4937054.39660,1079,29.636,1987969.08570,0
1718365020000,67063.30,67070.40,67045.00,67055.70,45.910,1718365079999,3078655.38090,1002,13.497,905116.20930,0
1718365080000,67055.60,67055.60,67024.70,67024.70,54.624,1718365139999,3661795.61800,918,15.865,1063470.83340,0
1718365140000,67024.80,67037.30,67015.80,67032.10,50.447,1718365199999,3381219.16530,910,20.999,1407429.21890,0
1718365200000,67032.00,67037.30,67024.90,67026.00,39.025,1718365259999,2615827.18600,649,14.440,967893.94220,0
1718365260000,67026.00,67051.00,67026.00,67051.00,27.941,1718365319999,1873034.56950,782,21.837,1463851.20260,0
1718365320000,67051.00,67062.50,67050.90,67050.90,30.931,1718365379999,2074186.80510,656,16.796,1126319.82130,0
1718365380000,67050.90,67051.00,67023.50,67023.60,38.668,1718365439999,2592245.83000,743,1.947,130537.34850,0
1718365440000,67023.50,67023.60,67015.90,67015.90,31.339,1718365499999,2100246.89660,426,9.382,628748.02810,0
1718365500000,67015.90,67042.10,67012.40,67029.50,57.619,1718365559999,3861874.18780,929,39.975,2679184.39940,0
1718365560000,67029.50,67062.40,67026.90,67056.90,30.845,1718365619999,2068088.07880,851,19.344,1296937.94710,0
1718365620000,67056.90,67056.90,67038.90,67038.90,32.627,1718365679999,2187448.33610,484,11.270,755537.34870,0
1718365680000,67038.90,67102.40,67038.90,67101.70,200.927,1718365739999,13479969.70320,1731,172.550,11576333.38000,0
1718365740000,67101.80,67105.00,67076.70,67099.90,61.043,1718365799999,4095566.18290,964,30.986,2078880.82830,0
1718365800000,67099.90,67100.00,67063.10,67069.60,161.105,1718365859999,10806293.29160,1428,14.792,992102.49680,0
1718365860000,67069.60,67100.00,67069.60,67090.00,69.807,1718365919999,4683197.65460,898,37.784,2534776.97660,0
1718365920000,67090.00,67090.00,67068.80,67068.80,33.196,1718365979999,2226696.03740,548,6.933,465039.01710,0
1718365980000,67068.90,67086.00,67065.70,67071.10,56.052,1718366039999,3759574.12270,835,19.468,1305777.48590,0
1718366040000,67071.20,67071.20,67061.20,67061.20,19.765,1718366099999,1325555.58130,439,4.415,296102.37920,0
1718366100000,67061.30,67073.60,67054.10,67054.10,45.505,1718366159999,3051761.93610,822,22.116,1483225.47740,0
1718366160000,67054.00,67054.00,67037.20,67037.20,53.288,1718366219999,3572721.16510,861,9.475,635262.37300,0
1718366220000,67037.30,67037.30,66997.60,66997.60,51.017,1718366279999,3418976.73090,1352,2.020,135389.19810,0
1718366280000,66997.60,67026.10,66987.50,67014.40,58.922,1718366339999,3948120.44300,1191,23.686,1587108.14390,0
1718366340000,67014.20,67034.20,66996.30,67034.20,52.496,1718366399999,3517834.14270,832,25.151,1685404.97440,0
1718366400000,67034.10,67050.00,67032.00,67032.10,33.253,1718366459999,2229329.19050,718,17.396,1166262.97650,0
1718366460000,67032.10,67032.10,67006.60,67013.50,35.752,1718366519999,2396026.66140,673,11.209,751199.04830,0
1718366520000,67013.50,67035.40,66990.00,66990.10,67.229,1718366579999,4504943.75290,1158,9.364,627558.38720,0
1718366580000,66990.00,67030.00,66990.00,67030.00,43.916,1718366639999,2942552.44890,647,34.172,2289556.60960,0
1718366640000,67030.90,67047.10,67030.90,67047.10,34.798,1718366699999,2332690.61080,537,27.240,1826010.28720,0
1718366700000,67047.00,67084.60,67047.00,67084.60,68.985,1718366759999,4626543.93650,981,43.199,2897160.36020,0
1718366760000,67084.60,67116.00,67081.50,67095.40,329.407,1718366819999,22104520.91130,2117,247.967,16639614.00280,0
1718366820000,67095.40,67105.70,67052.30,67060.30,215.482,1718366879999,14453686.97730,1768,40.377,2708917.14630,0
1718366880000,67060.30,67090.20,67020.80,67020.80,57.019,1718366939999,3824399.06970,943,33.968,2278404.06680,0
1718366940000,67020.50,67031.60,66970.50,67012.20,197.050,1718366999999,13203119.05700,2166,136.456,9143526.32270,0
1718367000000,67012.30,67035.10,67003.80,67022.10,48.032,1718367059999,3219308.62330,852,30.238,2026649.07830,0
1718367060000,67022.20,67087.70,67022.10,67079.80,176.094,1718367119999,11810973.12350,1527,143.712,9639141.49560,0
1718367120000,67079.90,67127.80,67079.80,67127.80,186.473,1718367179999,12515019.40920,2373,123.212,8268816.02350,0
1718367180000,67127.80,67153.00,67109.00,67152.90,159.608,1718367239999,10715051.94230,1861,85.168,5717754.29070,0
1718367240000,67153.00,67157.00,67137.60,67155.90,89.765,1718367299999,6027931.82560,1321,32.942,2212149.75940,0
1718367300000,67155.90,67179.50,67152.70,67152.70,234.261,1718367359999,15734817.57680,2029,107.720,7235184.80660,0
1718367360000,67152.70,67194.50,67141.90,67194.40,285.301,1718367419999,19167264.26960,2144,160.080,10754970.98010,0
1718367420000,67194.40,67213.90,67180.30,67213.80,257.141,1718367479999,17278100.55420,2183,164.286,11039100.72710,0
1718367480000,67213.90,67231.40,67180.90,67225.40,255.819,1718367539999,17193130.73410,2613,104.116,6997473.47180,0
1718367540000,67225.40,67248.50,67219.00,67234.60,196.100,1718367599999,13184886.16260,2405,85.835,5771248.49920,0
1718367600000,67234.70,67284.00,67218.90,67255.50,467.291,1718367659999,31427936.14870,4940,265.088,17829493.10670,0
1718367660000,67255.90,67263.40,67237.40,67244.90,183.101,1718367719999,12313762.51940,2113,70.631,4750010.68870,0
1718367720000,67244.80,67280.00,67236.70,67249.00,160.364,1718367779999,10786520.78880,2133,66.563,4477186.22670,0
1718367780000,67249.00,67276.10,67245.20,67270.00,105.307,1718367839999,7083606.70610,1550,32.052,2155887.50630,0
1718367840000,67270.00,67276.50,67234.30,67251.00,172.642,1718367899999,11611144.64890,1945,39.918,2684769.64210,0
1718367900000,67251.00,67275.40,67251.00,67259.40,118.610,1718367959999,7977929.24510,1510,75.757,5095602.02210,0
1718367960000,67259.40,67287.90,67246.60,67246.70,277.788,1718368019999,18687721.07490,2587,162.684,10944752.97430,0
1718368020000,67246.60,67246.70,67133.30,67153.00,472.554,1718368079999,31744861.04940,4312,82.202,5520556.94740,0
1718368080000,67153.00,67212.30,67152.90,67199.90,99.187,1718368139999,6664720.81910,1329,54.948,3692179.39430,0
1718368140000,67199.90,67246.10,67181.90,67185.80,229.730,1718368199999,15441996.36200,2201,171.457,11525601.06420,0
1718368200000,67185.90,67228.60,67185.80,67207.60,207.249,1718368259999,13927663.14440,1614,98.575,6624320.36820,0
1718368260000,67207.60,67229.90,67194.50,67216.40,90.488,1718368319999,6082217.19460,1122,42.783,2875626.49600,0
1718368320000,67216.50,67222.50,67153.10,67153.40,91.067,1718368379999,6119217.49660,1156,12.836,862435.76300,0
1718368380000,67153.40,67160.20,67090.00,67092.90,217.197,1718368439999,14576945.99070,2233,74.648,5009740.21670,0
1718368440000,67093.20,67116.70,67082.30,67085.90,163.051,1718368499999,10940017.42700,2076,83.954,5633131.78730,0
1718368500000,67085.90,67100.70,67078.00,67096.70,66.225,1718368559999,4442822.61290,1098,42.043,2820537.00530,0
1718368560000,67096.60,67111.80,67077.60,67111.80,118.432,1718368619999,7946104.59030,1386,74.892,5024900.18260,0
1718368620000,67111.70,67131.00,67100.80,67110.00,72.022,1718368679999,4833878.09270,1045,29.970,2011391.59540,0
1718368680000,67109.90,67127.90,67101.20,67127.90,35.897,1718368739999,2409337.53990,679,30.986,2079734.72300,0
1718368740000,67127.90,67127.90,67090.00,67090.10,44.623,1718368799999,2994709.18090,708,6.156,413090.10010,0
1718368800000,67090.10,67121.00,67076.80,67121.00,67.858,1718368859999,4553244.36130,1144,43.291,2904949.15820,0
1718368860000,67120.90,67120.90,67090.00,67090.00,34.003,1718368919999,2281841.27890,653,9.008,604457.19530,0
1718368920000,67090.10,67100.30,67033.30,67039.20,219.019,1718368979999,14690051.03540,2458,37.796,2535245.05490,0
1718368980000,67039.20,67086.20,67039.20,67080.00,96.053,1718369039999,6442069.32290,1210,68.035,4563067.45550,0
1718369040000,67080.00,67080.00,67048.60,67049.90,140.189,1718369099999,9400969.95000,1417,40.526,2717635.74310,0
1718369100000,67049.90,67072.80,67049.80,67060.10,53.612,1718369159999,3595279.83700,828,30.058,2015681.85360,0
1718369160000,67060.20,67093.50,67060.10,67084.80,60.661,1718369219999,4069165.74640,764,32.205,2160169.04520,0
1718369220000,67084.70,67084.80,67050.80,67050.90,57.795,1718369279999,3876214.50560,888,18.485,1239738.43610,0
1718369280000,67050.90,67050.90,66988.90,67016.50,288.399,1718369339999,19328107.83030,3281,107.640,7213665.19670,0
1718369340000,67016.50,67024.70,66990.00,66990.50,150.194,1718369399999,10063846.22770,1693,69.008,4623808.93360,0
1718369400000,66990.50,67023.50,66990.50,67010.10,64.953,1718369459999,4352227.71670,1356,37.748,2529332.54720,0
1718369460000,67010.00,67010.10,66965.10,66993.90,128.872,1718369519999,8632850.87400,1842,40.700,2726510.10540,0
1718369520000,66994.30,67028.70,66987.80,67028.60,64.672,1718369579999,4333739.91560,971,45.531,3051219.63260,0
1718369580000,67028.60,67043.10,67028.60,67040.00,44.313,1718369639999,2970685.83910,709,26.895,1802967.65320,0
1718369640000,67040.00,67078.40,67040.00,67061.00,64.637,1718369699999,4334556.94170,1287,50.832,3408669.19820,0
1718369700000,67061.10,67079.30,67046.60,67046.60,61.964,1718369759999,4155762.39510,714,16.358,1097104.42950,0
1718369760000,67046.60,67084.50,67046.60,67084.40,40.571,1718369819999,2721019.10220,1065,32.791,2199290.92570,0
1718369820000,67084.40,67084.40,67043.10,67062.20,98.731,1718369879999,6620744.90280,991,28.196,1890687.17610,0
1718369880000,67062.20,67088.00,67055.50,67076.20,48.661,1718369939999,3263768.75890,757,37.382,2507229.53050,0
1718369940000,67076.10,67096.00,67074.00,67074.10,39.653,1718369999999,2660282.83310,793,16.429,1102204.18850,0
1718370000000,67074.10,67081.00,67061.20,67076.70,34.507,1718370059999,2314444.73860,808,20.879,1400351.86550,0
1718370060000,67076.60,67123.00,67076.60,67105.40,136.015,1718370119999,9127749.47100,1497,88.124,5913554.74610,0
1718370120000,67105.40,67133.50,67105.30,67133.40,79.448,1718370179999,5332645.15570,884,60.176,4039052.27510,0
1718370180000,67133.40,67133.40,67116.90,67116.90,69.523,1718370239999,4666832.31740,549,16.159,1084567.85930,0
1718370240000,67116.90,67117.00,67102.00,67102.10,34.756,1718370299999,2332401.79390,451,2.516,168846.14720,0
1718370300000,67102.00,67131.70,67102.00,67124.60,133.158,1718370359999,8938246.81640,1030,71.655,4809574.45540,0
1718370360000,67124.50,67124.50,67062.00,67062.00,39.610,1718370419999,2657132.45880,706,7.867,527676.12130,0
1718370420000,67062.00,67066.00,67046.10,67046.20,109.721,1718370479999,7357552.88890,1011,58.957,3953523.13470,0
1718370480000,67046.10,67066.40,67018.00,67018.10,256.428,1718370539999,17189675.92650,2053,71.284,4779025.13800,0
1718370540000,67018.20,67018.20,66975.20,66975.30,113.999,1718370599999,7637079.98700,1472,28.570,1913772.20680,0
1718370600000,66975.20,66986.00,66969.70,66979.20,144.604,1718370659999,9685086.35390,1414,85.672,5737934.87790,0
1718370660000,66979.20,66982.40,66950.00,66965.50,188.146,1718370719999,12599204.17670,2205,77.786,5208960.02510,0
1718370720000,66965.60,66967.60,66951.00,66951.00,63.480,1718370779999,4250742.11420,856,30.107,2016034.95450,0
1718370780000,66951.00,67004.50,66951.00,67004.40,132.140,1718370839999,8850641.88090,1814,89.590,6000555.61620,0
1718370840000,67004.50,67025.90,67004.40,67025.90,33.694,1718370899999,2257995.17690,858,28.047,1879570.95800,0
1718370900000,67025.90,67059.30,67025.80,67059.20,49.790,1718370959999,3337930.53860,1043,43.384,2908445.68580,0
1718370960000,67059.30,67082.20,67055.80,67082.20,119.772,1718371019999,8032176.21660,959,37.309,2502271.63790,0
1718371020000,67082.10,67121.40,67082.10,67113.40,125.337,1718371079999,8410602.71220,1299,89.392,5998596.02810,0
1718371080000,67113.50,67165.00,67113.50,67164.80,164.609,1718371139999,11051934.34380,1640,130.340,8750660.07710,0
1718371140000,67164.80,67184.00,67153.90,67154.00,173.229,1718371199999,11636474.76460,1760,63.081,4237345.86340,0
1718371200000,67153.90,67185.00,67153.90,67185.00,58.686,1718371259999,3942262.73650,758,39.213,2634167.44030,0
1718371260000,67184.90,67200.00,67174.80,67198.70,189.559,1718371319999,12736539.14870,1379,107.824,7244885.01510,0
1718371320000,67198.70,67244.40,67198.70,67221.80,200.349,1718371379999,13468689.94170,2396,84.667,5691751.48160,0
1718371380000,67221.80,67234.30,67212.40,67234.30,82.583,1718371439999,5551173.77110,923,29.412,1977074.02470,0
1718371440000,67234.30,67257.00,67223.20,67250.00,180.991,1718371499999,12170210.81460,1973,92.850,6243599.76710,0
1718371500000,67249.90,67267.20,67227.70,67267.10,134.722,1718371559999,9059160.21920,1691,60.533,4070690.94260,0
1718371560000,67267.10,67270.00,67265.10,67268.00,133.721,1718371619999,8995214.91460,1269,64.478,4337316.17720,0
1718371620000,67268.00,67332.00,67268.00,67280.00,474.857,1718371679999,31957192.27600,5355,339.400,22841650.28380,0
1718371680000,67280.00,67294.00,67235.50,67254.20,220.127,1718371739999,14805478.91060,2608,57.537,3869779.20550,0
1718371740000,67254.20,67333.00,67254.20,67329.80,254.323,1718371799999,17117641.32570,2607,137.933,9283730.50030,0
1718371800000,67329.80,67329.90,67264.40,67292.80,340.797,1718371859999,22933949.09490,3612,117.082,7879462.67940,0
1718371860000,67292.90,67298.00,67261.30,67265.10,167.424,1718371919999,11264123.47650,2255,74.607,5019561.51050,0
1718371920000,67265.10,67321.60,67240.30,67271.20,290.393,1718371979999,19537182.36280,3552,148.404,9985008.26810,0
1718371980000,67271.10,67317.90,67235.00,67317.80,146.365,1718372039999,9845649.44360,2213,54.299,3652487.01120,0
1718372040000,67317.80,67366.50,67294.70,67358.10,577.032,1718372099999,38857642.59890,5421,322.363,21707937.94340,0
1718372100000,67358.10,67365.90,67272.90,67273.00,277.119,1718372159999,18658379.91820,2853,142.920,9623580.37760,0
1718372160000,67273.00,67273.00,67163.30,67166.40,353.473,1718372219999,23751325.26920,4140,101.058,6789719.05200,0
1718372220000,67166.30,67198.80,67131.80,67198.70,179.946,1718372279999,12084816.86150,2638,95.938,6443433.99570,0
1718372280000,67198.80,67225.00,67171.20,67225.00,137.022,1718372339999,9207030.45740,1941,71.916,4832239.63000,0
1718372340000,67224.90,67272.70,67216.10,67222.10,118.975,1718372399999,8000340.73510,1979,68.418,4600872.15010,0
1718372400000,67222.10,67250.00,67182.00,67207.90,113.569,1718372459999,7633193.67100,1902,27.962,1879491.94570,0
1718372460000,67207.90,67263.20,67207.90,67250.40,79.254,1718372519999,5328989.79020,1415,48.319,3248712.18460,0
1718372520000,67250.40,67250.40,67204.70,67204.70,62.315,1718372579999,4189091.89370,953,15.212,1022601.09650,0
1718372580000,67204.70,67219.70,67194.90,67195.00,99.767,1718372639999,6704944.70850,1059,23.452,1576087.30600,0
1718372640000,67194.90,67195.00,67150.70,67178.50,124.099,1718372699999,8335348.50360,1452,61.877,4155667.68360,0
1718372700000,67178.50,67203.90,67158.00,67193.80,79.794,1718372759999,5361072.40730,1372,57.143,3839316.38950,0
1718372760000,67193.80,67209.70,67165.00,67173.60,93.430,1718372819999,6277210.31220,1847,49.208,3306357.69290,0
1718372820000,67173.60,67185.50,67161.00,67161.00,52.374,1718372879999,3518436.95580,983,23.967,1609996.39670,0
1718372880000,67161.00,67167.60,67119.40,67140.90,99.341,1718372939999,6669966.10140,1917,39.878,2677482.22810,0
1718372940000,67141.00,67164.90,67121.20,67158.80,50.502,1718372999999,3391065.30720,937,21.940,1473231.66810,0
1718373000000,67158.80,67183.70,67137.00,67181.20,93.860,1718373059999,6304298.53810,1444,66.285,4452409.22850,0
1718373060000,67181.20,67181.30,67146.00,67170.70,50.843,1718373119999,3414862.23650,1168,22.298,1497603.22950,0
1718373120000,67170.70,67176.10,67149.00,67174.50,38.224,1718373179999,2567500.17930,1078,23.327,1566870.72610,0
1718373180000,67174.60,67208.80,67174.00,67204.30,97.954,1718373239999,6581842.02510,1681,80.544,5411939.02960,0
1718373240000,67204.40,67229.90,67195.20,67195.20,49.708,1718373299999,3341152.30760,1363,30.883,2075827.05240,0
1718373300000,67194.90,67208.90,67179.30,67208.80,41.858,1718373359999,2812612.10570,973,21.237,1426960.28110,0
1718373360000,67208.80,67210.80,67131.80,67140.00,80.059,1718373419999,5376946.22570,1782,21.788,1463273.14320,0
1718373420000,67140.00,67143.50,67101.00,67122.90,109.597,1718373479999,7355773.26960,2148,34.605,2322619.09110,0
1718373480000,67123.00,67130.00,67101.00,67113.50,48.987,1718373539999,3287772.30790,1152,22.007,1477026.05770,0
1718373540000,67113.50,67113.50,67056.70,67066.10,262.272,1718373599999,17593169.17370,3911,67.303,4514493.77390,0
1718373600000,67066.10,67106.30,67005.00,67018.10,451.168,1718373659999,30248281.60870,5297,160.270,10746390.31610,0
1718373660000,67018.00,67046.60,66947.20,66968.00,607.109,1718373719999,40672782.96910,6173,258.688,17330240.32130,0
1718373720000,66968.10,67004.90,66965.00,66987.00,270.719,1718373779999,18133401.16810,3455,119.542,8007338.90080,0
1718373780000,66987.20,67013.20,66972.90,66973.30,198.811,1718373839999,13318436.16890,2389,107.031,7170321.91530,0
1718373840000,66973.20,66987.50,66933.30,66955.50,280.558,1718373899999,18785272.54270,2902,132.254,8855403.64070,0
1718373900000,66955.30,67008.60,66948.50,66950.10,159.536,1718373959999,10683739.01020,1859,100.552,6733763.65110,0
1718373960000,66950.00,67005.50,66933.00,67005.40,155.116,1718374019999,10387666.77770,1898,96.511,6463279.72080,0
1718374020000,67005.50,67089.90,67005.40,67089.90,319.436,1718374079999,21419535.99870,3543,256.973,17231110.95060,0
1718374080000,67089.90,67094.90,67033.90,67041.40,100.496,1718374139999,6739652.48290,1276,61.649,4134386.12690,0
1718374140000,67041.50,67046.90,66963.30,66977.60,150.457,1718374199999,10082123.19480,1847,49.063,3287663.41060,0
1718374200000,66977.60,67017.60,66965.20,66966.00,103.423,1718374259999,6928477.07660,1523,38.301,2565909.66070,0
1718374260000,66966.10,67008.20,66957.10,66989.00,109.922,1718374319999,7363177.21810,1647,78.522,5259977.29740,0
1718374320000,66988.90,66988.90,66957.70,66986.40,133.961,1718374379999,8970935.95610,1653,56.664,3794691.05730,0
1718374380000,66986.50,66986.50,66932.00,66970.90,155.723,1718374439999,10426482.93380,2157,95.295,6380620.14270,0
1718374440000,66971.00,66993.00,66958.20,66983.90,122.073,1718374499999,8176368.23790,1683,86.377,5785610.83710,0
1718374500000,66984.00,67009.00,66960.00,66968.40,74.779,1718374559999,5009317.88210,1581,50.136,3358557.02000,0
1718374560000,66968.50,67033.40,66951.00,67032.50,145.337,1718374619999,9736041.38690,2089,97.366,6523317.58050,0
1718374620000,67032.50,67036.60,66942.70,66942.80,163.950,1718374679999,10981492.99180,2212,60.130,4027311.19910,0
1718374680000,66942.80,66969.00,66905.70,66952.20,272.845,1718374739999,18262036.40060,3257,112.442,7525997.03780,0
1718374740000,66952.20,66958.00,66887.00,66890.10,463.192,1718374799999,30991995.59920,4315,148.859,9959036.02360,0
1718374800000,66890.20,66912.20,66840.00,66843.90,270.529,1718374859999,18091113.41830,3808,85.834,5739833.93700,0
1718374860000,66843.90,66895.30,66825.00,66893.30,541.872,1718374919999,36227090.80440,4556,305.388,20417730.27910,0
1718374920000,66893.20,66893.30,66780.00,66799.20,846.772,1718374979999,56570246.99360,6651,345.198,23063784.51640,0
1718374980000,66799.20,66821.00,66784.90,66802.00,273.218,1718375039999,18252519.36550,2882,167.196,11169633.20050,0
1718375040000,66801.60,66804.80,66780.00,66791.90,242.422,1718375099999,16191590.98440,2665,137.592,9190057.94990,0
1718375100000,66791.80,66817.30,66784.80,66812.70,201.261,1718375159999,13444780.78140,2526,142.890,9545285.28070,0
1718375160000,66812.70,66812.70,66699.60,66753.40,908.693,1718375219999,60654883.32330,8726,367.890,24556526.70970,0
1718375220000,66753.30,66753.40,66600.60,66645.60,1290.197,1718375279999,85995779.39470,10869,449.164,29937004.11740,0
1718375280000,66645.50,66663.90,66593.60,66663.90,714.912,1718375339999,47627172.11500,6448,327.993,21852873.53340,0
1718375340000,66663.90,66708.00,66609.90,66694.10,369.473,1718375399999,24632683.99700,4344,231.974,15465782.62180,0
1718375400000,66693.00,66774.40,66665.70,66746.50,420.132,1718375459999,28035693.43310,5325,315.892,21079752.98350,0
1718375460000,66746.50,66747.80,66583.00,66585.70,323.909,1718375519999,21587100.49700,4873,94.138,6275530.06000,0
1718375520000,66585.70,66659.40,66555.60,66575.80,599.181,1718375579999,39905669.52690,8357,279.414,18609944.58740,0
1718375580000,66575.80,66695.10,66562.30,66695.10,662.360,1718375639999,44129718.37000,7158,532.331,35468188.48870,0
1718375640000,66695.20,66763.60,66695.20,66751.00,524.949,1718375699999,35028326.21920,5763,373.232,24904706.40420,0
1718375700000,66750.90,66750.90,66636.50,66664.40,278.149,1718375759999,18550494.97810,3901,115.906,7729849.75230,0
1718375760000,66664.40,66750.90,66625.00,66749.70,319.467,1718375819999,21310747.44140,4135,226.145,15087584.64800,0
1718375820000,66749.60,66757.30,66728.40,66742.60,335.261,1718375879999,22378082.01040,3414,163.394,10906173.20280,0
1718375880000,66742.60,66846.10,66713.70,66821.60,960.497,1718375939999,64142286.15660,8496,573.030,38270058.58890,0
1718375940000,66821.60,66830.30,66778.10,66807.70,332.471,1718375999999,22211179.45430,3179,125.795,8404447.41330,0
1718376000000,66807.70,66825.80,66766.10,66766.20,120.113,1718376059999,8024060.99260,1987,61.370,4099791.93270,0
1718376060000,66766.10,66789.90,66692.00,66726.00,240.044,1718376119999,16022257.54750,3236,94.342,6297347.18230,0
1718376120000,66726.00,66728.00,66666.50,66679.80,150.492,1718376179999,10037529.92220,3048,52.643,3511126.60580,0
1718376180000,66679.80,66789.40,66674.50,66776.80,146.538,1718376239999,9780089.64070,2891,108.431,7237108.27050,0
1718376240000,66776.80,66862.60,66764.70,66848.00,379.772,1718376299999,25383133.31470,3937,171.018,11430082.18270,0
1718376300000,66847.90,66847.90,66768.40,66783.90,290.794,1718376359999,19426837.28920,3645,95.739,6395523.55980,0
1718376360000,66783.90,66868.00,66783.90,66868.00,234.983,1718376419999,15704925.21780,2815,147.032,9825834.31290,0
1718376420000,66867.90,66892.00,66854.30,66880.50,359.564,1718376479999,24046055.58610,3563,211.332,14133212.17020,0
1718376480000,66880.40,66880.40,66845.20,66861.50,244.403,1718376539999,16340555.76420,2477,126.137,8433488.62350,0
1718376540000,66861.50,66900.90,66848.80,66887.80,288.339,1718376599999,19283441.15760,2510,188.484,12605484.93390,0
1718376600000,66887.70,66933.00,66877.60,66933.00,219.155,1718376659999,14663595.80320,2351,136.078,9105277.13110,0
1718376660000,66932.90,66950.00,66904.10,66904.10,202.300,1718376719999,13538051.43360,2357,66.139,4426150.31660,0
1718376720000,66904.10,66969.00,66885.60,66965.40,287.183,1718376779999,19223473.26440,3280,184.689,12363335.71830,0
1718376780000,66965.40,66979.80,66942.90,66978.00,157.452,1718376839999,10543294.85740,2364,89.044,5962542.43920,0
1718376840000,66978.00,66984.00,66940.40,66940.50,195.235,1718376899999,13073973.06620,2829,78.511,5257653.33430,0
1718376900000,66940.40,66996.50,66940.40,66992.60,263.813,1718376959999,17670013.16270,2488,163.986,10983673.17670,0
1718376960000,66992.60,67017.60,66979.00,66990.70,274.873,1718377019999,18416981.71610,3023,174.872,11716748.87100,0
1718377020000,66990.70,66990.80,66953.20,66970.00,137.957,1718377079999,9239511.82910,1841,65.470,4384850.89790,0
1718377080000,66970.00,66986.00,66957.10,66975.00,109.597,1718377139999,7339680.05660,1362,26.564,1778912.48770,0
1718377140000,66975.00,66980.00,66960.70,66980.00,81.187,1718377199999,5437308.41060,1041,37.112,2485506.45010,0
1718377200000,66980.00,66984.00,66927.80,66939.30,168.722,1718377259999,11296103.23080,2465,56.994,3815868.74990,0
1718377260000,66939.30,66993.10,66939.30,66965.10,124.815,1718377319999,8359463.16100,1587,79.758,5341704.29900,0
1718377320000,66965.00,66965.00,66897.10,66900.00,166.364,1718377379999,11133260.64470,2204,25.151,1683274.54090,0
1718377380000,66900.00,66900.10,66858.00,66881.20,258.355,1718377439999,17277282.32740,2764,103.966,6952260.05840,0
1718377440000,66881.20,66909.90,66876.20,66891.30,78.641,1718377499999,5260135.58170,1261,45.626,3051788.18090,0
1718377500000,66891.50,66927.20,66851.50,66851.50,119.470,1718377559999,7992054.15620,1845,50.729,3393984.88120,0
1718377560000,66851.50,66858.90,66822.10,66840.70,151.279,1718377619999,10111159.27110,2278,53.100,3549265.98080,0
1718377620000,66840.80,66840.80,66774.60,66790.50,330.051,1718377679999,22044782.06870,3132,110.700,7393504.33190,0
1718377680000,66790.60,66821.60,66769.20,66821.60,101.262,1718377739999,6763562.76060,1532,53.831,3595514.08560,0
1718377740000,66821.50,66837.80,66808.00,66812.00,171.530,1718377799999,11462685.12290,1946,127.608,8527400.75810,0
1718377800000,66811.70,66853.00,66807.60,66852.90,66.421,1718377859999,4439129.15300,1304,47.990,3207288.62760,0
1718377860000,66852.90,66855.30,66824.80,66827.00,54.040,1718377919999,3612515.70600,1014,22.247,1487156.31940,0
1718377920000,66827.00,66851.30,66821.90,66838.50,53.549,1718377979999,3579167.53160,1173,34.641,2315335.10190,0
1718377980000,66838.50,66842.40,66782.80,66817.00,117.441,1718378039999,7845699.03710,1603,60.697,4054815.11260,0
1718378040000,66816.90,66843.40,66810.80,66840.00,110.071,1718378099999,7356111.28970,2151,84.282,5632547.66590,0
1718378100000,66840.00,66864.60,66782.90,66787.80,207.346,1718378159999,13858911.85180,2290,124.370,8313913.43960,0
1718378160000,66787.80,66879.90,66752.40,66879.90,640.089,1718378219999,42762746.91630,5383,525.602,35115417.63190,0
1718378220000,66879.80,66891.70,66842.90,66843.00,128.829,1718378279999,8615893.23150,1696,59.512,3980054.94990,0
1718378280000,66843.00,66848.90,66815.20,66842.60,63.521,1718378339999,4245222.01260,1189,30.040,2007610.97440,0
1718378340000,66842.60,66847.90,66826.00,66846.90,53.940,1718378399999,3605549.03650,916,27.107,1811913.82800,0
1718378400000,66847.00,66873.80,66844.10,66869.10,239.302,1718378459999,15999820.06000,1891,182.843,12224847.63400,0
1718378460000,66869.10,66873.30,66810.00,66810.00,74.333,1718378519999,4968798.23270,1128,22.708,1517922.44740,0
1718378520000,66810.00,66846.80,66803.90,66819.10,42.978,1718378579999,2871736.27780,1044,11.468,766310.84510,0
1718378580000,66819.10,66853.20,66819.10,66842.20,43.885,1718378639999,2933232.49390,878,26.204,1751470.11100,0
1718378640000,66842.20,66845.30,66825.10,66845.30,33.612,1718378699999,2246425.28660,642,21.933,1465848.61740,0
1718378700000,66845.20,66955.30,66837.20,66945.10,220.422,1718378759999,14747965.76230,3064,161.156,10782791.89280,0
1718378760000,66945.20,66945.20,66892.10,66905.00,52.512,1718378819999,3513936.58800,1052,24.136,1615057.02300,0
1718378820000,66905.10,66927.20,66905.00,66927.20,58.610,1718378879999,3921817.34280,700,37.989,2541976.58440,0
1718378880000,66927.20,66957.40,66927.10,66947.90,72.165,1718378939999,4831048.90450,1044,49.123,3288489.85020,0
1718378940000,66947.90,66948.90,66901.30,66912.70,114.262,1718378999999,7647198.20690,1265,27.143,1816745.86260,0
1718379000000,66912.80,66965.60,66912.70,66951.20,98.439,1718379059999,6589979.22520,1722,60.213,4030783.28910,0
1718379060000,66951.20,67000.00,66951.20,67000.00,152.571,1718379119999,10218979.98350,2276,106.452,7129894.71630,0
1718379120000,66999.90,67000.10,66974.60,66983.00,231.451,1718379179999,15505142.96790,2057,100.817,6754077.38090,0
1718379180000,66983.10,67066.30,66983.00,66996.50,336.895,1718379239999,22581085.51370,3851,200.631,13448261.10480,0
1718379240000,66996.50,66996.50,66956.00,66958.50,124.918,1718379299999,8366041.47330,1612,53.530,3584688.44570,0
1718379300000,66958.60,66997.70,66956.00,66982.50,53.896,1718379359999,3610198.54030,1157,31.031,2078538.03350,0
1718379360000,66982.40,66982.50,66935.00,66942.30,123.529,1718379419999,8271455.77170,1693,22.677,1518478.96430,0
1718379420000,66942.30,66942.40,66875.00,66875.00,148.623,1718379479999,9943016.11770,2309,10.388,695027.00380,0
1718379480000,66875.00,66879.90,66855.90,66863.90,91.508,1718379539999,6118784.89850,1466,27.776,1857274.72340,0
1718379540000,66863.90,66868.20,66841.60,66847.90,53.536,1718379599999,3579135.22860,984,14.038,938524.74420,0
1718379600000,66848.00,66849.70,66796.00,66806.00,148.611,1718379659999,9929481.07360,2262,28.628,1912733.46140,0
1718379660000,66805.90,66806.00,66783.00,66792.50,85.667,1718379719999,5721835.52770,1190,38.529,2573429.09980,0
1718379720000,66792.60,66800.00,66760.30,66772.90,189.817,1718379779999,12676832.59920,1908,142.650,9527104.16700,0
1718379780000,66773.00,66779.70,66666.00,66666.00,443.653,1718379839999,29598645.34070,4969,174.186,11622792.50630,0
1718379840000,66666.00,66670.00,66637.40,66637.50,500.229,1718379899999,33341996.53540,3876,158.957,10595422.90080,0
1718379900000,66637.40,66680.90,66637.40,66650.00,540.067,1718379959999,35998188.75690,3432,208.372,13889275.94760,0
1718379960000,66650.00,66650.10,66576.70,66600.00,1044.910,1718380019999,69606213.37560,5580,415.819,27693300.14880,0
1718380020000,66600.00,66604.70,66566.80,66592.10,667.320,1718380079999,44438902.72160,4067,125.045,8326123.38060,0
1718380080000,66592.10,66597.40,66488.40,66497.40,1504.310,1718380139999,100081006.22980,11678,409.652,27256240.86900,0
1718380140000,66497.30,66538.70,66472.00,66520.70,727.450,1718380199999,48373497.20030,7230,361.566,24044794.70650,0
1718380200000,66520.70,66544.70,66493.10,66493.10,270.011,1718380259999,17959331.59400,3348,137.173,9124128.17320,0
1718380260000,66493.20,66494.20,66391.80,66420.00,1028.669,1718380319999,68337740.85470,9288,424.529,28202462.49000,0
1718380320000,66419.90,66456.50,66391.20,66453.00,470.208,1718380379999,31234604.46940,4920,212.140,14092620.65240,0
1718380380000,66453.00,66500.10,66439.90,66446.60,290.360,1718380439999,19297718.97310,3571,201.685,13404449.25820,0
1718380440000,66446.60,66450.00,66408.20,66441.30,345.340,1718380499999,22941618.85960,3025,205.591,13658929.23620,0
1718380500000,66441.20,66444.60,66336.00,66347.80,1445.480,1718380559999,95947838.38300,8817,476.387,31617328.49290,0
1718380560000,66347.80,66439.90,66347.30,66383.60,620.767,1718380619999,41204267.15600,3691,475.939,31588987.14120,0
1718380620000,66383.50,66383.60,66334.50,66365.70,553.179,1718380679999,36704744.59990,3444,337.127,22369628.36290,0
1718380680000,66365.60,66387.30,66347.00,66387.30,259.513,1718380739999,17223277.42840,2845,132.535,8796574.58580,0
1718380740000,66387.30,66418.80,66358.80,66380.00,383.253,1718380799999,25443416.48120,2993,161.839,10746012.27550,0
1718380800000,66380.00,66456.00,66379.90,66451.80,585.205,1718380859999,38873503.23570,3986,370.626,24618189.94320,0
1718380860000,66451.80,66453.70,66423.00,66434.40,246.425,1718380919999,16371511.77750,2634,146.435,9728619.22860,0
1718380920000,66434.40,66522.00,66430.30,66466.70,510.408,1718380979999,33934010.21250,4700,276.057,18354175.52490,0
1718380980000,66466.70,66498.60,66464.70,66470.00,126.925,1718381039999,8438329.08190,1730,79.599,5292030.16390,0
1718381040000,66470.00,66474.90,66357.50,66357.50,370.502,1718381099999,24602975.56720,3810,78.618,5220862.75940,0
1718381100000,66357.50,66379.40,66305.60,66320.90,840.845,1718381159999,55779854.61150,7466,342.893,22746119.90510,0
1718381160000,66320.90,66335.10,66295.60,66303.60,670.263,1718381219999,44446444.41000,5592,219.162,14533660.02900,0
1718381220000,66303.60,66347.50,66260.20,66263.70,374.216,1718381279999,24812157.45610,4630,160.789,10662070.93760,0
1718381280000,66263.80,66277.70,65800.00,66118.90,6274.219,1718381339999,414457301.89970,53470,2297.582,151827909.76240,0
1718381340000,66119.00,66144.70,65464.00,65762.70,6819.135,1718381399999,448018021.13580,53321,1875.002,123277410.53960,0
1718381400000,65762.60,66142.00,65735.10,66106.10,3231.756,1718381459999,213190104.10090,26995,1986.380,131014709.50630,0
1718381460000,66106.10,66130.60,66012.20,66130.60,2074.113,1718381519999,137035879.06080,15481,883.997,58395886.13130,0
1718381520000,66129.00,66129.00,66024.20,66039.30,976.075,1718381579999,64485036.74960,9887,476.710,31490595.33710,0
1718381580000,66039.30,66039.40,65836.60,65880.10,1382.377,1718381639999,91104589.24390,12636,487.635,32129726.72910,0
1718381640000,65880.00,65909.00,65828.20,65841.70,679.074,1718381699999,44733819.09040,6707,335.369,22093542.96170,0
1718381700000,65841.70,65973.70,65813.40,65964.60,787.561,1718381759999,51923328.21260,8846,519.274,34235244.48110,0
1718381760000,65964.50,65964.50,65800.00,65814.00,507.284,1718381819999,33409554.74330,6632,275.792,18163965.37060,0
1718381820000,65814.00,65820.10,65683.60,65744.70,1188.963,1718381879999,78190975.73630,11568,586.435,38570892.33340,0
1718381880000,65744.70,65913.20,65706.30,65835.10,743.215,1718381939999,48911507.02440,8833,532.423,35039454.81930,0
1718381940000,65835.00,65900.90,65794.10,65827.90,562.640,1718381999999,37050452.44650,5920,374.244,24645772.88100,0
1718382000000,65827.90,65956.70,65812.60,65934.90,389.518,1718382059999,25675310.82160,5794,233.860,15415153.22040,0
1718382060000,65934.90,65934.90,65866.60,65896.70,304.155,1718382119999,20042686.21880,3725,124.239,8186747.26270,0
1718382120000,65896.60,65902.90,65818.10,65818.10,250.000,1718382179999,16467260.34920,3403,114.526,7543449.74610,0
1718382180000,65818.10,65844.90,65742.90,65760.00,532.085,1718382239999,35009136.42740,5750,249.726,16430967.46390,0
1718382240000,65759.90,65788.00,65703.10,65703.10,339.687,1718382299999,22333911.39760,3937,168.348,11069501.88980,0
1718382300000,65703.20,65771.40,65695.70,65703.20,315.462,1718382359999,20733332.11750,4450,184.855,12149485.29050,0
1718382360000,65703.20,65703.20,65591.70,65682.80,747.788,1718382419999,49084755.55090,9157,304.716,20000494.19400,0
1718382420000,65682.80,65682.90,65550.00,65591.60,678.632,1718382479999,44519467.04810,6715,238.316,15635773.16890,0
1718382480000,65591.60,65599.30,65533.50,65570.10,574.548,1718382539999,37673640.74560,7477,294.786,19329743.68110,0
1718382540000,65570.00,65570.10,65282.80,65313.60,3959.072,1718382599999,258943044.69350,29764,1119.249,73211651.29760,0
1718382600000,65313.60,65400.80,65293.70,65327.50,1352.086,1718382659999,88361509.81230,13499,674.294,44066033.84690,0
1718382660000,65327.40,65471.60,65311.00,65413.10,1333.967,1718382719999,87235857.89830,10094,819.621,53603686.47010,0
1718382720000,65413.10,65484.80,65318.80,65410.00,744.014,1718382779999,48661924.03070,8132,449.583,29409329.11220,0
1718382780000,65410.00,65464.00,65355.00,65361.20,386.977,1718382839999,25312304.06130,4960,188.411,12324241.66370,0
1718382840000,65361.20,65383.50,65300.00,65313.60,625.800,1718382899999,40881309.81530,6630,273.155,17844809.42290,0
1718382900000,65313.70,65419.10,65267.00,65419.10,744.832,1718382959999,48646362.70920,8318,361.389,23605720.48880,0
1718382960000,65419.10,65532.90,65419.10,65468.10,915.897,1718383019999,59976625.75350,9034,580.480,38010951.73810,0
1718383020000,65468.00,65471.80,65300.50,65374.20,782.577,1718383079999,51161513.48210,8241,418.233,27339944.07930,0
1718383080000,65374.20,65420.00,65341.10,65349.80,417.532,1718383139999,27296285.12830,4710,207.016,13534540.43630,0
1718383140000,65349.80,65429.00,65314.50,65353.60,668.894,1718383199999,43720472.49870,6036,325.599,21282058.92340,0
1718383200000,65353.50,65399.80,65309.60,65346.10,629.256,1718383259999,41122074.35600,6109,320.873,20971193.18240,0
1718383260000,65346.00,65360.80,65287.20,65337.20,850.521,1718383319999,55556798.52760,6326,379.078,24765275.60580,0
1718383320000,65337.10,65510.50,65200.60,65507.00,1249.028,1718383379999,81563491.15060,11783,562.803,36764816.73390,0
1718383380000,65507.00,65512.00,65365.30,65368.00,604.796,1718383439999,39581209.22740,5607,301.101,19703862.86780,0
1718383440000,65368.00,65368.00,65200.00,65288.60,950.721,1718383499999,62034930.25590,9337,501.446,32721019.01100,0
1718383500000,65288.60,65339.00,65200.00,65220.00,860.735,1718383559999,56180602.49060,7553,384.967,25127091.45380,0
1718383560000,65220.00,65407.10,65220.00,65407.10,518.593,1718383619999,33880592.74660,6206,434.011,28355695.09470,0
1718383620000,65407.10,65407.10,65256.50,65289.10,309.495,1718383679999,20221454.72510,4303,135.650,8862096.56400,0
1718383680000,65289.00,65347.20,65269.90,65337.60,416.150,1718383739999,27177919.88020,4397,300.221,19606735.31680,0
1718383740000,65337.70,65439.10,65321.10,65439.10,415.158,1718383799999,27146365.94750,4750,294.175,19236136.76920,0
1718383800000,65439.20,65550.00,65439.20,65493.00,1092.334,1718383859999,71548181.79290,9670,674.059,44150259.76910,0
1718383860000,65492.90,65588.00,65483.20,65531.90,524.051,1718383919999,34352883.54960,6038,319.411,20938357.12310,0
1718383920000,65531.90,65548.60,65506.20,65508.40,449.408,1718383979999,29448396.45880,3785,185.733,12171240.16310,0
1718383980000,65508.40,65550.10,65454.50,65454.60,538.885,1718384039999,35309899.88880,4285,212.878,13951210.57630,0
1718384040000,65454.60,65488.00,65417.10,65419.30,347.655,1718384099999,22754001.97340,3809,121.485,7951620.54430,0
1718384100000,65419.20,65494.00,65406.20,65424.50,252.978,1718384159999,16559058.15230,3530,131.357,8598273.24680,0
1718384160000,65424.50,65454.80,65336.50,65343.10,322.588,1718384219999,21098860.05790,4310,102.823,6724358.84510,0
1718384220000,65343.00,65362.60,65300.00,65324.00,426.860,1718384279999,27885533.50240,4831,152.742,9978111.97210,0
1718384280000,65324.00,65343.20,65219.00,65249.60,767.874,1718384339999,50118401.31480,6268,221.104,14432883.40500,0
1718384340000,65249.60,65300.00,65240.80,65286.20,250.029,1718384399999,16318657.99130,2750,163.202,10651826.46810,0
1718384400000,65286.10,65347.70,65251.20,65314.00,446.656,1718384459999,29165081.55540,4891,307.481,20078991.96350,0
1718384460000,65313.90,65316.90,65211.00,65225.60,428.219,1718384519999,27945777.54420,4090,148.296,9679636.53720,0
1718384520000,65225.60,65278.70,65202.00,65250.00,368.373,1718384579999,24028989.97150,3097,135.494,8838786.92100,0
1718384580000,65250.00,65252.80,65128.20,65143.60,1337.542,1718384639999,87179815.54590,10394,307.591,20047511.52420,0
1718384640000,65143.60,65162.10,65052.40,65072.70,1445.067,1718384699999,94077425.78570,12106,515.240,33544542.50170,0
1718384700000,65072.70,65129.70,65070.90,65080.50,333.417,1718384759999,21703837.88660,4505,219.376,14280172.25150,0
1718384760000,65080.60,65129.70,65072.80,65090.10,425.501,1718384819999,27699301.46940,3991,283.841,18478017.44500,0
1718384820000,65090.10,65196.60,65090.00,65196.60,397.606,1718384879999,25907671.37470,4777,293.030,19093852.43980,0
1718384880000,65196.50,65269.80,65152.50,65152.60,474.595,1718384939999,30952073.86590,4921,293.038,19111955.08380,0
1718384940000,65152.70,65321.00,65152.70,65302.20,365.062,1718384999999,23825577.04120,4424,276.883,18070314.79150,0
1718385000000,65302.20,65416.00,65252.70,65399.40,770.264,1718385059999,50342601.48370,6679,471.377,30812589.49220,0
1718385060000,65399.40,65405.10,65324.90,65349.10,337.998,1718385119999,22091997.62680,3497,129.284,8449763.08300,0
1718385120000,65349.10,65363.60,65315.00,65345.00,115.308,1718385179999,7534045.25470,2009,45.661,2983322.46970,0
1718385180000,65344.90,65396.60,65329.20,65395.60,243.947,1718385239999,15944389.88630,2349,185.168,12102578.72210,0
1718385240000,65395.60,65430.00,65380.60,65410.00,315.665,1718385299999,20646111.27110,3282,192.845,12612889.59550,0
1718385300000,65410.10,65478.40,65371.10,65468.10,412.046,1718385359999,26956243.66990,4347,247.589,16197723.77970,0
1718385360000,65468.10,65490.00,65423.60,65423.70,375.276,1718385419999,24566875.01410,3336,140.060,9169649.63770,0
1718385420000,65423.60,65474.50,65419.00,65474.50,177.045,1718385479999,11586575.49030,2348,93.241,6101918.65720,0
1718385480000,65474.40,65486.80,65432.30,65433.50,285.065,1718385539999,18660585.56040,3442,114.683,7507552.83370,0
1718385540000,65433.50,65482.20,65430.30,65467.70,142.362,1718385599999,9319883.01380,1886,69.850,4572901.38860,0
1718385600000,65467.60,65509.50,65461.00,65504.80,190.187,1718385659999,12455639.85740,2276,128.555,8419331.61730,0
1718385660000,65504.90,65549.70,65495.00,65495.10,320.701,1718385719999,21012680.93580,3827,161.119,10556707.36530,0
1718385720000,65495.10,65518.90,65492.90,65506.10,197.384,1718385779999,12929469.37830,2133,94.065,6161598.64830,0
1718385780000,65506.10,65517.20,65428.70,65438.00,338.192,1718385839999,22143020.50910,3263,123.482,8084288.96950,0
1718385840000,65438.00,65484.80,65430.00,65450.10,97.754,1718385899999,6399234.76800,1619,54.229,3549749.87370,0
1718385900000,65450.10,65520.00,65450.10,65494.00,106.054,1718385959999,6946528.44360,1606,70.422,4612410.01420,0
1718385960000,65493.90,65495.80,65449.90,65495.80,65.136,1718386019999,4264241.43540,1437,30.191,1976630.67910,0
1718386020000,65495.80,65527.70,65486.30,65509.90,133.852,1718386079999,8768698.61290,1726,90.575,5933696.39450,0
1718386080000,65510.00,65527.70,65500.00,65500.00,77.764,1718386139999,5095061.17690,1070,34.835,2282400.89400,0
1718386140000,65500.00,65517.50,65468.00,65516.10,117.315,1718386199999,7683447.22560,1372,74.491,4878855.15100,0
1718386200000,65516.00,65516.10,65495.00,65514.00,102.118,1718386259999,6689570.11240,1551,46.165,3024113.92010,0
1718386260000,65513.90,65514.00,65454.90,65475.90,155.392,1718386319999,10174981.47010,1801,30.760,2013951.67350,0
1718386320000,65475.80,65496.90,65438.00,65438.00,108.812,1718386379999,7124257.13720,1671,32.987,2159798.14190,0
1718386380000,65438.10,65543.70,65437.00,65543.70,213.103,1718386439999,13957161.13320,2161,155.077,10157387.67680,0
1718386440000,65543.70,65610.60,65543.60,65593.30,324.235,1718386499999,21263110.11850,3765,223.962,14686783.42750,0
1718386500000,65593.40,65654.60,65593.30,65646.70,280.458,1718386559999,18406437.85270,3148,185.619,12181766.77630,0
1718386560000,65646.60,65670.70,65643.20,65643.30,198.126,1718386619999,13008198.38640,2391,94.118,6179593.80820,0
1718386620000,65643.30,65662.20,65642.20,65645.50,110.680,1718386679999,7265820.99060,1383,35.559,2334360.16590,0
1718386680000,65645.60,65669.90,65636.90,65669.10,202.704,1718386739999,13307373.81620,2290,77.719,5102314.89470,0
1718386740000,65669.00,65712.20,65657.60,65700.70,358.856,1718386799999,23571162.77790,3104,248.027,16290997.81600,0
1718386800000,65700.70,65747.70,65700.70,65713.80,343.212,1718386859999,22557982.31390,3869,229.022,15053000.61110,0
1718386860000,65713.80,65713.90,65633.70,65633.70,431.486,1718386919999,28337934.52330,4342,76.413,5018093.75970,0
1718386920000,65633.70,65650.00,65581.60,65614.40,289.574,1718386979999,19000471.09570,3104,63.096,4139892.12810,0
1718386980000,65614.40,65631.00,65519.50,65524.10,315.842,1718387039999,20706375.42280,3967,117.171,7681405.32080,0
1718387040000,65524.00,65530.00,65487.80,65517.40,308.217,1718387099999,20192685.08730,2774,119.087,7801558.60110,0
1718387100000,65517.30,65542.50,65485.00,65500.00,228.289,1718387159999,14957773.89160,2930,101.960,6681337.45270,0
1718387160000,65500.10,65524.40,65467.50,65523.70,141.146,1718387219999,9245022.65150,2104,83.327,5457874.76330,0
1718387220000,65523.60,65523.60,65416.50,65436.60,209.003,1718387279999,13678403.26410,2996,41.953,2745600.22690,0
1718387280000,65436.50,65455.60,65390.00,65410.60,263.297,1718387339999,17226146.72550,2696,122.773,8033436.63300,0
1718387340000,65410.50,65419.70,65377.00,65400.00,138.941,1718387399999,9087570.62030,1773,58.554,3829953.08640,0
1718387400000,65400.00,65426.50,65377.00,65426.50,160.188,1718387459999,10475284.26510,2157,93.240,6097615.55970,0
1718387460000,65426.50,65461.30,65402.10,65407.90,180.178,1718387519999,11789240.25340,2300,109.612,7172225.47740,0
1718387520000,65408.00,65422.10,65400.00,65416.30,52.981,1718387579999,3465553.43810,1211,23.251,1520921.62730,0
1718387580000,65416.20,65452.10,65415.40,65452.10,107.201,1718387639999,7014743.56510,1173,80.998,5300035.58480,0
1718387640000,65452.10,65452.10,65405.60,65413.40,184.094,1718387699999,12045748.86560,1409,66.983,4382418.45190,0
1718387700000,65413.50,65413.50,65375.90,65389.90,156.745,1718387759999,10250739.85710,1568,43.290,2830956.11860,0
1718387760000,65390.00,65390.00,65348.00,65373.10,212.555,1718387819999,13893894.12270,2347,84.433,5519244.68060,0
1718387820000,65373.00,65387.70,65310.10,65335.80,191.978,1718387879999,12545923.88630,2394,80.747,5277815.82920,0
1718387880000,65335.70,65391.10,65335.70,65391.10,176.596,1718387939999,11543521.43460,1656,133.651,8736039.79520,0
1718387940000,65391.10,65422.90,65388.00,65401.00,166.270,1718387999999,10874505.79580,1758,112.311,7345244.74070,0
1718388000000,65400.10,65400.10,65314.00,65387.40,192.584,1718388059999,12585620.26850,2633,65.037,4249948.45210,0
1718388060000,65387.40,65387.40,65326.80,65351.00,113.331,1718388119999,7406558.08350,1842,62.231,4066842.55800,0
1718388120000,65350.90,65421.60,65350.90,65401.90,144.595,1718388179999,9455901.43310,1896,104.197,6813831.48040,0
1718388180000,65402.00,65403.90,65339.00,65377.20,176.705,1718388239999,11553349.36800,1728,58.439,3820150.37190,0
1718388240000,65377.30,65427.40,65357.60,65423.10,95.450,1718388299999,6242398.86520,1610,64.962,4248311.94130,0
1718388300000,65423.20,65423.20,65360.00,65394.00,148.920,1718388359999,9737971.24730,1985,75.152,4914122.64380,0
1718388360000,65393.90,65399.90,65315.80,65320.50,202.390,1718388419999,13226308.94200,2141,61.212,4000001.05300,0
1718388420000,65320.60,65333.40,65273.40,65282.60,296.672,1718388479999,19370614.69080,3281,86.830,5669473.26960,0
1718388480000,65282.60,65288.00,65194.80,65221.20,516.155,1718388539999,33666055.19710,6066,205.339,13391643.06280,0
1718388540000,65221.20,65251.40,65140.00,65180.90,393.313,1718388599999,25641981.41830,5123,178.321,11626293.62820,0
1718388600000,65180.80,65187.50,65126.30,65139.90,404.072,1718388659999,26327821.03990,4049,182.618,11898995.25030,0
1718388660000,65139.90,65147.10,65120.00,65122.40,299.027,1718388719999,19476348.43300,3089,125.760,8190912.35880,0
1718388720000,65122.40,65201.90,65119.40,65161.60,275.562,1718388779999,17953889.07500,2936,211.311,13768138.39100,0
1718388780000,65161.60,65187.10,65146.60,65187.10,110.151,1718388839999,7178576.79410,1601,68.277,4449676.21870,0
1718388840000,65187.00,65212.50,65126.00,65133.90,143.510,1718388899999,9352259.75620,1793,82.661,5387106.04660,0
1718388900000,65133.90,65198.30,65125.10,65125.10,209.750,1718388959999,13665971.55070,2543,82.582,5381045.01210,0
1718388960000,65125.10,65137.90,65099.00,65099.00,326.664,1718389019999,21271240.53860,2840,106.871,6959767.15530,0
1718389020000,65099.10,65142.00,65098.80,65116.80,159.819,1718389079999,10406553.93660,1803,84.373,5494302.42480,0
1718389080000,65116.80,65206.90,65106.70,65167.10,321.393,1718389139999,20946823.48630,3055,226.597,14768220.14980,0
1718389140000,65167.00,65233.80,65167.00,65233.80,153.442,1718389199999,10003679.64290,2132,80.360,5239525.36680,0
1718389200000,65233.80,65242.00,65168.00,65168.00,138.643,1718389259999,9042204.87490,2322,48.733,3178404.98030,0
1718389260000,65168.00,65194.00,65133.70,65157.40,162.508,1718389319999,10588717.30390,2384,80.407,5239037.74660,0
1718389320000,65156.90,65165.30,65079.40,65084.00,424.027,1718389379999,27606708.22690,3961,80.458,5238103.52390,0
1718389380000,65085.50,65115.70,65072.60,65107.20,277.790,1718389439999,18081742.38760,2969,129.129,8405315.79340,0
1718389440000,65107.20,65163.50,65077.00,65098.10,262.039,1718389499999,17065172.89210,3297,97.488,6349266.50180,0
1718389500000,65098.10,65214.50,65098.00,65187.40,294.546,1718389559999,19198707.86380,3469,231.229,15071192.79730,0
1718389560000,65187.30,65197.20,65155.70,65155.70,72.997,1718389619999,4757876.70460,1455,26.912,1754114.72570,0
1718389620000,65155.70,65259.00,65155.70,65210.30,152.764,1718389679999,9963564.10560,2188,119.165,7772042.31690,0
1718389680000,65210.30,65261.70,65210.30,65257.50,150.604,1718389739999,9826293.29720,2169,104.396,6811194.71480,0
1718389740000,65257.40,65297.50,65254.40,65258.10,133.370,1718389799999,8705647.81160,2063,59.613,3891286.15380,0
1718389800000,65258.20,65299.40,65224.40,65295.00,141.458,1718389859999,9230932.48070,2049,98.415,6422123.75340,0
1718389860000,65295.00,65298.00,65252.80,65256.50,98.829,1718389919999,6450379.48760,1550,71.574,4671206.27060,0
1718389920000,65256.50,65367.00,65256.40,65351.70,339.927,1718389979999,22202080.16510,4297,260.896,17039255.19180,0
1718389980000,65351.70,65360.00,65300.00,65360.00,169.109,1718390039999,11048198.89360,2464,87.372,5708174.98470,0
1718390040000,65360.00,65368.80,65321.70,65330.00,132.629,1718390099999,8667926.69400,1528,68.787,4495588.10840,0
1718390100000,65330.00,65348.00,65316.20,65339.60,93.080,1718390159999,6080983.78250,1437,37.125,2425361.52380,0
1718390160000,65339.50,65367.30,65330.90,65360.90,56.132,1718390219999,3668258.68860,1330,33.378,2181323.50180,0
1718390220000,65360.90,65364.50,65335.40,65335.40,66.388,1718390279999,4338689.06510,1310,30.950,2022655.62320,0
1718390280000,65335.40,65376.80,65321.50,65366.80,102.484,1718390339999,6698290.30820,1393,85.403,5581978.05930,0
1718390340000,65366.90,65371.40,65340.00,65350.60,201.984,1718390399999,13200880.92370,1715,70.866,4631299.49800,0
1718390400000,65350.60,65350.60,65289.10,65327.40,122.328,1718390459999,7990601.87140,1724,25.094,1639069.98120,0
1718390460000,65327.50,65334.80,65305.40,65311.80,48.002,1718390519999,3135499.04400,1248,23.931,1563150.39100,0
1718390520000,65311.90,65390.00,65305.80,65383.20,217.115,1718390579999,14191937.05130,2538,134.194,8771701.04150,0
1718390580000,65383.20,65399.60,65375.50,65397.80,130.173,1718390639999,8512332.55580,1467,88.227,5769398.69970,0
1718390640000,65397.80,65458.70,65394.10,65450.00,294.972,1718390699999,19297832.26880,2982,222.480,14554507.50940,0
1718390700000,65450.00,65450.00,65404.20,65410.80,147.832,1718390759999,9671377.60420,1927,47.988,3139089.73830,0
1718390760000,65410.90,65427.80,65376.70,65376.80,129.649,1718390819999,8479768.49760,1835,27.637,1807490.13900,0
1718390820000,65376.70,65383.50,65361.10,65366.60,87.808,1718390879999,5740215.26100,1379,37.669,2462537.30770,0
1718390880000,65366.60,65377.10,65335.50,65347.90,69.737,1718390939999,4557796.75780,1172,26.023,1700758.40280,0
1718390940000,65349.10,65390.30,65342.20,65342.20,44.171,1718390999999,2887503.46260,988,19.295,1261423.15190,0
1718391000000,65342.30,65382.70,65333.50,65382.70,52.483,1718391059999,3429939.38450,947,25.423,1661633.24910,0
1718391060000,65382.60,65410.00,65382.60,65410.00,39.261,1718391119999,2567567.07370,872,25.523,1669145.15060,0
1718391120000,65409.90,65486.00,65401.10,65486.00,159.559,1718391179999,10441960.24050,2100,138.860,9087378.02890,0
1718391180000,65486.00,65522.80,65463.10,65503.60,268.423,1718391239999,17581286.13210,2512,201.565,13201941.06750,0
1718391240000,65503.70,65525.00,65495.90,65511.00,124.267,1718391299999,8141271.62540,1605,56.603,3708303.17320,0
1718391300000,65511.00,65511.00,65446.20,65465.00,221.290,1718391359999,14488376.83770,2506,57.415,3759439.98540,0
1718391360000,65464.90,65501.50,65463.00,65493.10,85.823,1718391419999,5620447.36640,1145,25.784,1688347.96760,0
1718391420000,65493.10,65510.80,65468.70,65497.70,150.087,1718391479999,9828823.26590,1779,91.704,6005528.52610,0
1718391480000,65497.40,65497.40,65470.50,65490.10,56.810,1718391539999,3720032.45260,947,20.090,1315478.19800,0
1718391540000,65490.10,65511.10,65490.10,65510.70,56.950,1718391599999,3730533.67680,860,27.219,1782956.57270,0
1718391600000,65510.70,65510.70,65459.90,65494.40,162.009,1718391659999,10608847.72220,2446,41.735,2732912.04170,0
1718391660000,65495.90,65499.90,65483.60,65499.90,69.528,1718391719999,4553453.22100,811,51.028,3341868.90510,0
1718391720000,65499.80,65499.80,65459.20,65480.90,91.921,1718391779999,6018296.98330,1342,23.994,1570837.89690,0
1718391780000,65480.90,65516.90,65475.90,65515.80,63.035,1718391839999,4128946.22830,1226,33.038,2164054.18510,0
1718391840000,65515.80,65519.10,65484.80,65495.60,106.325,1718391899999,6964582.76430,1319,78.770,5159626.23670,0
1718391900000,65495.60,65505.90,65470.50,65505.80,71.677,1718391959999,4693587.88900,1195,20.931,1370592.46760,0
1718391960000,65505.80,65505.80,65493.50,65499.90,34.484,1718392019999,2258685.34480,684,15.210,996231.28960,0
1718392020000,65499.90,65500.00,65450.00,65480.80,68.541,1718392079999,4487418.68980,1119,25.039,1639318.61780,0
1718392080000,65480.30,65480.30,65424.40,65459.50,58.988,1718392139999,3861182.69030,1486,14.526,950800.75410,0
1718392140000,65459.50,65497.30,65459.50,65497.20,43.945,1718392199999,2877518.10010,837,31.291,2048842.45240,0
1718392200000,65497.30,65508.50,65474.60,65508.50,59.356,1718392259999,3887415.46580,1015,22.684,1485698.11940,0
1718392260000,65508.50,65520.40,65477.00,65519.90,62.358,1718392319999,4084766.18820,1166,22.255,1457839.16960,0
1718392320000,65520.00,65520.00,65453.00,65453.00,59.628,1718392379999,3904696.22900,1055,11.653,763074.47070,0
1718392380000,65453.10,65453.10,65361.30,65392.20,140.741,1718392439999,9203544.16580,2133,34.852,2278911.03150,0
1718392440000,65392.20,65392.20,65333.40,65340.40,187.139,1718392499999,12230502.85920,1860,36.786,2403813.45030,0
1718392500000,65340.40,65350.00,65287.20,65325.90,207.088,1718392559999,13525854.33250,2539,58.286,3807393.60650,0
1718392560000,65325.90,65349.30,65291.30,65349.30,88.132,1718392619999,5756489.53770,1490,32.067,2094841.10910,0
1718392620000,65349.30,65365.60,65320.10,65333.30,99.778,1718392679999,6520335.84040,1316,52.995,3463086.59320,0
1718392680000,65333.20,65363.90,65333.20,65349.10,57.013,1718392739999,3725971.00410,814,38.724,2530705.52940,0
1718392740000,65349.00,65349.00,65330.00,65345.40,36.052,1718392799999,2355506.08140,708,17.854,1166499.26090,0
1718392800000,65345.50,65347.40,65293.10,65301.60,74.971,1718392859999,4896262.12630,1216,17.421,1137662.05550,0
1718392860000,65301.50,65326.10,65294.90,65326.00,54.867,1718392919999,3583465.09450,1012,36.131,2359789.69850,0
1718392920000,65326.10,65353.80,65322.80,65353.80,47.161,1718392979999,3081426.25920,944,36.116,2359783.98120,0
1718392980000,65353.80,65384.80,65353.80,65384.50,60.997,1718393039999,3987839.73340,944,42.460,2775844.33990,0
1718393040000,65384.60,65411.50,65343.40,65369.60,76.851,1718393099999,5024675.91050,1341,54.969,3593875.25090,0
1718393100000,65369.60,65401.10,65369.50,65401.10,19.874,1718393159999,1299430.91840,708,16.086,1051767.86930,0
1718393160000,65401.00,65403.00,65373.50,65373.50,42.543,1718393219999,2781923.04960,601,11.923,779611.30750,0
1718393220000,65373.50,65385.90,65359.40,65385.90,36.554,1718393279999,2389455.97970,679,19.209,1255650.81120,0
1718393280000,65385.90,65416.00,65385.80,65416.00,39.479,1718393339999,2582076.78460,791,26.091,1706455.73390,0
1718393340000,65416.20,65694.30,65416.20,65654.00,1055.011,1718393399999,69186099.79370,8850,834.580,54714912.72180,0
1718393400000,65653.90,65675.60,65587.50,65603.50,437.608,1718393459999,28721587.44320,4603,227.836,14952851.85620,0
1718393460000,65603.50,65603.50,65555.40,65569.90,101.484,1718393519999,6654140.55810,1796,42.748,2802703.45410,0
1718393520000,65570.00,65610.80,65540.60,65565.60,163.034,1718393579999,10691743.99160,1843,81.529,5346915.59220,0
1718393580000,65564.90,65580.00,65545.20,65571.00,100.122,1718393639999,6564862.99950,1225,61.788,4051235.15010,0
1718393640000,65571.10,65574.10,65550.00,65550.00,52.364,1718393699999,3433015.84520,844,14.652,960577.82660,0
1718393700000,65550.00,65610.80,65546.40,65593.90,78.664,1718393759999,5158374.42960,1234,50.759,3328319.74240,0
1718393760000,65592.70,65600.10,65563.30,65570.10,65.830,1718393819999,4317032.26040,1126,31.278,2050969.98500,0
1718393820000,65570.00,65570.10,65520.00,65550.00,133.531,1718393879999,8751848.36950,1560,29.458,1930797.18280,0
1718393880000,65550.00,65553.60,65481.60,65495.20,88.731,1718393939999,5813433.42640,1346,17.355,1137141.93290,0
1718393940000,65495.10,65495.10,65450.00,65466.00,70.325,1718393999999,4603684.01930,1166,21.611,1414649.60010,0
1718394000000,65465.90,65497.80,65452.50,65483.90,53.254,1718394059999,3486834.49830,1001,29.192,1911419.34730,0
1718394060000,65483.90,65494.90,65455.70,65467.60,53.026,1718394119999,3471694.23380,782,16.909,1107028.07790,0
1718394120000,65467.50,65476.50,65456.50,65467.40,38.832,1718394179999,2542107.04840,760,16.219,1061716.81320,0
1718394180000,65467.40,65467.40,65434.60,65434.70,39.927,1718394239999,2613101.03150,813,4.725,309239.87910,0
1718394240000,65434.60,65458.90,65426.40,65458.90,35.438,1718394299999,2319112.86320,726,18.201,1191118.10110,0
1718394300000,65458.80,65458.90,65427.00,65434.40,71.824,1718394359999,4700369.37540,961,20.456,1338584.50310,0
1718394360000,65434.50,65466.40,65425.10,65466.30,114.226,1718394419999,7474859.39900,1235,51.444,3366506.94230,0
1718394420000,65466.30,65497.40,65451.50,65497.40,77.075,1718394479999,5046000.64370,1094,49.493,3240174.57400,0
1718394480000,65497.40,65532.70,65478.80,65524.90,157.616,1718394539999,10324104.32600,1324,117.673,7707353.81650,0
1718394540000,65524.80,65524.80,65478.40,65510.00,75.460,1718394599999,4942598.62950,877,46.344,3035527.71250,0
1718394600000,65509.90,65520.00,65480.00,65483.90,65.069,1718394659999,4261836.43310,757,34.864,2283414.34400,0
1718394660000,65483.90,65483.90,65455.00,65455.00,46.551,1718394719999,3047522.56950,769,23.241,1521416.82260,0
1718394720000,65455.00,65455.00,65401.20,65411.00,149.593,1718394779999,9786897.99350,1242,36.941,2416176.05700,0
1718394780000,65411.00,65413.50,65392.80,65395.90,65.649,1718394839999,4293330.90120,1019,25.666,1678446.59560,0
1718394840000,65395.90,65458.00,65392.50,65457.90,90.059,1718394899999,5891423.05160,1109,74.842,4895948.00820,0
1718394900000,65457.90,65521.30,65449.90,65521.20,76.661,1718394959999,5019696.72940,1123,44.050,2884662.09540,0
1718394960000,65521.20,65537.40,65506.40,65506.40,43.255,1718395019999,2834052.28260,854,15.114,990346.72050,0
1718395020000,65506.40,65543.30,65493.90,65540.40,85.772,1718395079999,5620367.97960,903,63.692,4173504.42510,0
1718395080000,65540.30,65549.60,65531.20,65549.60,112.803,1718395139999,7393000.83770,1082,70.495,4620091.49920,0
1718395140000,65549.60,65558.10,65447.00,65514.90,260.530,1718395199999,17062737.15160,2943,108.614,7113442.73950,0
1718395200000,65514.90,65546.10,65471.60,65495.10,90.096,1718395259999,5902859.55910,2088,31.070,2035292.77410,0
1718395260000,65495.10,65583.70,65495.10,65530.10,152.407,1718395319999,9992377.30000,1915,93.082,6102871.98680,0
1718395320000,65530.10,65572.00,65530.00,65572.00,58.046,1718395379999,3804942.93960,1209,35.263,2311467.21110,0
1718395380000,65572.00,65630.00,65572.00,65627.20,152.242,1718395439999,9987946.52750,1880,109.079,7156122.69010,0
1718395440000,65627.10,65634.10,65567.20,65618.00,313.962,1718395499999,20593787.96740,2120,62.203,4080785.29300,0
1718395500000,65617.90,65653.00,65610.00,65649.20,148.738,1718395559999,9761392.98210,1822,84.711,5559280.49760,0
1718395560000,65649.20,65649.20,65527.70,65542.10,137.100,1718395619999,8991269.49930,2010,20.634,1352849.09390,0
1718395620000,65542.00,65550.20,65520.60,65528.80,51.898,1718395679999,3401199.75900,787,20.377,1335349.23840,0
1718395680000,65528.80,65542.30,65524.40,65537.40,41.694,1718395739999,2732385.78280,811,18.662,1222990.96330,0
1718395740000,65537.40,65549.50,65537.40,65549.50,14.420,1718395799999,945172.95970,412,9.277,608066.89810,0
1718395800000,65549.50,65549.60,65528.00,65535.80,36.681,1718395859999,2404068.51740,544,8.681,568892.69390,0
1718395860000,65535.70,65554.90,65535.70,65554.90,20.016,1718395919999,1312054.74570,423,14.759,967448.23380,0
1718395920000,65554.80,65609.00,65554.80,65597.50,40.947,1718395979999,2685790.18470,870,27.687,1815958.56560,0
1718395980000,65597.60,65637.00,65593.10,65630.00,34.390,1718396039999,2256641.43220,693,25.719,1687705.86260,0
1718396040000,65629.30,65639.60,65607.30,65639.60,115.682,1718396099999,7590940.92450,1163,72.873,4781917.28040,0
1718396100000,65639.50,65639.60,65601.20,65609.30,71.674,1718396159999,4702963.28610,1102,13.020,854258.22520,0
1718396160000,65609.30,65635.30,65609.30,65623.90,32.020,1718396219999,2101348.27050,706,15.487,1016355.24810,0
1718396220000,65623.90,65659.70,65623.80,65658.50,92.832,1718396279999,6093860.65220,1112,74.168,4868679.37910,0
1718396280000,65658.50,65667.20,65645.40,65646.60,66.138,1718396339999,4342273.46980,923,21.234,1394159.40670,0
1718396340000,65646.70,65650.00,65641.70,65650.00,68.261,1718396399999,4481101.84650,609,34.284,2250637.19450,0
1718396400000,65650.00,65668.80,65650.00,65668.80,102.280,1718396459999,6715877.83160,1090,69.548,4566506.46650,0
1718396460000,65668.80,65679.00,65661.10,65678.90,56.362,1718396519999,3701212.96060,766,29.615,1944818.49180,0
1718396520000,65679.00,65704.90,65670.00,65701.90,97.917,1718396579999,6432029.99510,1478,69.404,4559089.30390,0
1718396580000,65702.00,65726.00,65692.40,65725.90,114.733,1718396639999,7539004.73440,1594,66.872,4394178.65940,0
1718396640000,65725.90,65762.40,65725.90,65735.80,207.256,1718396699999,13626221.23600,3518,100.302,6594477.71630,0
1718396700000,65735.80,65735.90,65679.30,65719.40,308.993,1718396759999,20302481.91430,3240,69.001,4533660.10750,0
1718396760000,65719.40,65747.00,65717.00,65734.10,180.564,1718396819999,11869275.95500,1540,95.800,6297383.14340,0
1718396820000,65734.20,65849.00,65734.10,65849.00,496.284,1718396879999,32649238.47910,3907,457.146,30075196.53230,0
1718396880000,65848.30,65856.00,65795.70,65845.60,633.394,1718396939999,41702346.31520,5370,309.125,20352892.82550,0
1718396940000,65845.50,65915.50,65845.50,65895.80,582.168,1718396999999,38358567.81070,4347,382.578,25207690.95160,0
1718397000000,65895.70,65898.20,65870.40,65891.40,330.028,1718397059999,21744193.33880,3336,170.760,11250906.18720,0
1718397060000,65891.40,65925.00,65885.60,65898.10,103.291,1718397119999,6807363.83010,1615,47.222,3112263.87910,0
1718397120000,65898.10,65973.50,65898.00,65966.00,463.307,1718397179999,30552357.93640,4754,370.739,24448047.64720,0
1718397180000,65964.90,65972.60,65836.90,65842.40,380.025,1718397239999,25043590.47360,3794,54.203,3572381.61940,0
1718397240000,65842.40,65874.20,65823.20,65827.30,170.924,1718397299999,11254449.12070,2015,44.514,2931311.61550,0
1718397300000,65827.40,65839.00,65802.00,65829.10,179.111,1718397359999,11788839.64770,1972,62.403,4107435.53640,0
1718397360000,65829.20,65846.00,65829.10,65839.90,53.405,1718397419999,3516084.43770,766,23.140,1523511.33550,0
1718397420000,65840.00,65840.00,65815.60,65833.70,109.539,1718397479999,7210415.96230,1085,53.574,3526278.33790,0
1718397480000,65833.70,65837.30,65813.90,65816.20,94.217,1718397539999,6201690.89780,1193,15.671,1031485.01150,0
1718397540000,65816.20,65840.00,65800.00,65800.00,94.522,1718397599999,6220778.78970,1190,12.747,839077.06240,0
1718397600000,65800.00,65800.10,65751.60,65771.90,358.611,1718397659999,23586801.11430,2741,97.031,6381313.91890,0
1718397660000,65771.90,65785.70,65753.20,65753.30,68.315,1718397719999,4493027.11160,973,11.291,742656.82160,0
1718397720000,65753.30,65764.30,65750.00,65750.00,71.456,1718397779999,4698655.94280,801,36.474,2398355.41580,0
1718397780000,65750.10,65750.10,65719.40,65735.30,96.012,1718397839999,6311131.51480,1262,28.328,1861963.16410,0
1718397840000,65735.30,65757.10,65735.30,65757.00,36.251,1718397899999,2383344.45310,708,33.232,2184868.22160,0
1718397900000,65757.10,65757.10,65720.00,65733.60,54.703,1718397959999,3595982.51730,784,23.887,1570065.24960,0
1718397960000,65733.60,65757.20,65715.10,65715.10,51.747,1718398019999,3401689.27920,908,15.023,987597.98090,0
1718398020000,65715.20,65724.10,65703.40,65724.00,42.333,1718398079999,2782027.06850,712,16.400,1077755.31880,0
1718398080000,65724.10,65724.10,65691.10,65707.10,125.429,1718398139999,8240550.37050,1069,22.711,1492094.80050,0
1718398140000,65707.00,65707.10,65681.80,65689.80,37.600,1718398199999,2470116.86120,726,9.948,653501.96630,0
1718398200000,65689.80,65730.00,65680.00,65724.50,57.653,1718398259999,3787810.77350,981,37.772,2481705.17340,0
1718398260000,65724.40,65724.50,65679.00,65689.50,49.666,1718398319999,3262695.15460,799,12.139,797324.89200,0
1718398320000,65689.50,65721.70,65681.40,65690.80,64.519,1718398379999,4238830.62760,1009,24.319,1597834.05620,0
1718398380000,65690.70,65721.90,65671.30,65706.50,214.873,1718398439999,14115899.74340,1772,187.604,12324890.29610,0
1718398440000,65706.50,65723.20,65706.50,65716.50,56.357,1718398499999,3703659.06000,806,19.019,1249821.42980,0
1718398500000,65716.40,65749.00,65705.00,65747.40,126.358,1718398559999,8305485.31940,1444,115.194,7571849.08710,0
1718398560000,65747.40,65758.10,65735.00,65741.50,71.848,1718398619999,4723808.70740,931,33.832,2224277.34410,0
1718398620000,65741.60,65747.80,65734.70,65734.70,22.589,1718398679999,1485073.43020,456,7.845,515757.88040,0
1718398680000,65734.80,65755.40,65730.00,65731.90,59.387,1718398739999,3904112.13820,740,38.090,2504094.03140,0
1718398740000,65731.90,65756.90,65721.40,65756.90,45.887,1718398799999,3016512.83300,873,29.617,1946985.48390,0
1718398800000,65756.90,65774.70,65753.70,65769.10,117.031,1718398859999,7696450.73980,1354,60.047,3948761.79140,0
1718398860000,65769.20,65786.40,65769.00,65781.10,54.800,1718398919999,3604630.27820,899,38.343,2522090.19080,0
1718398920000,65781.10,65837.90,65781.00,65828.70,86.370,1718398979999,5684377.81820,1612,77.240,5083412.73530,0
1718398980000,65828.70,65833.00,65791.30,65810.00,80.727,1718399039999,5312888.97970,904,33.370,2196068.17870,0
1718399040000,65810.00,65810.00,65769.80,65783.80,154.503,1718399099999,10163938.66550,1108,26.030,1712222.13830,0
1718399100000,65783.80,65783.90,65749.10,65749.10,52.685,1718399159999,3464801.42740,912,3.756,247015.13750,0
1718399160000,65749.10,65778.10,65748.00,65759.70,110.413,1718399219999,7261184.34980,1112,38.500,2531666.13660,0
1718399220000,65759.70,65764.90,65757.10,65757.10,42.689,1718399279999,2807296.61010,410,20.212,1329133.31070,0
1718399280000,65757.10,65757.20,65738.30,65741.50,43.118,1718399339999,2834878.54830,618,20.579,1352970.72670,0
1718399340000,65741.40,65741.50,65741.40,65741.50,7.684,1718399399999,505157.29340,270,3.758,247056.55700,0
1718399400000,65741.50,65755.00,65741.40,65742.80,35.236,1718399459999,2316662.02100,570,12.534,824042.95350,0
1718399460000,65742.70,65743.10,65742.70,65743.10,9.689,1718399519999,636982.29360,261,6.040,397086.91010,0
1718399520000,65743.00,65743.10,65730.80,65730.90,29.543,1718399579999,1942091.67580,501,3.489,229367.45850,0
1718399580000,65730.80,65730.90,65716.70,65716.70,21.267,1718399639999,1397759.65620,517,2.204,144858.98960,0
1718399640000,65716.80,65730.80,65716.70,65717.10,49.205,1718399699999,3233872.91480,781,19.079,1253884.96380,0
1718399700000,65717.10,65732.10,65717.10,65732.00,22.021,1718399759999,1447277.68520,441,7.111,467368.95470,0
1718399760000,65732.00,65821.40,65732.00,65818.50,168.993,1718399819999,11118846.46710,2179,125.236,8239403.98540,0
1718399820000,65818.50,65851.30,65818.50,65843.90,96.463,1718399879999,6351118.70740,1445,51.099,3364344.14680,0
1718399880000,65844.00,65866.30,65803.80,65853.10,157.621,1718399939999,10378119.07350,1510,47.015,3095663.67950,0
1718399940000,65853.10,65860.00,65839.70,65839.80,41.232,1718399999999,2714995.49490,645,20.418,1344459.55520,0
1718400000000,65839.80,65887.50,65839.70,65865.70,102.883,1718400059999,6777144.10390,1345,50.763,3343622.92290,0
1718400060000,65865.70,65865.70,65813.10,65813.10,49.209,1718400119999,3240209.49240,786,9.356,616148.42970,0
1718400120000,65813.10,65847.30,65810.90,65847.30,18.842,1718400179999,1240290.98500,580,12.715,836988.86970,0
1718400180000,65847.30,65886.30,65847.20,65882.30,95.119,1718400239999,6265915.05130,1016,35.973,2369558.91570,0
1718400240000,65882.40,65928.50,65882.30,65928.50,57.092,1718400299999,3762555.25340,1155,43.968,2897723.81680,0
1718400300000,65928.50,65967.20,65909.30,65909.30,144.364,1718400359999,9520077.92760,2230,45.091,2973739.73070,0
1718400360000,65909.40,65909.40,65851.80,65890.30,152.959,1718400419999,10076716.10450,1978,42.359,2790102.75090,0
1718400420000,65890.40,66097.00,65890.30,66082.10,896.621,1718400479999,59206448.24760,10325,673.628,44482052.73280,0
1718400480000,66082.10,66090.60,66028.90,66075.50,316.420,1718400539999,20904374.67440,3160,132.934,8781903.18670,0
1718400540000,66075.50,66120.00,66070.60,66112.10,366.584,1718400599999,24232470.69210,3441,231.195,15282959.68280,0
1718400600000,66112.00,66216.90,66069.80,66088.40,1043.518,1718400659999,69040553.04730,8516,710.560,47013152.98460,0
1718400660000,66088.30,66287.60,66088.30,66250.10,932.556,1718400719999,61755873.84440,8476,605.058,40063075.09450,0
1718400720000,66250.00,66250.10,66108.00,66190.90,721.997,1718400779999,47778687.16700,5504,314.639,20816048.39390,0
1718400780000,66190.90,66190.90,66072.20,66153.00,403.715,1718400839999,26693462.92650,4048,252.848,16717176.59120,0
1718400840000,66153.10,66196.10,66150.00,66163.50,164.760,1718400899999,10903017.71110,2120,95.641,6329061.93680,0
1718400900000,66163.50,66361.40,66142.40,66335.70,1330.597,1718400959999,88185999.15950,11345,947.079,62768694.31220,0
1718400960000,66335.70,66648.80,66295.10,66608.00,2250.554,1718401019999,149659024.31120,22321,1486.650,98865085.34200,0
1718401020000,66607.90,66646.50,66485.50,66485.50,685.582,1718401079999,45650331.89940,7582,251.291,16735518.28630,0
1718401080000,66485.50,66537.00,66400.00,66407.80,729.007,1718401139999,48451810.49820,6145,225.840,15008895.35890,0
1718401140000,66407.90,66474.10,66401.20,66474.10,209.585,1718401199999,13923256.85610,2619,130.135,8645238.97990,0
1718401200000,66474.10,66474.90,66388.80,66402.90,173.734,1718401259999,11538886.14680,2311,69.997,4648355.30180,0
1718401260000,66403.00,66427.30,66382.50,66385.20,160.414,1718401319999,10651663.95590,2204,81.519,5412621.21960,0
1718401320000,66385.20,66394.50,66211.10,66211.10,544.173,1718401379999,36084255.79310,6106,79.144,5246301.02970,0
1718401380000,66211.00,66211.10,66011.30,66011.90,1159.333,1718401439999,76638958.65080,11850,453.139,29958067.30060,0
1718401440000,66011.80,66142.70,66011.80,66142.70,416.019,1718401499999,27497633.23710,3226,296.508,19597761.73690,0
1718401500000,66142.60,66201.10,66142.60,66150.00,246.511,1718401559999,16313530.64980,3223,177.610,11754116.46020,0
1718401560000,66150.00,66169.00,66132.40,66168.90,93.107,1718401619999,6158583.09850,1640,28.136,1861116.01960,0
1718401620000,66169.00,66192.70,66150.00,66161.30,83.027,1718401679999,5494051.91040,1424,30.846,2041044.82700,0
1718401680000,66161.20,66161.30,66038.50,66047.10,230.231,1718401739999,15217490.95760,3182,32.872,2172451.25970,0
1718401740000,66047.10,66149.20,66047.00,66149.20,109.221,1718401799999,7220041.72420,1651,74.785,4943011.20760,0
1718401800000,66149.20,66239.00,66149.20,66239.00,88.628,1718401859999,5866703.66250,2257,72.521,4800465.32160,0
1718401860000,66239.00,66277.40,66149.50,66149.60,224.318,1718401919999,14859001.98120,3461,74.599,4942686.57040,0
1718401920000,66149.60,66266.60,66149.50,66203.80,87.078,1718401979999,5766943.92420,2010,56.986,3773497.03900,0
1718401980000,66203.70,66276.90,66174.30,66276.80,62.764,1718402039999,4155373.12190,1475,38.177,2527811.31290,0
1718402040000,66276.90,66381.60,66243.20,66274.30,440.020,1718402099999,29182608.12510,5433,338.495,22449405.32180,0
1718402100000,66274.40,66276.50,66186.40,66207.50,226.223,1718402159999,14984927.12990,2798,80.436,5327477.81720,0
1718402160000,66207.50,66297.50,66172.00,66273.20,109.565,1718402219999,7254514.56240,1846,47.960,3175449.66270,0
1718402220000,66273.10,66304.40,66209.00,66269.90,180.766,1718402279999,11978659.05700,2002,42.197,2796036.03200,0
1718402280000,66270.00,66277.00,66184.00,66218.80,101.265,1718402339999,6706637.39750,2348,47.326,3133807.64600,0
1718402340000,66219.30,66237.90,66153.80,66179.90,187.198,1718402399999,12391579.73190,3523,79.399,5255581.22430,0
1718402400000,66179.90,66241.80,66173.80,66202.00,354.695,1718402459999,23481681.49780,5233,223.770,14813343.97740,0
1718402460000,66202.10,66214.70,66000.00,66000.00,536.804,1718402519999,35489830.15840,4757,25.590,1693312.46010,0
1718402520000,66000.00,66041.80,65910.00,66023.60,873.915,1718402579999,57658424.73680,8830,437.374,28858083.85420,0
1718402580000,66023.60,66032.40,65920.30,65968.00,401.412,1718402639999,26480658.70720,4755,182.769,12057650.13600,0
1718402640000,65967.10,65987.30,65882.50,65934.30,511.942,1718402699999,33756076.49870,5538,226.233,14917121.01460,0
1718402700000,65934.40,65995.80,65921.20,65973.60,207.510,1718402759999,13687668.39490,3102,132.704,8753538.42860,0
1718402760000,65973.60,65996.00,65960.00,65970.70,159.240,1718402819999,10506189.26600,2215,82.939,5472005.99800,0
1718402820000,65970.80,65987.00,65925.40,65973.30,198.196,1718402879999,13073165.70180,2679,111.975,7385798.31890,0
1718402880000,65973.40,65984.40,65930.10,65952.10,114.939,1718402939999,7581123.33320,1665,53.076,3500576.04290,0
1718402940000,65952.40,65981.40,65952.40,65974.00,106.152,1718402999999,7003174.25830,1244,60.321,3979486.40030,0
1718403000000,65974.00,66034.20,65973.90,66027.70,170.939,1718403059999,11282553.77720,1816,122.160,8062971.96040,0
1718403060000,66027.70,66030.00,65988.00,65988.00,140.295,1718403119999,9259999.24900,1252,25.493,1682709.71050,0
1718403120000,65988.10,66035.50,65988.10,66035.40,74.308,1718403179999,4905438.90110,1238,43.892,2897454.80600,0
1718403180000,66035.50,66056.90,66003.00,66050.00,107.620,1718403239999,7105922.07500,1409,69.920,4616697.32290,0
1718403240000,66050.00,66058.50,66024.20,66028.80,40.750,1718403299999,2691000.54350,758,13.511,892200.40410,0
1718403300000,66028.70,66056.00,66028.70,66056.00,28.280,1718403359999,1867572.96580,710,17.490,1155048.03730,0
1718403360000,66055.90,66056.00,65986.10,65992.10,69.748,1718403419999,4604093.78670,1134,22.700,1498279.40220,0
1718403420000,65992.00,65992.00,65966.40,65980.00,91.372,1718403479999,6028713.37110,1177,17.372,1146177.68550,0
1718403480000,65980.10,65999.20,65952.10,65995.80,60.907,1718403539999,4018233.28240,1025,21.244,1401481.08540,0
1718403540000,65995.70,66017.40,65974.50,66017.30,46.803,1718403599999,3088700.46780,847,16.528,1090755.65480,0
1718403600000,66017.40,66031.70,66003.60,66031.60,74.442,1718403659999,4914491.45490,1013,25.528,1685335.12260,0
1718403660000,66031.70,66043.70,66006.50,66026.00,83.333,1718403719999,5502470.85480,1127,68.799,4542827.19170,0
1718403720000,66025.90,66037.20,66009.60,66009.70,33.205,1718403779999,2192451.89300,620,7.742,511180.08180,0
1718403780000,66009.70,66013.00,66001.30,66013.00,24.238,1718403839999,1599800.93760,438,15.435,1018752.85400,0
1718403840000,66013.00,66034.00,66003.50,66010.00,49.020,1718403899999,3236317.74790,878,24.644,1626977.46810,0
1718403900000,66010.00,66010.00,65980.00,65990.00,73.980,1718403959999,4882184.03950,918,41.799,2758311.92250,0
1718403960000,65989.10,66002.50,65981.90,65985.70,74.381,1718404019999,4908503.84170,725,25.748,1699102.66500,0
1718404020000,65985.70,66002.40,65981.80,65994.70,32.348,1718404079999,2134813.00600,604,22.227,1466872.44120,0
1718404080000,65994.70,65999.50,65960.40,65981.90,52.279,1718404139999,3449261.75420,848,19.596,1292878.65140,0
1718404140000,65981.90,65982.00,65952.30,65962.90,70.225,1718404199999,4632316.54020,1058,21.331,1407028.95740,0
1718404200000,65963.00,66000.00,65963.00,65984.20,63.494,1718404259999,4189436.94530,1056,26.905,1775285.63530,0
1718404260000,65984.10,65988.90,65940.20,65965.10,90.577,1718404319999,5974377.32740,1161,32.176,2122124.19000,0
1718404320000,65965.10,65965.20,65916.40,65925.80,174.214,1718404379999,11485783.29740,1779,41.242,2718981.62490,0
1718404380000,65925.80,65950.30,65925.80,65933.50,51.603,1718404439999,3402621.73880,711,31.078,2049183.68610,0
1718404440000,65933.50,65954.70,65933.50,65954.60,39.092,1718404499999,2577782.43350,587,23.087,1522360.22260,0
1718404500000,65954.70,65980.40,65950.00,65950.10,52.141,1718404559999,3439501.55810,926,33.032,2178946.72720,0
1718404560000,65950.00,65962.70,65940.00,65953.40,63.068,1718404619999,4159135.28430,767,36.904,2433692.34220,0
1718404620000,65953.40,65955.40,65942.20,65947.90,19.869,1718404679999,1310346.51940,424,6.357,419210.04410,0
1718404680000,65947.90,65955.10,65940.00,65949.80,45.406,1718404739999,2994278.77910,606,20.543,1354693.63160,0
1718404740000,65949.80,65995.50,65949.80,65987.50,71.829,1718404799999,4738618.88310,873,57.155,3770273.44390,0
1718404800000,65987.50,66031.40,65978.20,65996.70,175.951,1718404859999,11615198.01050,1891,132.637,8756183.08950,0
1718404860000,65996.70,66022.10,65996.60,66022.00,43.079,1718404919999,2843851.68480,606,36.326,2398033.00340,0
1718404920000,66022.10,66022.10,65995.40,65995.50,30.071,1718404979999,1985039.57090,542,5.563,367210.90290,0
1718404980000,65995.40,66003.50,65990.40,66003.40,12.286,1718405039999,810831.61880,313,8.185,540178.94360,0
1718405040000,66003.40,66024.40,66003.40,66024.40,36.772,1718405099999,2427314.02450,547,31.349,2069337.92520,0
1718405100000,66024.30,66031.10,65989.30,65989.30,47.266,1718405159999,3120682.90990,813,18.449,1218128.10740,0
1718405160000,65989.40,65999.50,65988.30,65999.40,54.067,1718405219999,3567928.90500,598,43.578,2875746.95020,0
1718405220000,65999.40,65999.50,65991.20,65991.30,17.338,1718405279999,1144194.30690,298,6.519,430208.72570,0
1718405280000,65991.20,65991.50,65982.20,65991.40,29.884,1718405339999,1971989.73830,381,10.220,674374.47840,0
1718405340000,65991.40,66015.00,65991.40,66015.00,83.763,1718405399999,5528838.88660,715,64.659,4267773.87990,0
1718405400000,66015.00,66015.60,65991.20,65996.00,31.313,1718405459999,2066706.82380,513,14.623,965081.95510,0
1718405460000,65996.00,66004.00,65996.00,66004.00,35.472,1718405519999,2341069.64420,350,30.759,2030018.04580,0
1718405520000,66003.90,66019.80,66003.90,66019.70,33.730,1718405579999,2226486.43390,430,23.792,1570516.38330,0
1718405580000,66019.70,66064.40,66019.70,66020.90,175.004,1718405639999,11558341.30560,1719,121.596,8031097.45950,0
1718405640000,66020.90,66048.00,66017.00,66027.00,51.673,1718405699999,3411855.95110,798,36.675,2421492.86180,0
1718405700000,66027.00,66049.10,66027.00,66039.50,79.360,1718405759999,5241046.15360,691,42.713,2820694.70880,0
1718405760000,66039.40,66044.30,66009.90,66024.40,60.792,1718405819999,4013504.65130,704,32.391,2138440.88870,0
1718405820000,66024.40,66024.80,65999.90,65999.90,86.986,1718405879999,5742474.58320,760,24.095,1590508.14470,0
1718405880000,66000.00,66015.40,65999.90,66015.30,21.535,1718405939999,1421488.66360,409,12.741,840980.71400,0
1718405940000,66015.30,66020.30,66001.70,66011.00,46.521,1718405999999,3071056.16040,538,16.479,1087831.47720,0
1718406000000,66011.10,66011.10,65968.10,65968.10,128.605,1718406059999,8486505.83070,1409,49.059,3237131.59420,0
1718406060000,65968.20,65968.20,65959.10,65959.10,31.408,1718406119999,2071755.13440,475,11.817,779457.35830,0
1718406120000,65959.10,65971.30,65959.10,65962.50,30.041,1718406179999,1981600.61120,426,12.662,835215.62420,0
1718406180000,65962.50,65980.80,65962.50,65965.10,40.134,1718406239999,2647704.94000,594,24.095,1589504.27720,0
1718406240000,65965.00,65965.10,65955.30,65955.40,60.389,1718406299999,3983211.19720,646,13.098,863930.76700,0
1718406300000,65955.30,65955.40,65938.00,65938.00,141.511,1718406359999,9332469.58160,880,30.948,2040728.97310,0
1718406360000,65938.00,65938.10,65920.20,65922.50,85.648,1718406419999,5646696.01970,637,17.626,1161965.54520,0
1718406420000,65922.50,65939.50,65920.10,65924.20,75.517,1718406479999,4978387.49280,673,45.398,2992824.14760,0
1718406480000,65924.20,65924.30,65912.80,65912.90,41.942,1718406539999,2764722.72520,456,4.422,291499.15210,0
1718406540000,65912.80,65924.20,65912.80,65924.20,45.653,1718406599999,3009262.84970,478,27.830,1834477.09380,0
1718406600000,65924.10,65924.20,65924.10,65924.10,30.386,1718406659999,2003171.35880,310,16.562,1091836.60040,0
1718406660000,65924.10,65937.30,65907.00,65907.00,49.326,1718406719999,3251543.59570,762,17.617,1161363.28750,0
1718406720000,65907.00,65918.70,65907.00,65912.70,38.159,1718406779999,2515042.43430,487,10.289,678144.56630,0
1718406780000,65912.60,65924.00,65912.60,65924.00,23.567,1718406839999,1553389.71210,387,10.610,699354.81110,0
1718406840000,65923.90,65924.00,65912.60,65912.70,15.159,1718406899999,999295.75600,272,2.151,141795.96200,0
1718406900000,65912.60,65932.10,65912.00,65932.00,28.001,1718406959999,1845822.49060,568,18.779,1237920.89880,0
1718406960000,65932.00,65938.30,65918.00,65918.10,22.394,1718407019999,1476307.11240,405,12.919,851647.52400,0
1718407020000,65918.00,65932.00,65918.00,65931.90,32.789,1718407079999,2161550.59020,432,18.726,1234460.64280,0
1718407080000,65931.90,65937.00,65919.00,65919.10,51.409,1718407139999,3389412.12980,491,43.024,2836597.37060,0
1718407140000,65919.10,65934.70,65919.00,65924.70,27.529,1718407199999,1814915.52690,405,15.633,1030647.74200,0
1718407200000,65924.80,65933.50,65924.70,65933.40,18.868,1718407259999,1244002.42170,424,11.000,725241.44430,0
1718407260000,65933.40,65979.80,65933.40,65978.10,51.919,1718407319999,3424575.09140,1072,41.874,2761967.56610,0
1718407320000,65978.00,65990.00,65953.30,65988.10,35.163,1718407379999,2319704.63010,664,12.231,806841.84780,0
1718407380000,65988.00,65999.90,65983.70,65999.90,26.699,1718407439999,1762084.87330,398,23.829,1572668.26330,0
1718407440000,65999.80,66008.60,65999.80,66003.80,81.285,1718407499999,5365121.47320,615,68.256,4505113.37320,0
1718407500000,66003.80,66049.00,66003.80,66049.00,38.094,1718407559999,2514937.49190,900,28.022,1850040.50090,0
1718407560000,66048.90,66062.50,66019.10,66020.70,94.458,1718407619999,6238068.53190,1307,20.896,1380182.82400,0
1718407620000,66020.70,66028.80,65981.10,65997.40,69.977,1718407679999,4618387.23210,958,22.096,1458281.74240,0
1718407680000,65997.40,66008.40,65990.50,65990.50,17.921,1718407739999,1182849.51720,454,7.903,521639.22910,0
1718407740000,65990.50,66004.70,65990.50,65994.10,10.194,1718407799999,672802.47760,311,6.091,401996.96620,0
1718407800000,65994.20,66024.90,65994.10,66024.90,25.413,1718407859999,1677553.86740,590,21.593,1425405.99440,0
1718407860000,66024.80,66026.10,66005.40,66005.40,15.312,1718407919999,1010900.62850,425,7.816,516013.47890,0
1718407920000,66005.40,66020.00,65994.80,66020.00,50.438,1718407979999,3328932.67010,454,15.837,1045252.21270,0
1718407980000,66019.90,66044.40,66019.90,66044.40,25.600,1718408039999,1690413.34740,485,22.871,1510217.01150,0
1718408040000,66044.30,66046.90,66028.90,66029.00,34.588,1718408099999,2284299.03940,460,15.655,1033944.89430,0
1718408100000,66029.00,66051.50,66028.90,66042.60,49.720,1718408159999,3283562.61760,561,43.112,2847149.72500,0
1718408160000,66042.70,66050.70,66042.60,66043.60,21.036,1718408219999,1389335.73680,418,15.126,998994.37590,0
1718408220000,66043.60,66049.10,66032.70,66048.70,28.773,1718408279999,1900240.34750,546,12.683,837601.36840,0
1718408280000,66048.70,66048.80,66043.70,66044.30,16.134,1718408339999,1065560.98370,318,9.540,630061.34420,0
1718408340000,66044.30,66062.00,66044.30,66061.90,32.087,1718408399999,2119474.68780,417,23.570,1556864.61110,0
1718408400000,66062.00,66062.00,66033.60,66040.00,27.714,1718408459999,1830390.60910,610,9.978,658980.40390,0
1718408460000,66039.90,66040.00,66016.60,66016.60,15.164,1718408519999,1001307.83740,375,4.905,323894.36790,0
1718408520000,66016.60,66016.60,66000.00,66016.20,39.101,1718408579999,2580819.62610,568,8.407,554889.11270,0
1718408580000,66016.30,66021.80,66009.10,66009.10,14.523,1718408639999,958769.13330,380,6.373,420733.50140,0
1718408640000,66009.10,66013.70,66006.30,66013.70,31.291,1718408699999,2065464.50750,399,21.450,1415882.15660,0
1718408700000,66013.60,66038.40,66013.60,66026.70,24.372,1718408759999,1609264.66880,637,14.785,976222.27820,0
1718408760000,66026.70,66042.70,65993.90,66042.70,124.755,1718408819999,8234899.13540,1235,31.699,2092497.56460,0
1718408820000,66042.70,66059.30,66042.70,66055.80,16.590,1718408879999,1095874.03280,419,7.129,470899.94480,0
1718408880000,66055.80,66075.00,66055.70,66075.00,41.783,1718408939999,2760303.64020,554,37.082,2449765.05070,0
1718408940000,66075.00,66075.00,66039.50,66039.50,31.861,1718408999999,2104768.37170,502,6.675,440950.91140,0
1718409000000,66039.50,66047.10,66030.60,66047.10,21.007,1718409059999,1387238.95310,391,9.982,659160.80200,0
1718409060000,66047.00,66047.10,66030.00,66030.00,11.768,1718409119999,777121.56640,295,2.261,149303.95180,0
1718409120000,66030.00,66030.10,66020.70,66020.80,17.535,1718409179999,1157766.18450,275,12.442,821499.60560,0
1718409180000,66020.80,66047.10,66020.70,66047.00,23.895,1718409239999,1577741.70990,333,18.569,1226033.09800,0
1718409240000,66047.10,66047.10,66047.00,66047.00,10.109,1718409299999,667669.50210,206,3.791,250384.55610,0
1718409300000,66047.10,66050.10,66047.00,66050.10,12.542,1718409359999,828380.98490,243,10.471,691593.81090,0
1718409360000,66050.10,66050.10,66044.00,66044.10,23.799,1718409419999,1571890.23620,208,1.768,116766.98280,0
1718409420000,66044.10,66047.70,66039.40,66040.70,47.018,1718409479999,3105150.42100,620,33.899,2238733.98420,0
1718409480000,66040.70,66040.80,66040.70,66040.80,8.539,1718409539999,563921.76360,186,2.263,149450.33040,0
1718409540000,66040.80,66040.80,66026.90,66039.70,42.585,1718409599999,2812101.59870,470,18.861,1245395.50010,0
