open_time,open,high,low,close,volume,close_time,quote_volume,count,taker_buy_volume,taker_buy_quote_volume,ignore
1719100800000,3494.25,3495.57,3494.13,3495.57,474.236,1719100859999,1657209.03572,1277,391.577,1368363.40251,0
1719100860000,3495.57,3496.26,3494.06,3494.07,281.421,1719100919999,983709.18228,1085,149.602,522956.75968,0
1719100920000,3494.06,3494.71,3493.90,3494.71,221.690,1719100979999,774606.61212,613,144.432,504659.11962,0
1719100980000,3494.70,3494.71,3493.33,3493.77,293.968,1719101039999,1027071.59859,848,81.380,284330.99901,0
1719101040000,3493.77,3494.15,3493.62,3494.09,195.602,1719101099999,683421.83573,695,116.577,407313.28349,0
1719101100000,3494.09,3496.96,3494.09,3496.78,1064.656,1719101159999,3721155.88555,1368,700.580,2448678.00723,0
1719101160000,3496.79,3497.18,3496.28,3497.18,230.321,1719101219999,805397.70953,717,133.003,465087.34401,0
1719101220000,3497.18,3497.83,3496.92,3497.83,462.936,1719101279999,1619019.73142,1090,399.495,1397148.59646,0
1719101280000,3497.83,3498.72,3497.82,3498.39,446.221,1719101339999,1561063.63055,792,287.340,1005237.53327,0
1719101340000,3498.39,3498.72,3497.90,3498.72,375.384,1719101399999,1313177.68659,578,111.786,391060.66765,0
1719101400000,3498.71,3498.78,3497.07,3498.50,380.068,1719101459999,1329417.57402,803,222.733,779031.45020,0
1719101460000,3498.51,3498.60,3497.64,3498.59,409.075,1719101519999,1431007.63395,746,165.526,579035.10197,0
1719101520000,3498.59,3498.60,3496.83,3497.43,225.191,1719101579999,787670.00715,617,36.647,128175.79350,0
1719101580000,3497.42,3498.00,3497.00,3498.00,113.564,1719101639999,397197.10109,342,88.481,309471.43286,0
1719101640000,3497.99,3499.44,3497.99,3499.43,463.035,1719101699999,1620099.08929,669,401.212,1403755.20186,0
1719101700000,3499.44,3499.98,3498.29,3499.98,368.568,1719101759999,1289723.73675,1011,121.322,424536.90594,0
1719101760000,3500.00,3502.65,3500.00,3502.64,740.662,1719101819999,2593481.64734,1453,560.369,1962062.61474,0
1719101820000,3502.65,3502.68,3502.20,3502.33,288.353,1719101879999,1009976.42341,626,138.473,485010.19055,0
1719101880000,3502.34,3502.56,3501.48,3502.48,291.545,1719101939999,1021014.72952,744,92.871,325234.03520,0
1719101940000,3502.48,3502.49,3500.54,3500.54,366.991,1719101999999,1285134.62497,788,48.348,169317.74110,0
1719102000000,3500.54,3502.55,3500.45,3502.55,532.150,1719102059999,1863211.90998,823,425.141,1488571.71342,0
1719102060000,3502.55,3502.81,3501.95,3502.80,449.112,1719102119999,1572999.47314,901,131.313,459933.91542,0
1719102120000,3502.80,3503.30,3502.80,3502.97,304.100,1719102179999,1065247.05827,936,185.637,650267.87529,0
1719102180000,3502.97,3503.96,3502.80,3503.95,673.645,1719102239999,2359969.46814,948,529.460,1854885.35338,0
1719102240000,3503.95,3503.98,3503.26,3503.26,674.823,1719102299999,2364397.12811,803,271.117,949898.37396,0
1719102300000,3503.26,3503.51,3502.24,3502.24,303.659,1719102359999,1063635.20021,791,37.468,131250.65297,0
1719102360000,3502.24,3503.00,3502.24,3502.79,246.191,1719102419999,862333.62546,621,182.930,640749.97439,0
1719102420000,3502.79,3502.80,3501.79,3501.79,179.645,1719102479999,629195.56979,509,19.839,69483.51124,0
1719102480000,3501.79,3501.80,3501.79,3501.79,26.655,1719102539999,93340.29798,257,8.553,29950.89540,0
1719102540000,3501.79,3501.80,3501.27,3501.80,282.408,1719102599999,988851.12653,563,213.979,749237.25669,0
1719102600000,3501.79,3504.80,3501.40,3504.80,1753.590,1719102659999,6142862.68614,2404,1402.538,4913019.09291,0
1719102660000,3504.80,3506.61,3504.38,3506.60,1496.237,1719102719999,5245243.64827,2074,1154.544,4047346.00312,0
1719102720000,3506.61,3508.00,3506.33,3508.00,2161.198,1719102779999,7580672.20157,1958,1660.202,5823429.96191,0
1719102780000,3507.99,3509.20,3507.32,3508.55,3060.286,1719102839999,10736238.72088,2324,1434.058,5031141.78377,0
1719102840000,3508.56,3509.10,3507.31,3508.91,749.640,1719102899999,2629831.45877,1220,248.797,872758.80608,0
1719102900000,3508.91,3510.50,3508.48,3509.51,2216.078,1719102959999,7777499.56787,2562,1151.817,4042468.91245,0
1719102960000,3509.51,3509.80,3507.13,3507.90,969.048,1719103019999,3399753.99769,1348,130.190,456780.56633,0
1719103020000,3507.89,3508.94,3507.89,3508.18,613.780,1719103079999,2153386.32483,957,357.819,1255383.87030,0
1719103080000,3508.19,3508.62,3507.68,3508.61,726.747,1719103139999,2549401.15293,1113,300.967,1055757.48292,0
1719103140000,3508.61,3509.28,3508.23,3508.65,501.420,1719103199999,1759438.06485,802,294.162,1032198.64311,0
1719103200000,3508.66,3509.93,3508.65,3509.44,549.919,1719103259999,1929969.46342,733,396.789,1392560.72725,0
1719103260000,3509.44,3509.76,3508.68,3509.07,614.563,1719103319999,2156647.12524,867,288.283,1011687.84278,0
1719103320000,3509.08,3509.08,3507.46,3507.99,665.932,1719103379999,2336150.03537,827,79.859,280164.78756,0
1719103380000,3507.99,3510.00,3507.99,3509.64,1288.393,1719103439999,4520893.14900,1087,782.827,2746923.13790,0
1719103440000,3509.63,3509.63,3508.38,3508.58,552.244,1719103499999,1937888.03547,1052,89.847,315295.98669,0
1719103500000,3508.58,3510.25,3508.35,3509.38,634.458,1719103559999,2226530.91310,1030,332.193,1165894.82477,0
1719103560000,3509.37,3509.99,3509.01,3509.95,269.878,1719103619999,947179.69552,642,156.441,549059.15131,0
1719103620000,3509.95,3509.95,3508.00,3508.00,905.636,1719103679999,3177457.53173,765,79.194,277883.80070,0
1719103680000,3508.00,3509.75,3508.00,3509.70,461.441,1719103739999,1619303.34674,645,299.517,1051108.62959,0
1719103740000,3509.70,3510.30,3509.70,3510.12,486.954,1719103799999,1709247.33799,793,248.618,872635.18617,0
1719103800000,3510.12,3510.13,3507.00,3507.20,1550.857,1719103859999,5440618.04104,1439,274.762,963828.95516,0
1719103860000,3507.20,3507.21,3506.41,3507.20,555.131,1719103919999,1946786.12724,662,234.535,822455.19290,0
1719103920000,3507.21,3509.16,3506.54,3506.65,2437.013,1719103979999,8548289.49378,1870,1617.723,5674581.10652,0
1719103980000,3506.65,3506.66,3504.94,3506.15,560.846,1719104039999,1966248.55982,1019,232.147,813874.64544,0
1719104040000,3506.15,3506.43,3506.14,3506.14,231.649,1719104099999,812218.05154,645,168.253,589932.76650,0
1719104100000,3506.14,3506.90,3506.12,3506.29,376.776,1719104159999,1321167.67119,606,248.877,872668.58734,0
1719104160000,3506.29,3506.29,3505.18,3506.12,214.245,1719104219999,751013.53654,537,87.426,306464.15736,0
1719104220000,3506.12,3506.12,3504.26,3504.26,408.311,1719104279999,1431141.62492,668,78.875,276464.53764,0
1719104280000,3504.26,3504.67,3504.05,3504.66,270.461,1719104339999,947799.75385,486,93.679,328287.20450,0
1719104340000,3504.66,3506.64,3504.50,3506.39,359.777,1719104399999,1261159.36774,673,242.738,850896.30746,0
1719104400000,3506.39,3508.17,3506.10,3507.74,1041.773,1719104459999,3653988.44205,1184,400.983,1406412.66590,0
1719104460000,3507.75,3508.63,3507.49,3508.62,286.737,1719104519999,1005914.44034,604,185.631,651220.78964,0
1719104520000,3508.62,3509.23,3508.05,3508.10,431.648,1719104579999,1514547.88296,995,200.244,702590.21831,0
1719104580000,3508.09,3509.22,3507.61,3509.22,437.128,1719104639999,1533505.52307,787,166.016,582431.97503,0
1719104640000,3509.22,3509.97,3509.21,3509.60,776.678,1719104699999,2725787.70625,971,338.473,1187852.96120,0
1719104700000,3509.60,3509.82,3507.51,3507.52,834.127,1719104759999,2926588.11091,908,238.740,837716.58944,0
1719104760000,3507.51,3508.00,3507.24,3507.81,417.728,1719104819999,1465284.00298,674,138.597,486175.87091,0
1719104820000,3507.80,3509.00,3507.31,3508.66,275.295,1719104879999,965776.67891,578,192.080,673845.31084,0
1719104880000,3508.66,3508.67,3507.95,3507.99,165.853,1719104939999,581865.58577,435,78.128,274104.59438,0
1719104940000,3508.00,3508.93,3507.73,3507.73,608.263,1719104999999,2134043.64497,750,257.811,904514.64548,0
1719105000000,3507.73,3507.89,3506.29,3506.29,423.994,1719105059999,1487128.67096,728,106.204,372521.20745,0
1719105060000,3506.30,3507.00,3505.08,3506.99,498.279,1719105119999,1746723.92684,882,233.389,818167.30710,0
1719105120000,3506.99,3507.13,3505.69,3505.69,1314.280,1719105179999,4608264.53218,1350,447.322,1568454.52941,0
1719105180000,3505.69,3505.69,3501.77,3502.21,3988.549,1719105239999,13974681.39449,2600,587.649,2058659.53727,0
1719105240000,3502.21,3502.89,3502.20,3502.60,632.526,1719105299999,2215367.51235,752,456.055,1597275.18372,0
1719105300000,3502.59,3502.59,3501.50,3502.20,774.355,1719105359999,2711617.91844,1133,356.016,1246654.36971,0
1719105360000,3502.20,3502.21,3499.84,3500.75,1107.580,1719105419999,3876952.35953,1713,441.839,1546579.94267,0
1719105420000,3500.75,3503.26,3500.74,3503.26,523.532,1719105479999,1833404.57719,1039,435.971,1526731.23524,0
1719105480000,3503.25,3504.46,3502.88,3503.84,494.179,1719105539999,1731382.60794,921,235.320,824475.09182,0
1719105540000,3503.84,3506.42,3503.84,3506.42,408.574,1719105599999,1432311.03918,893,278.534,976379.66768,0
1719105600000,3506.42,3506.44,3505.00,3506.44,566.947,1719105659999,1987558.87611,1141,246.567,864386.92293,0
1719105660000,3506.44,3506.44,3505.40,3506.11,475.425,1719105719999,1666877.09978,805,218.515,766099.62927,0
1719105720000,3506.11,3506.64,3505.75,3506.63,244.342,1719105779999,856686.94861,706,189.568,664636.67976,0
1719105780000,3506.63,3507.31,3506.62,3506.62,212.105,1719105839999,743875.44750,835,67.236,235789.64941,0
1719105840000,3506.62,3506.63,3505.49,3505.49,152.710,1719105899999,535410.72057,830,25.002,87661.60543,0
1719105900000,3505.48,3505.48,3504.44,3504.44,184.027,1719105959999,644996.63451,441,50.316,176352.56695,0
1719105960000,3504.44,3505.36,3504.44,3505.35,198.578,1719106019999,695983.60434,599,159.964,560641.74895,0
1719106020000,3505.35,3505.35,3504.28,3505.32,150.690,1719106079999,528150.99875,785,46.903,164377.32949,0
1719106080000,3505.32,3505.82,3505.12,3505.22,174.129,1719106139999,610409.69742,989,64.511,226135.33692,0
1719106140000,3505.22,3505.57,3504.09,3504.09,128.799,1719106199999,451397.83824,761,48.890,171342.86012,0
1719106200000,3504.10,3505.42,3504.09,3504.72,192.949,1719106259999,676231.67775,490,136.759,479283.83275,0
1719106260000,3504.72,3505.42,3504.38,3504.38,287.505,1719106319999,1007622.85856,777,89.923,315155.78780,0
1719106320000,3504.38,3504.85,3504.01,3504.02,92.196,1719106379999,323092.89443,735,44.239,155032.79424,0
1719106380000,3504.02,3504.47,3503.42,3504.46,458.498,1719106439999,1606445.94944,886,350.348,1227497.05345,0
1719106440000,3504.47,3505.97,3504.46,3505.67,481.644,1719106499999,1688183.34758,728,339.136,1188609.32563,0
1719106500000,3505.67,3507.31,3505.66,3507.31,555.969,1719106559999,1949599.67979,830,469.659,1646930.21583,0
1719106560000,3507.31,3507.49,3506.59,3506.97,197.989,1719106619999,694366.02514,545,90.422,317120.55672,0
1719106620000,3506.96,3506.96,3505.85,3505.86,79.307,1719106679999,278081.92479,327,33.691,118132.47790,0
1719106680000,3505.86,3505.86,3505.43,3505.43,334.568,1719106739999,1172867.64335,456,163.065,571647.83888,0
1719106740000,3505.43,3505.44,3504.80,3504.81,105.286,1719106799999,369032.10366,268,17.507,61364.34037,0
1719106800000,3504.82,3505.01,3504.33,3505.01,239.762,1719106859999,840304.38802,460,126.945,444903.20036,0
1719106860000,3505.01,3505.01,3504.00,3504.00,212.113,1719106919999,743344.34858,692,104.075,364729.73991,0
1719106920000,3504.00,3504.71,3504.00,3504.71,84.809,1719106979999,297197.71961,335,54.010,189264.95402,0
1719106980000,3504.71,3504.79,3504.49,3504.50,74.366,1719107039999,260626.73966,181,24.172,84711.38894,0
1719107040000,3504.50,3504.50,3504.07,3504.14,85.040,1719107099999,298000.06846,312,6.538,22910.15563,0
1719107100000,3504.15,3505.30,3504.14,3505.30,186.825,1719107159999,654732.06503,505,142.585,499697.69914,0
1719107160000,3505.30,3506.50,3505.01,3506.49,174.904,1719107219999,613166.35832,418,105.878,371181.26982,0
1719107220000,3506.49,3506.87,3506.49,3506.50,85.891,1719107279999,301188.88531,300,44.269,155231.23388,0
1719107280000,3506.51,3506.81,3505.43,3505.87,274.244,1719107339999,961455.80901,626,104.521,366417.21194,0
1719107340000,3505.87,3506.34,3505.53,3505.54,111.585,1719107399999,391216.70840,302,28.050,98336.11987,0
1719107400000,3505.53,3506.77,3505.53,3506.77,78.899,1719107459999,276623.89709,342,67.835,237833.56726,0
1719107460000,3506.77,3507.00,3506.53,3506.54,230.509,1719107519999,808344.07616,432,130.139,456376.73291,0
1719107520000,3506.54,3508.01,3506.53,3507.84,720.919,1719107579999,2528748.19713,849,500.159,1754345.74357,0
1719107580000,3507.84,3507.99,3507.83,3507.99,100.910,1719107639999,353988.27810,438,85.993,301660.17604,0
1719107640000,3507.99,3507.99,3506.89,3507.29,535.437,1719107699999,1878001.21947,900,216.199,758336.59288,0
1719107700000,3507.30,3507.89,3507.29,3507.89,85.773,1719107759999,300872.93444,304,65.381,229343.95697,0
1719107760000,3507.88,3507.89,3507.21,3507.51,220.806,1719107819999,774460.72435,548,132.929,466226.95639,0
1719107820000,3507.52,3508.01,3507.43,3507.43,356.091,1719107879999,1249081.09400,399,157.701,553187.23012,0
1719107880000,3507.44,3507.86,3507.19,3507.19,127.709,1719107939999,447943.65928,323,82.170,288217.74898,0
1719107940000,3507.19,3507.20,3506.62,3506.67,275.242,1719107999999,965229.95426,496,118.924,417031.07178,0
1719108000000,3506.67,3506.99,3506.00,3506.01,990.847,1719108059999,3474328.91452,1037,153.613,538638.38943,0
1719108060000,3506.01,3506.01,3504.61,3505.99,704.859,1719108119999,2470542.00076,869,481.582,1687931.80541,0
1719108120000,3506.00,3506.30,3505.84,3505.84,488.832,1719108179999,1713903.31182,590,136.517,478639.20630,0
1719108180000,3505.84,3506.35,3505.28,3505.28,623.803,1719108239999,2186838.17940,614,96.675,338933.83631,0
1719108240000,3505.28,3505.60,3505.08,3505.36,203.192,1719108299999,712254.81053,387,94.169,330093.75552,0
1719108300000,3505.36,3505.66,3505.08,3505.08,431.310,1719108359999,1511949.74734,401,59.129,207271.08636,0
1719108360000,3505.08,3505.37,3505.03,3505.37,160.391,1719108419999,562194.37208,359,64.566,226312.02781,0
1719108420000,3505.36,3505.44,3505.08,3505.08,168.351,1719108479999,590129.61929,533,45.623,159926.65674,0
1719108480000,3505.08,3505.37,3505.08,3505.37,375.802,1719108539999,1317236.79687,281,251.671,882139.78526,0
1719108540000,3505.37,3505.37,3505.29,3505.30,66.386,1719108599999,232703.06707,209,12.665,44394.63885,0
1719108600000,3505.29,3505.44,3505.12,3505.13,148.239,1719108659999,519622.04355,414,47.451,166330.31385,0
1719108660000,3505.13,3505.85,3505.12,3505.85,559.428,1719108719999,1961044.99125,447,540.401,1894348.24902,0
1719108720000,3505.84,3506.00,3505.64,3506.00,197.227,1719108779999,691429.13757,453,38.393,134600.04846,0
1719108780000,3505.99,3506.74,3505.99,3505.99,260.689,1719108839999,914077.88969,525,131.153,459871.27994,0
1719108840000,3505.99,3505.99,3505.60,3505.60,115.563,1719108899999,405143.09911,298,2.562,8981.86962,0
1719108900000,3505.61,3506.84,3505.28,3506.84,404.187,1719108959999,1417031.69851,512,231.715,812359.80584,0
1719108960000,3506.84,3507.52,3506.84,3507.43,434.747,1719109019999,1524801.04077,440,285.892,1002701.22416,0
1719109020000,3507.43,3508.21,3507.43,3508.20,368.193,1719109079999,1291570.22766,407,346.777,1216442.41891,0
1719109080000,3508.20,3508.21,3506.82,3506.83,250.973,1719109139999,880294.74805,410,81.560,286086.95427,0
1719109140000,3506.83,3507.36,3506.82,3506.84,157.379,1719109199999,551934.74968,338,119.541,419233.11390,0
1719109200000,3506.83,3506.84,3506.50,3506.78,106.367,1719109259999,372996.11507,276,40.725,142804.88979,0
1719109260000,3506.78,3506.78,3505.76,3505.76,112.423,1719109319999,394178.48820,405,28.500,99923.74912,0
1719109320000,3505.76,3505.77,3505.27,3505.76,225.481,1719109379999,790408.44811,416,102.386,358909.12745,0
1719109380000,3505.76,3505.77,3505.33,3505.33,91.715,1719109439999,321495.87884,178,24.562,86099.80243,0
1719109440000,3505.33,3506.48,3505.33,3506.15,139.240,1719109499999,488201.52960,346,61.271,214816.46337,0
1719109500000,3506.15,3506.16,3505.12,3505.34,255.578,1719109559999,895921.20103,423,108.708,381065.33386,0
1719109560000,3505.34,3505.48,3505.08,3505.08,100.746,1719109619999,353134.60689,410,10.592,37128.47758,0
1719109620000,3505.08,3505.09,3505.03,3505.04,82.742,1719109679999,290014.34249,329,7.866,27570.87508,0
1719109680000,3505.03,3505.04,3504.12,3504.13,1946.790,1719109739999,6823411.99180,901,61.778,216505.47954,0
1719109740000,3504.13,3504.13,3504.10,3504.10,136.519,1719109799999,478379.31275,368,41.440,145211.14708,0
1719109800000,3504.11,3504.89,3503.70,3504.89,393.572,1719109859999,1379096.13903,746,302.724,1060763.80338,0
1719109860000,3504.89,3505.09,3504.88,3505.09,270.302,1719109919999,947428.15152,274,200.956,704365.55400,0
1719109920000,3505.08,3505.09,3504.67,3505.04,112.748,1719109979999,395175.94931,440,50.821,178121.48450,0
1719109980000,3505.04,3505.73,3505.03,3505.73,221.868,1719110039999,777685.71967,576,145.295,509287.60905,0
1719110040000,3505.73,3506.51,3505.72,3506.30,166.993,1719110099999,585509.37241,515,126.324,442910.43393,0
1719110100000,3506.30,3506.30,3505.42,3505.42,103.862,1719110159999,364102.96142,305,45.933,161022.53088,0
1719110160000,3505.42,3505.43,3503.90,3503.90,198.470,1719110219999,695565.93129,485,22.803,79917.55526,0
1719110220000,3503.90,3504.54,3503.70,3504.54,184.474,1719110279999,646368.23164,424,111.731,391493.76783,0
1719110280000,3504.54,3505.26,3504.53,3505.01,85.216,1719110339999,298685.37137,337,49.810,174583.05304,0
1719110340000,3505.00,3505.01,3505.00,3505.01,42.319,1719110399999,148328.42202,193,32.702,114620.83702,0
1719110400000,3505.01,3505.83,3505.00,3505.59,229.336,1719110459999,803903.64221,571,134.932,472979.55302,0
1719110460000,3505.59,3505.59,3503.81,3504.63,865.642,1719110519999,3033612.95594,889,413.509,1449022.72728,0
1719110520000,3504.63,3505.00,3503.76,3503.76,193.592,1719110579999,678457.41158,597,62.302,218341.32395,0
1719110580000,3503.76,3503.76,3503.50,3503.51,209.240,1719110639999,733083.73308,573,16.593,58134.25810,0
1719110640000,3503.51,3503.61,3503.00,3503.00,306.275,1719110699999,1073000.10464,541,58.208,203925.33506,0
1719110700000,3503.00,3503.51,3502.50,3502.50,223.590,1719110759999,783205.79582,512,105.559,369772.04931,0
1719110760000,3502.51,3503.34,3502.50,3503.34,90.734,1719110819999,317826.69980,456,79.501,278478.67724,0
1719110820000,3503.34,3503.34,3503.33,3503.34,83.393,1719110879999,292153.68423,200,48.554,170101.17036,0
1719110880000,3503.34,3504.57,3503.03,3504.57,319.597,1719110939999,1119802.94962,787,265.100,928863.19939,0
1719110940000,3504.57,3504.66,3504.28,3504.65,138.977,1719110999999,487053.10397,360,60.296,211309.47216,0
1719111000000,3504.66,3505.18,3504.66,3504.86,281.232,1719111059999,985715.23200,519,165.488,580034.30430,0
1719111060000,3504.86,3505.23,3504.85,3505.22,150.719,1719111119999,528289.39241,261,131.936,462452.08052,0
1719111120000,3505.23,3505.66,3504.91,3505.66,152.628,1719111179999,534995.62456,325,64.366,225618.11127,0
1719111180000,3505.67,3506.22,3505.67,3506.22,194.535,1719111239999,682025.64960,272,160.191,561625.72070,0
1719111240000,3506.22,3507.00,3506.21,3506.99,239.151,1719111299999,838620.51206,464,206.552,724304.70070,0
1719111300000,3507.00,3507.56,3506.99,3507.01,311.532,1719111359999,1092626.06028,495,223.981,785551.97689,0
1719111360000,3507.01,3507.34,3506.77,3507.33,155.621,1719111419999,545766.09578,301,79.168,277645.65369,0
1719111420000,3507.34,3507.66,3507.33,3507.66,109.351,1719111479999,383551.19217,257,85.387,299494.01701,0
1719111480000,3507.66,3509.65,3507.65,3509.65,1591.671,1719111539999,5584750.93845,1298,1479.293,5190449.11362,0
1719111540000,3509.65,3512.04,3509.47,3512.03,1337.591,1719111599999,4695611.10958,2073,1039.363,3648787.30393,0
1719111600000,3512.04,3513.56,3511.00,3511.01,2265.193,1719111659999,7955853.01956,2809,1584.959,5566828.76938,0
1719111660000,3511.00,3512.66,3510.53,3511.71,1295.735,1719111719999,4550158.39569,1423,772.917,2714111.90374,0
1719111720000,3511.71,3512.53,3511.32,3511.67,288.169,1719111779999,1012022.25629,754,162.562,570904.21454,0
1719111780000,3511.68,3512.99,3511.34,3512.98,635.670,1719111839999,2232696.65764,776,369.210,1296835.65327,0
1719111840000,3512.99,3512.99,3512.03,3512.69,567.077,1719111899999,1991877.50581,1180,222.717,782339.40880,0
1719111900000,3512.69,3514.98,3512.69,3514.60,1762.003,1719111959999,6191626.55234,2523,1529.560,5374836.60919,0
1719111960000,3514.60,3516.60,3514.20,3515.26,2442.891,1719112019999,8587490.21087,2668,1937.326,6810255.39479,0
1719112020000,3515.27,3516.19,3515.07,3515.95,877.659,1719112079999,3085664.56440,1232,582.320,2047338.09940,0
1719112080000,3515.96,3515.96,3515.00,3515.16,1154.314,1719112139999,4057914.64048,1190,345.439,1214283.08213,0
1719112140000,3515.16,3515.16,3513.55,3513.55,403.499,1719112199999,1418020.78130,651,73.654,258820.47816,0
1719112200000,3513.55,3513.68,3512.90,3512.90,490.872,1719112259999,1724509.81890,671,150.884,530081.20084,0
1719112260000,3512.91,3514.70,3512.90,3514.70,361.717,1719112319999,1270833.50696,699,244.590,859340.58521,0
1719112320000,3514.70,3514.70,3513.04,3513.25,325.941,1719112379999,1145234.72309,576,164.988,579683.43513,0
1719112380000,3513.25,3513.26,3512.25,3512.25,342.613,1719112439999,1203609.53506,484,146.601,515030.26946,0
1719112440000,3512.25,3512.26,3509.08,3509.25,1362.366,1719112499999,4782560.18618,1361,173.955,610615.75779,0
1719112500000,3509.25,3510.42,3508.55,3508.55,1256.988,1719112559999,4411207.11988,1088,247.997,870343.68869,0
1719112560000,3508.56,3510.67,3508.55,3510.21,1012.141,1719112619999,3552108.57481,2015,383.487,1345732.73883,0
1719112620000,3510.22,3510.22,3509.11,3509.11,298.695,1719112679999,1048254.92010,544,101.786,357203.79047,0
1719112680000,3509.12,3510.20,3509.01,3510.00,411.326,1719112739999,1443618.54393,626,189.342,664517.70847,0
1719112740000,3510.00,3510.56,3509.29,3510.55,1240.116,1719112799999,4352809.83818,602,188.464,661517.39712,0
1719112800000,3510.55,3510.55,3510.01,3510.02,264.385,1719112859999,928041.25229,377,114.419,401629.54540,0
1719112860000,3510.01,3510.28,3509.45,3510.28,293.270,1719112919999,1029271.75183,627,151.324,531080.87309,0
1719112920000,3510.33,3511.66,3510.32,3511.65,963.077,1719112979999,3381270.57287,844,444.957,1562205.12554,0
1719112980000,3511.65,3511.96,3510.44,3510.44,767.904,1719113039999,2696634.38992,854,462.866,1625439.75225,0
1719113040000,3510.44,3510.45,3509.05,3509.05,300.528,1719113099999,1054886.27329,474,59.056,207298.67116,0
1719113100000,3509.05,3509.66,3509.05,3509.43,127.360,1719113159999,446946.02578,408,88.623,311003.18831,0
1719113160000,3509.44,3510.24,3509.09,3509.10,524.603,1719113219999,1841195.55191,615,418.579,1469061.70862,0
1719113220000,3509.09,3509.10,3507.66,3507.67,572.432,1719113279999,2008304.19534,805,95.867,336320.58058,0
1719113280000,3507.67,3508.72,3507.66,3508.72,343.511,1719113339999,1205240.31421,400,300.791,1055352.28446,0
1719113340000,3508.72,3510.38,3508.72,3510.12,427.447,1719113399999,1500291.56583,533,160.800,564345.58711,0
1719113400000,3510.12,3510.72,3510.12,3510.55,288.107,1719113459999,1011397.21301,551,179.764,631048.42810,0
1719113460000,3510.56,3511.69,3510.56,3511.68,170.013,1719113519999,596986.67448,404,150.747,529333.32636,0
1719113520000,3511.68,3511.68,3510.39,3510.40,275.277,1719113579999,966503.09649,594,34.226,120155.69868,0
1719113580000,3510.40,3510.40,3509.81,3509.81,200.916,1719113639999,705217.65209,376,79.442,278845.12551,0
1719113640000,3509.81,3509.88,3509.70,3509.88,83.285,1719113699999,292310.45412,233,51.334,180168.72912,0
1719113700000,3509.88,3510.76,3509.88,3510.50,124.983,1719113759999,438757.46410,391,69.975,245640.47938,0
1719113760000,3510.51,3512.71,3510.50,3512.41,454.973,1719113819999,1597765.91944,844,335.845,1179367.45025,0
1719113820000,3512.41,3514.26,3512.40,3514.10,902.472,1719113879999,3170518.93985,1252,649.876,2283065.99861,0
1719113880000,3514.11,3514.19,3512.96,3513.31,376.120,1719113939999,1321641.87108,628,197.163,692809.17414,0
1719113940000,3513.30,3513.31,3512.33,3512.34,203.684,1719113999999,715524.48663,364,52.648,184948.36555,0
1719114000000,3512.33,3512.57,3511.77,3511.78,494.132,1719114059999,1735533.61780,592,198.081,695729.22178,0
1719114060000,3511.78,3513.43,3511.77,3513.13,464.383,1719114119999,1631208.99460,555,306.576,1076915.01764,0
1719114120000,3513.13,3513.13,3512.28,3513.13,212.391,1719114179999,746084.02896,391,149.790,526172.58485,0
1719114180000,3513.13,3513.46,3512.60,3512.61,155.928,1719114239999,547811.78342,312,65.512,230153.26473,0
1719114240000,3512.60,3513.61,3512.60,3513.61,156.517,1719114299999,549830.57817,382,142.224,499622.18774,0
1719114300000,3513.61,3514.27,3513.61,3514.27,307.005,1719114359999,1078840.58216,570,137.714,483925.98672,0
1719114360000,3514.27,3515.48,3513.75,3515.48,600.748,1719114419999,2111402.21814,807,382.908,1345804.09305,0
1719114420000,3515.48,3515.48,3513.33,3514.36,594.213,1719114479999,2088052.81740,851,97.180,341509.39398,0
1719114480000,3514.37,3514.49,3514.36,3514.49,103.413,1719114539999,363441.89888,180,56.982,200261.19752,0
1719114540000,3514.49,3516.35,3514.48,3515.19,517.938,1719114599999,1820951.49198,860,333.804,1173530.74127,0
1719114600000,3515.19,3517.47,3515.19,3517.27,1147.394,1719114659999,4035059.33715,1438,844.232,2968867.83091,0
1719114660000,3517.27,3517.38,3516.96,3517.27,432.640,1719114719999,1521724.87308,487,253.581,891921.67295,0
1719114720000,3517.27,3517.37,3516.50,3516.76,325.272,1719114779999,1143959.20926,784,125.583,441671.73942,0
1719114780000,3516.75,3516.76,3516.18,3516.66,340.628,1719114839999,1197786.74486,408,65.826,231481.15641,0
1719114840000,3516.67,3516.67,3515.41,3516.08,933.206,1719114899999,3281187.32695,837,408.906,1437687.14736,0
1719114900000,3516.07,3516.47,3515.35,3515.49,346.931,1719114959999,1219732.68515,583,180.057,633034.00746,0
1719114960000,3515.50,3516.34,3515.49,3515.68,594.202,1719115019999,2089183.70207,593,269.613,947936.39629,0
1719115020000,3515.68,3517.11,3515.68,3515.79,471.134,1719115079999,1656805.57684,761,215.593,758111.05819,0
1719115080000,3515.79,3517.47,3515.79,3516.91,445.489,1719115139999,1566851.51288,695,270.418,951095.07324,0
1719115140000,3516.92,3517.48,3516.46,3517.23,586.923,1719115199999,2064141.90645,714,342.610,1204915.17822,0
1719115200000,3517.24,3517.97,3515.69,3515.99,1050.233,1719115259999,3693644.53561,1714,570.328,2005908.34461,0
1719115260000,3516.00,3517.70,3516.00,3517.00,1411.323,1719115319999,4963664.15120,1602,911.576,3206021.63952,0
1719115320000,3516.99,3517.44,3516.49,3517.00,1094.965,1719115379999,3851033.56755,1167,919.297,3233209.57730,0
1719115380000,3517.00,3517.00,3514.99,3515.20,1358.584,1719115439999,4776408.70262,1461,411.702,1447332.68049,0
1719115440000,3515.13,3515.61,3514.86,3515.04,461.668,1719115499999,1622886.38393,839,206.050,724322.41569,0
1719115500000,3515.04,3516.78,3515.04,3516.77,277.329,1719115559999,975107.98205,610,218.528,768348.87503,0
1719115560000,3516.78,3516.80,3516.19,3516.32,466.038,1719115619999,1638878.69829,669,112.429,395351.42504,0
1719115620000,3516.33,3516.68,3516.32,3516.59,290.778,1719115679999,1022531.80210,382,130.372,458446.76834,0
1719115680000,3516.58,3516.77,3516.58,3516.77,167.540,1719115739999,589179.11594,387,82.497,290109.87348,0
1719115740000,3516.76,3517.36,3516.76,3517.00,555.925,1719115799999,1955230.36149,727,361.580,1271664.28460,0
1719115800000,3517.00,3517.00,3516.37,3516.40,328.675,1719115859999,1155826.78803,830,83.598,293975.09638,0
1719115860000,3516.41,3517.14,3515.43,3517.14,526.633,1719115919999,1851594.14297,1035,348.135,1224007.40031,0
1719115920000,3517.14,3517.50,3516.70,3517.49,214.909,1719115979999,755843.32649,496,77.883,273923.59912,0
1719115980000,3517.50,3517.88,3517.42,3517.42,649.469,1719116039999,2284656.40277,832,214.582,754827.77672,0
1719116040000,3517.43,3517.47,3517.20,3517.42,913.527,1719116099999,3213182.54585,840,305.393,1074167.14065,0
1719116100000,3517.42,3517.58,3516.76,3516.80,673.464,1719116159999,2368724.56305,759,124.636,438374.99186,0
1719116160000,3516.81,3517.58,3516.53,3517.57,1125.315,1719116219999,3957832.96323,1046,658.701,2316637.97538,0
1719116220000,3517.58,3517.73,3517.57,3517.73,332.121,1719116279999,1168290.29343,286,301.122,1059244.86290,0
1719116280000,3517.72,3519.54,3517.72,3519.23,1333.860,1719116339999,4693343.10402,1607,1063.765,3743044.46579,0
1719116340000,3519.24,3519.70,3518.44,3519.05,1428.177,1719116399999,5026003.78079,1554,757.238,2664987.93097,0
1719116400000,3519.04,3519.05,3516.86,3517.35,2727.902,1719116459999,9596091.22971,2022,357.801,1258619.51665,0
1719116460000,3517.36,3517.43,3516.49,3517.43,581.018,1719116519999,2043367.74266,686,278.509,979476.76200,0
1719116520000,3517.43,3518.50,3516.97,3518.49,536.271,1719116579999,1886471.71030,673,390.719,1374427.87758,0
1719116580000,3518.50,3518.73,3517.58,3517.95,388.067,1719116639999,1365300.37667,602,128.835,453259.73617,0
1719116640000,3517.95,3518.22,3517.88,3517.89,248.874,1719116699999,875559.37072,453,157.774,555066.44544,0
1719116700000,3517.88,3518.72,3516.66,3517.19,755.455,1719116759999,2657711.46632,1062,258.315,908826.81028,0
1719116760000,3517.20,3517.20,3516.74,3516.75,153.454,1719116819999,539701.37155,302,51.868,182421.46796,0
1719116820000,3516.75,3516.75,3516.49,3516.66,260.952,1719116879999,917673.57777,425,101.497,356924.94536,0
1719116880000,3516.66,3516.67,3515.71,3515.72,313.904,1719116939999,1103684.28180,537,32.854,115516.00101,0
1719116940000,3515.72,3515.72,3514.18,3514.23,874.929,1719116999999,3075091.68552,994,47.106,165558.27144,0
1719117000000,3514.23,3514.45,3514.02,3514.02,270.710,1719117059999,951343.87064,540,83.513,293487.30600,0
1719117060000,3514.03,3514.25,3513.00,3513.00,736.662,1719117119999,2588434.17525,759,232.885,818315.62047,0
1719117120000,3513.01,3514.47,3513.01,3514.46,682.654,1719117179999,2398619.17538,616,595.921,2093876.10893,0
1719117180000,3514.47,3514.60,3514.00,3514.60,185.235,1719117239999,650977.00172,376,101.865,357982.49415,0
1719117240000,3514.60,3514.60,3513.96,3513.96,186.975,1719117299999,657093.69187,293,73.359,257815.87107,0
1719117300000,3513.97,3515.09,3513.96,3515.09,359.072,1719117359999,1261921.43303,473,219.626,771829.11101,0
1719117360000,3515.09,3515.09,3514.59,3514.60,156.818,1719117419999,551210.72968,299,6.964,24476.55209,0
1719117420000,3514.60,3514.60,3514.11,3514.47,388.018,1719117479999,1363698.17646,368,45.008,158178.13437,0
1719117480000,3514.47,3515.61,3514.47,3515.31,370.966,1719117539999,1303839.85407,607,283.617,996813.81736,0
1719117540000,3515.30,3515.30,3514.66,3515.00,198.913,1719117599999,699166.40052,413,29.683,104332.51015,0
1719117600000,3515.01,3515.01,3514.16,3514.17,213.811,1719117659999,751497.40292,429,40.820,143478.47964,0
1719117660000,3514.16,3515.32,3514.16,3515.32,213.722,1719117719999,751189.57323,293,142.317,500207.52262,0
1719117720000,3515.32,3515.32,3514.83,3515.31,185.063,1719117779999,650538.85274,658,74.439,261668.51139,0
1719117780000,3515.32,3515.32,3514.96,3514.97,252.617,1719117839999,888000.14269,656,14.219,49981.15084,0
1719117840000,3514.97,3514.97,3514.42,3514.42,112.925,1719117899999,396897.27624,536,42.262,148537.06751,0
1719117900000,3514.42,3514.42,3512.96,3512.97,346.469,1719117959999,1217353.99832,860,24.586,86383.28731,0
1719117960000,3512.96,3515.50,3512.96,3515.50,367.086,1719118019999,1290036.78713,1052,273.106,959744.68111,0
1719118020000,3515.50,3515.52,3512.71,3512.72,579.089,1719118079999,2035041.33381,1050,100.633,353740.90684,0
1719118080000,3512.72,3513.30,3512.71,3513.00,284.783,1719118139999,1000448.66059,852,196.424,690040.15864,0
1719118140000,3512.99,3512.99,3512.24,3512.24,293.049,1719118199999,1029363.68955,989,43.222,151828.50122,0
1719118200000,3512.24,3512.25,3511.42,3512.00,325.528,1719118259999,1143169.73294,791,100.441,352723.46524,0
1719118260000,3512.00,3512.38,3510.50,3511.24,1302.883,1719118319999,4574706.93930,1442,284.260,998005.45326,0
1719118320000,3511.24,3512.28,3511.23,3511.80,384.094,1719118379999,1348876.14448,1046,241.864,849360.44143,0
1719118380000,3511.80,3512.28,3511.79,3512.25,275.254,1719118439999,966739.47138,457,61.286,215238.04971,0
1719118440000,3512.25,3512.52,3512.24,3512.52,179.921,1719118499999,631929.78988,466,155.120,544822.59520,0
1719118500000,3512.52,3512.52,3512.18,3512.18,114.346,1719118559999,401634.92429,487,32.053,112584.67968,0
1719118560000,3512.19,3512.19,3511.66,3512.00,420.953,1719118619999,1478370.63438,738,158.030,554956.67163,0
1719118620000,3512.00,3512.12,3511.79,3511.80,113.275,1719118679999,397828.70743,446,51.489,180833.88465,0
1719118680000,3511.80,3513.00,3511.79,3513.00,380.831,1719118739999,1337509.55517,588,361.399,1269249.74441,0
1719118740000,3512.99,3513.00,3512.25,3512.72,111.471,1719118799999,391575.54919,427,34.044,119584.85749,0
1719118800000,3512.72,3513.70,3512.72,3513.69,227.708,1719118859999,799991.95500,500,203.738,715778.38987,0
1719118860000,3513.69,3514.63,3513.69,3514.63,308.192,1719118919999,1082990.94968,495,206.140,724381.11251,0
1719118920000,3514.62,3515.06,3514.44,3515.06,278.900,1719118979999,980246.53025,561,81.427,286195.36622,0
1719118980000,3515.06,3516.00,3515.06,3516.00,644.269,1719119039999,2265025.42498,684,455.388,1600939.70933,0
1719119040000,3515.99,3516.31,3515.43,3516.31,376.981,1719119099999,1325400.86268,785,198.519,697961.54906,0
1719119100000,3516.31,3516.31,3516.02,3516.30,143.592,1719119159999,504883.58149,268,99.951,351436.87838,0
1719119160000,3516.30,3516.65,3516.29,3516.42,293.262,1719119219999,1031265.58359,413,81.686,287243.44170,0
1719119220000,3516.43,3516.43,3516.42,3516.43,100.352,1719119279999,352880.02652,188,24.668,86743.29524,0
1719119280000,3516.42,3516.43,3515.30,3515.30,387.969,1719119339999,1364196.89785,613,31.584,111061.92444,0
1719119340000,3515.30,3515.56,3515.09,3515.10,118.684,1719119399999,417207.08965,318,71.212,250329.24818,0
1719119400000,3515.10,3515.10,3514.39,3514.57,278.517,1719119459999,978891.52112,430,188.221,661533.66709,0
1719119460000,3514.57,3516.34,3514.50,3515.63,1153.615,1719119519999,4055367.13877,968,874.396,3073594.89334,0
1719119520000,3515.63,3516.00,3515.30,3516.00,172.117,1719119579999,605084.70011,358,88.735,311954.39785,0
1719119580000,3516.00,3516.78,3516.00,3516.33,311.060,1719119639999,1093883.93692,422,231.412,813783.25285,0
1719119640000,3516.33,3516.34,3516.00,3516.01,150.950,1719119699999,530771.62006,313,66.954,235424.32610,0
1719119700000,3516.01,3516.01,3515.24,3515.24,101.466,1719119759999,356695.52631,359,40.563,142595.80335,0
1719119760000,3515.25,3515.25,3513.88,3513.89,293.975,1719119819999,1033185.94719,736,78.543,276068.24550,0
1719119820000,3513.88,3513.89,3513.37,3513.37,95.056,1719119879999,333978.20196,283,9.960,34994.53046,0
1719119880000,3513.37,3513.38,3513.16,3513.16,225.269,1719119939999,791434.79679,297,38.016,133562.44572,0
1719119940000,3513.16,3513.30,3511.83,3512.15,1404.990,1719119999999,4934929.74842,1157,225.324,791381.51703,0
1719120000000,3512.14,3512.15,3512.13,3512.13,212.333,1719120059999,745743.25695,393,141.811,498060.40595,0
1719120060000,3512.13,3512.80,3511.84,3511.85,242.975,1719120119999,853442.18751,461,134.860,473682.27674,0
1719120120000,3511.84,3512.62,3511.50,3511.51,344.279,1719120179999,1209110.64233,757,160.802,564729.79558,0
1719120180000,3511.50,3511.51,3509.17,3509.84,1482.440,1719120239999,5203824.09054,1807,218.050,765337.64559,0
1719120240000,3509.88,3510.08,3509.02,3509.02,583.474,1719120299999,2047620.16022,893,250.559,879322.02149,0
1719120300000,3509.02,3509.32,3508.60,3509.32,1008.913,1719120359999,3540098.21590,990,643.832,2259112.43367,0
1719120360000,3509.32,3509.32,3508.25,3508.25,724.709,1719120419999,2542992.75624,950,96.287,337881.16819,0
1719120420000,3508.25,3508.71,3508.25,3508.70,311.587,1719120479999,1093227.71414,491,91.453,320864.29812,0
1719120480000,3508.69,3509.08,3508.51,3508.66,715.641,1719120539999,2511112.18898,667,84.976,298156.63535,0
1719120540000,3508.65,3509.37,3508.65,3509.37,583.552,1719120599999,2047851.48765,505,330.288,1159080.47039,0
1719120600000,3509.37,3509.99,3509.00,3509.18,1155.036,1719120659999,4053597.78222,1102,615.746,2160903.42379,0
1719120660000,3509.19,3509.19,3507.55,3507.55,630.259,1719120719999,2211178.13010,1159,250.782,879825.89660,0
1719120720000,3507.55,3507.90,3506.95,3506.96,490.411,1719120779999,1720112.48757,814,37.150,130308.31777,0
1719120780000,3506.95,3507.51,3506.40,3507.51,416.252,1719120839999,1459746.51793,818,152.425,534546.69909,0
1719120840000,3507.51,3508.46,3507.50,3508.24,430.366,1719120899999,1509816.35529,578,230.520,808688.61280,0
1719120900000,3508.25,3508.84,3507.44,3508.83,1261.664,1719120959999,4426185.66123,857,475.074,1666654.12029,0
1719120960000,3508.83,3508.90,3508.83,3508.89,345.884,1719121019999,1213665.00851,425,239.564,840601.01615,0
1719121020000,3508.89,3508.90,3508.55,3508.56,128.981,1719121079999,452568.89987,352,38.253,134221.63534,0
1719121080000,3508.55,3511.00,3508.55,3510.77,1140.572,1719121139999,4002965.91776,1211,1044.862,3666958.36609,0
1719121140000,3510.77,3510.77,3508.43,3508.93,1480.485,1719121199999,5195489.24147,1389,98.636,346096.05575,0
1719121200000,3508.93,3509.25,3508.92,3509.25,154.908,1719121259999,543579.07505,459,106.422,373440.46793,0
1719121260000,3509.25,3510.00,3509.00,3510.00,232.798,1719121319999,817005.21616,546,171.154,600684.21918,0
1719121320000,3509.99,3510.00,3509.63,3509.99,167.491,1719121379999,587884.56218,387,108.118,379487.80170,0
1719121380000,3509.99,3510.00,3509.00,3509.00,228.895,1719121439999,803302.65020,450,50.256,176374.01743,0
1719121440000,3509.01,3509.18,3509.00,3509.01,384.644,1719121499999,1349771.25617,342,43.914,154096.20292,0
1719121500000,3509.00,3510.00,3509.00,3509.43,448.799,1719121559999,1574979.74417,733,336.028,1179215.76561,0
1719121560000,3509.43,3510.64,3509.43,3510.06,335.904,1719121619999,1179060.60243,623,266.479,935351.31079,0
1719121620000,3510.06,3510.14,3509.58,3509.58,243.176,1719121679999,853532.85561,437,54.781,192266.51554,0
1719121680000,3509.59,3510.13,3509.58,3510.03,138.682,1719121739999,486756.90191,308,75.882,266330.66417,0
1719121740000,3510.02,3510.08,3509.69,3509.70,187.413,1719121799999,657813.69404,270,30.202,106002.37634,0
1719121800000,3509.70,3510.11,3509.69,3509.81,165.779,1719121859999,581867.24369,279,96.357,338199.00502,0
1719121860000,3509.81,3510.00,3509.80,3509.82,176.407,1719121919999,619163.52331,245,122.619,430371.82707,0
1719121920000,3509.82,3509.86,3509.26,3509.47,155.378,1719121979999,545320.17047,417,69.137,242642.60148,0
1719121980000,3509.46,3509.47,3508.69,3508.70,90.278,1719122039999,316814.27497,298,14.897,52279.67837,0
1719122040000,3508.69,3508.69,3507.00,3507.17,957.136,1719122099999,3357233.51135,1013,91.156,319701.77683,0
1719122100000,3507.18,3507.32,3507.17,3507.32,125.158,1719122159999,438966.23342,218,47.722,167375.57626,0
1719122160000,3507.31,3507.32,3507.31,3507.31,217.712,1719122219999,763584.17564,223,70.092,245835.07344,0
1719122220000,3507.32,3507.72,3507.29,3507.30,179.741,1719122279999,630435.23446,491,103.692,363689.60204,0
1719122280000,3507.30,3507.40,3507.14,3507.40,291.559,1719122339999,1022551.10352,462,112.875,395872.61164,0
1719122340000,3507.40,3508.22,3507.39,3508.22,109.069,1719122399999,382597.32797,383,80.970,284032.10035,0
1719122400000,3508.21,3508.21,3507.24,3507.24,369.983,1719122459999,1297799.59143,824,126.412,443417.62602,0
1719122460000,3507.24,3508.36,3507.24,3508.18,252.556,1719122519999,885901.71414,531,163.142,572260.69998,0
1719122520000,3508.18,3508.18,3507.60,3507.62,263.574,1719122579999,924560.83373,547,96.845,339699.63542,0
1719122580000,3507.63,3508.00,3507.62,3508.00,106.500,1719122639999,373583.16296,233,30.771,107941.36630,0
1719122640000,3508.00,3508.00,3507.66,3507.66,114.974,1719122699999,403321.40097,252,19.970,70054.75070,0
1719122700000,3507.67,3507.67,3507.27,3507.28,232.499,1719122759999,815508.63366,478,95.880,336313.89348,0
1719122760000,3507.28,3507.99,3507.07,3507.99,147.612,1719122819999,517755.55608,482,90.562,317647.07788,0
1719122820000,3507.99,3508.85,3507.99,3508.84,127.438,1719122879999,447115.68060,288,88.624,310941.27438,0
1719122880000,3508.85,3508.85,3507.82,3507.83,257.584,1719122939999,903735.64439,301,60.814,213356.56915,0
1719122940000,3507.82,3508.19,3507.32,3507.32,297.559,1719122999999,1043740.41013,380,101.977,357709.68300,0
1719123000000,3507.33,3508.99,3507.32,3508.69,455.884,1719123059999,1599552.88306,934,117.616,412617.39508,0
1719123060000,3508.68,3509.71,3508.25,3508.68,869.053,1719123119999,3049385.73480,874,228.681,802456.18480,0
1719123120000,3508.66,3508.99,3508.54,3508.99,527.500,1719123179999,1850833.40053,449,358.171,1256696.23204,0
1719123180000,3508.99,3509.98,3508.98,3509.48,744.920,1719123239999,2614222.29710,524,576.886,2024550.32768,0
1719123240000,3509.48,3510.42,3509.08,3510.42,812.496,1719123299999,2851743.28038,536,665.514,2335912.53928,0
1719123300000,3510.42,3510.42,3510.41,3510.41,107.952,1719123359999,378956.21024,189,42.992,150919.97664,0
1719123360000,3510.41,3510.42,3509.34,3509.34,140.586,1719123419999,493417.92384,274,55.791,195790.35218,0
1719123420000,3509.34,3509.86,3508.81,3509.66,314.144,1719123479999,1102344.25637,572,231.497,812314.94914,0
1719123480000,3509.66,3509.66,3508.65,3509.46,494.100,1719123539999,1733913.24513,541,269.048,944160.34536,0
1719123540000,3509.46,3510.14,3509.46,3510.14,149.223,1719123599999,523729.63171,304,49.524,173816.52825,0
1719123600000,3510.14,3510.14,3509.24,3509.24,220.938,1719123659999,775488.24298,298,78.316,274892.50642,0
1719123660000,3509.24,3509.54,3509.24,3509.42,110.525,1719123719999,387871.10410,395,76.012,266750.07937,0
1719123720000,3509.41,3509.42,3508.88,3508.92,383.654,1719123779999,1346324.91928,454,50.376,176787.51753,0
1719123780000,3508.92,3509.49,3508.91,3509.01,123.518,1719123839999,433443.82861,286,85.036,298407.81156,0
1719123840000,3509.00,3509.36,3509.00,3509.36,53.170,1719123899999,186583.35462,182,30.263,106200.04912,0
1719123900000,3509.35,3509.36,3508.36,3508.36,166.857,1719123959999,585521.79600,468,72.342,253860.65016,0
1719123960000,3508.36,3508.61,3508.04,3508.61,129.934,1719124019999,455843.92137,358,56.996,199958.41898,0
1719124020000,3508.60,3508.61,3508.60,3508.60,30.429,1719124079999,106763.40854,126,21.914,76887.67954,0
1719124080000,3508.61,3508.61,3508.24,3508.25,129.553,1719124139999,454540.67129,206,5.478,19218.28938,0
1719124140000,3508.24,3508.25,3507.53,3507.54,119.978,1719124199999,420885.10712,406,27.097,95055.37269,0
1719124200000,3507.54,3507.82,3507.16,3507.16,276.110,1719124259999,968497.16366,576,81.571,286119.95813,0
1719124260000,3507.16,3507.17,3506.67,3506.67,148.073,1719124319999,519301.14404,497,32.051,112406.83232,0
1719124320000,3506.67,3507.28,3506.59,3506.59,237.621,1719124379999,833313.26000,504,148.389,520390.34199,0
1719124380000,3506.60,3506.83,3506.30,3506.83,266.109,1719124439999,933107.92442,458,182.123,638617.02718,0
1719124440000,3506.83,3506.83,3506.30,3506.31,93.977,1719124499999,329529.79762,283,37.298,130781.25714,0
1719124500000,3506.30,3507.08,3506.30,3507.08,293.977,1719124559999,1030830.21668,621,204.583,717383.32054,0
1719124560000,3507.08,3509.52,3507.07,3509.52,708.095,1719124619999,2484568.70034,991,701.719,2462200.69176,0
1719124620000,3509.52,3511.08,3509.04,3510.91,936.179,1719124679999,3286134.57259,1067,762.921,2677992.09744,0
1719124680000,3510.91,3510.97,3509.90,3509.91,201.497,1719124739999,707334.05063,552,121.380,426085.36963,0
1719124740000,3510.00,3510.35,3509.68,3509.68,274.022,1719124799999,961834.53372,550,64.761,227318.67376,0
1719124800000,3509.68,3509.68,3509.22,3509.54,119.774,1719124859999,420325.63466,241,99.243,348275.34268,0
1719124860000,3509.53,3509.54,3508.25,3508.25,132.626,1719124919999,465416.04860,307,61.542,215982.43044,0
1719124920000,3508.26,3508.26,3508.01,3508.26,61.445,1719124979999,215553.47035,338,39.657,139119.50967,0
1719124980000,3508.26,3508.26,3508.25,3508.26,63.145,1719125039999,221529.00751,180,56.126,196904.60076,0
1719125040000,3508.25,3509.18,3508.25,3509.18,122.023,1719125099999,428135.85843,343,106.731,374484.72871,0
1719125100000,3509.17,3509.31,3508.02,3508.03,250.861,1719125159999,880279.77927,414,145.164,509392.95044,0
1719125160000,3508.03,3508.13,3508.02,3508.13,150.750,1719125219999,528841.17328,275,36.222,127068.79122,0
1719125220000,3508.12,3508.13,3507.36,3507.36,111.117,1719125279999,389781.64353,314,19.831,69562.42203,0
1719125280000,3507.36,3507.37,3507.05,3507.06,179.266,1719125339999,628698.07269,309,41.349,145013.43262,0
1719125340000,3507.06,3507.67,3507.05,3507.67,117.736,1719125399999,412941.50419,231,113.633,398551.95504,0
1719125400000,3507.66,3507.67,3506.11,3506.29,326.626,1719125459999,1145382.76863,501,60.456,211986.97857,0
1719125460000,3506.28,3507.11,3506.28,3507.11,134.372,1719125519999,471183.50355,283,107.967,378597.21244,0
1719125520000,3507.11,3507.11,3506.64,3506.64,128.837,1719125579999,451808.14724,280,44.884,157399.44346,0
1719125580000,3506.65,3506.88,3505.39,3505.97,675.790,1719125639999,2369341.15056,920,143.985,504790.20593,0
1719125640000,3505.97,3506.44,3505.92,3506.44,386.104,1719125699999,1353679.42704,282,207.718,728253.31398,0
1719125700000,3506.44,3506.70,3506.05,3506.69,263.834,1719125759999,925063.97251,339,205.519,720594.30349,0
1719125760000,3506.70,3506.98,3505.97,3506.42,532.550,1719125819999,1867429.59030,469,117.533,412114.02621,0
1719125820000,3506.42,3506.42,3506.41,3506.41,42.205,1719125879999,147988.23694,90,20.289,71141.75538,0
1719125880000,3506.42,3506.60,3506.41,3506.59,47.739,1719125939999,167396.97566,140,32.674,114570.65109,0
1719125940000,3506.59,3506.60,3505.98,3505.98,340.210,1719125999999,1192851.44237,325,103.089,361430.76885,0
1719126000000,3505.99,3506.10,3505.40,3506.10,266.280,1719126059999,933500.05453,671,130.553,457685.29289,0
1719126060000,3506.10,3507.29,3506.09,3507.28,259.108,1719126119999,908632.88714,565,235.842,827046.55071,0
1719126120000,3507.29,3507.99,3507.29,3507.99,231.616,1719126179999,812481.87754,419,142.471,499764.72898,0
1719126180000,3507.99,3508.49,3507.98,3508.24,138.716,1719126239999,486636.30234,381,92.982,326191.44420,0
1719126240000,3508.24,3508.26,3508.02,3508.25,103.988,1719126299999,364807.71277,266,51.635,181141.66675,0
1719126300000,3508.25,3508.26,3506.90,3507.72,289.146,1719126359999,1014182.87604,619,111.135,389763.81562,0
1719126360000,3507.72,3508.11,3507.72,3508.10,60.328,1719126419999,211635.22265,288,34.718,121793.18977,0
1719126420000,3508.10,3508.89,3508.10,3508.58,374.158,1719126479999,1312779.79762,428,135.279,474610.66771,0
1719126480000,3508.58,3508.78,3508.25,3508.58,62.295,1719126539999,218570.16309,228,33.201,116487.77065,0
1719126540000,3508.58,3509.58,3508.57,3509.58,324.082,1719126599999,1137203.29394,464,312.719,1097330.10212,0
1719126600000,3509.57,3510.00,3508.89,3508.90,369.521,1719126659999,1296869.16562,620,63.549,223034.26908,0
1719126660000,3508.90,3509.69,3508.89,3509.69,132.242,1719126719999,464065.30214,375,126.687,444571.15110,0
1719126720000,3509.68,3509.69,3508.80,3509.09,124.597,1719126779999,437256.09379,345,52.212,183233.56805,0
1719126780000,3509.08,3509.56,3508.96,3509.41,388.684,1719126839999,1363935.31022,406,350.736,1230766.45479,0
1719126840000,3509.41,3509.42,3509.41,3509.41,38.487,1719126899999,135066.84422,212,18.155,63713.52010,0
1719126900000,3509.41,3509.42,3509.21,3509.42,123.116,1719126959999,432055.34692,344,37.912,133043.48699,0
1719126960000,3509.42,3511.35,3509.41,3511.35,538.292,1719127019999,1889850.84734,754,499.918,1755109.65461,0
1719127020000,3511.34,3511.78,3510.47,3511.23,729.197,1719127079999,2560208.81012,794,554.369,1946322.18722,0
1719127080000,3511.22,3511.23,3510.05,3510.72,221.654,1719127139999,778161.75191,567,142.213,499279.17703,0
1719127140000,3510.73,3510.73,3510.50,3510.73,245.678,1719127199999,862486.77360,381,127.627,448045.66973,0
1719127200000,3510.73,3510.73,3510.70,3510.71,191.361,1719127259999,671815.16075,452,51.766,181736.31614,0
1719127260000,3510.71,3511.45,3510.70,3511.05,270.936,1719127319999,951291.10282,550,150.360,527914.49492,0
1719127320000,3511.20,3512.06,3510.62,3510.62,962.111,1719127379999,3378599.55536,1091,300.668,1055869.57652,0
1719127380000,3510.62,3510.88,3509.92,3509.94,693.417,1719127439999,2433992.60718,661,319.146,1120249.32466,0
1719127440000,3509.93,3511.00,3509.82,3510.99,912.804,1719127499999,3204253.78986,720,645.847,2267185.71434,0
1719127500000,3511.00,3511.84,3510.64,3510.64,489.980,1719127559999,1720468.92731,703,175.311,615556.09259,0
1719127560000,3510.64,3511.43,3510.64,3511.43,128.436,1719127619999,450980.30087,275,108.102,379579.28783,0
1719127620000,3511.42,3512.28,3511.42,3512.28,515.900,1719127679999,1811799.03561,649,306.743,1077238.73999,0
1719127680000,3512.27,3512.96,3512.19,3512.19,814.454,1719127739999,2860921.21560,1189,416.726,1463794.36253,0
1719127740000,3512.19,3512.19,3510.86,3510.86,507.981,1719127799999,1783821.43850,885,20.210,70975.67799,0
1719127800000,3510.87,3511.32,3509.62,3510.01,1089.849,1719127859999,3825999.86098,977,445.741,1565007.85311,0
1719127860000,3510.00,3510.01,3508.69,3508.69,111.620,1719127919999,391723.18303,458,10.110,35480.25291,0
1719127920000,3508.69,3508.70,3507.74,3508.11,511.830,1719127979999,1795502.47236,681,345.173,1210842.24420,0
1719127980000,3508.11,3510.01,3508.11,3509.74,665.250,1719128039999,2334525.20100,932,473.552,1661712.50147,0
1719128040000,3509.73,3509.74,3509.32,3509.60,107.789,1719128099999,378291.46379,204,48.307,169533.30904,0
1719128100000,3509.60,3509.60,3509.59,3509.60,90.064,1719128159999,316088.17904,191,46.528,163294.66880,0
1719128160000,3509.59,3509.60,3508.44,3508.45,180.343,1719128219999,632832.99271,544,22.523,79040.47952,0
1719128220000,3508.45,3508.45,3508.44,3508.44,63.070,1719128279999,221277.59132,168,28.052,98419.03940,0
1719128280000,3508.44,3508.99,3508.44,3508.98,214.948,1719128339999,754153.57493,188,176.970,620903.46125,0
1719128340000,3508.98,3508.99,3507.78,3507.85,338.561,1719128399999,1187782.41858,407,74.756,262245.81713,0
1719128400000,3507.85,3509.15,3507.85,3509.15,67.778,1719128459999,237807.59325,306,59.273,207967.52427,0
1719128460000,3509.14,3509.70,3509.14,3509.69,99.206,1719128519999,348167.03235,376,67.996,238630.10542,0
1719128520000,3509.69,3509.70,3509.24,3509.24,192.359,1719128579999,675048.42906,295,62.210,218312.26365,0
1719128580000,3509.24,3509.25,3509.24,3509.25,91.314,1719128639999,320443.05987,148,31.851,111773.12175,0
1719128640000,3509.24,3509.25,3508.12,3508.75,332.853,1719128699999,1167793.53749,577,72.940,255896.67635,0
1719128700000,3508.75,3508.75,3508.01,3508.02,88.479,1719128759999,310416.23249,371,33.565,117761.16993,0
1719128760000,3508.01,3508.02,3507.71,3507.87,166.334,1719128819999,583477.54087,350,52.165,182986.65995,0
1719128820000,3507.87,3508.94,3507.86,3508.18,317.508,1719128879999,1113874.14664,454,269.690,946111.08207,0
1719128880000,3508.18,3508.80,3508.17,3508.80,48.629,1719128939999,170618.97862,220,33.595,117869.62591,0
1719128940000,3508.80,3508.80,3508.31,3508.32,79.572,1719128999999,279182.64249,210,26.916,94430.59104,0
1719129000000,3508.31,3508.32,3506.56,3506.57,488.579,1719129059999,1713559.52992,762,57.307,200985.80710,0
1719129060000,3506.57,3508.08,3506.56,3508.08,518.225,1719129119999,1817535.52383,690,495.658,1738394.60209,0
1719129120000,3508.08,3508.77,3508.07,3508.77,71.646,1719129179999,251366.60876,324,55.160,193524.82851,0
1719129180000,3508.77,3508.77,3508.12,3508.13,122.228,1719129239999,428837.16372,363,22.284,78178.44745,0
1719129240000,3508.13,3509.63,3508.12,3509.63,166.643,1719129299999,584743.93790,424,156.965,550783.38586,0
1719129300000,3509.62,3510.18,3509.62,3510.18,131.725,1719129359999,462332.81835,372,106.952,375382.42737,0
1719129360000,3510.18,3511.13,3510.17,3511.12,187.046,1719129419999,656606.05153,364,175.364,615596.44436,0
1719129420000,3511.13,3511.13,3511.12,3511.12,101.207,1719129479999,355350.68643,161,76.459,268457.48867,0
1719129480000,3511.12,3511.13,3510.79,3510.80,286.085,1719129539999,1004445.20015,543,110.817,389071.64513,0
1719129540000,3510.79,3510.80,3510.79,3510.79,51.528,1719129599999,180904.28689,145,29.977,105243.25160,0
1719129600000,3510.80,3511.71,3510.59,3511.13,510.647,1719129659999,1792902.34563,747,329.020,1155162.25907,0
1719129660000,3511.13,3511.13,3509.41,3509.42,202.953,1719129719999,712402.16515,532,36.257,127267.00373,0
1719129720000,3509.42,3509.42,3508.13,3508.50,304.865,1719129779999,1069693.38138,669,78.917,276860.36165,0
1719129780000,3508.49,3508.80,3508.30,3508.79,147.989,1719129839999,519211.53548,313,92.924,326017.41972,0
1719129840000,3508.79,3509.03,3508.44,3508.45,54.901,1719129899999,192628.48797,260,21.199,74379.88695,0
1719129900000,3508.45,3508.91,3508.44,3508.91,274.885,1719129959999,964476.10872,406,247.654,868927.13376,0
1719129960000,3508.91,3509.79,3508.90,3509.78,234.581,1719130019999,823150.24404,460,192.630,675945.74650,0
1719130020000,3509.79,3509.79,3508.99,3509.00,228.662,1719130079999,802482.37194,397,35.605,124947.09399,0
1719130080000,3508.99,3509.20,3508.59,3508.60,208.543,1719130139999,731753.28993,531,118.918,417275.87269,0
1719130140000,3508.59,3509.40,3508.59,3509.40,198.460,1719130199999,696430.40460,365,181.726,637707.89120,0
1719130200000,3509.40,3510.24,3508.70,3508.70,1335.565,1719130259999,4687660.71735,967,1074.697,3772072.89104,0
1719130260000,3508.70,3508.70,3507.85,3508.39,980.116,1719130319999,3438383.86918,1088,640.324,2246296.09935,0
1719130320000,3508.40,3508.94,3507.00,3507.01,910.855,1719130379999,3195063.39338,1567,154.765,542939.42437,0
1719130380000,3507.00,3507.79,3506.68,3507.79,1416.676,1719130439999,4968421.54237,945,585.966,2054915.29168,0
1719130440000,3507.78,3508.60,3507.78,3508.31,128.141,1719130499999,449550.93937,422,86.658,304009.07203,0
1719130500000,3508.31,3508.83,3508.18,3508.18,279.344,1719130559999,980063.35191,894,99.808,350175.48550,0
1719130560000,3508.19,3508.19,3508.10,3508.10,104.948,1719130619999,368175.80297,487,45.419,159337.75817,0
1719130620000,3508.11,3508.11,3507.13,3507.13,212.998,1719130679999,747169.86668,680,21.561,75630.30359,0
1719130680000,3507.14,3507.55,3506.64,3506.64,243.227,1719130739999,853027.07582,680,82.715,290095.71667,0
1719130740000,3506.64,3507.12,3506.40,3507.12,890.937,1719130799999,3124103.45437,857,717.405,2515609.56129,0
1719130800000,3507.12,3507.47,3506.69,3506.70,133.070,1719130859999,466688.50157,644,63.435,222475.88809,0
1719130860000,3506.70,3506.70,3506.37,3506.54,141.225,1719130919999,495199.41438,542,67.643,237185.29836,0
1719130920000,3506.55,3507.42,3506.55,3507.42,178.383,1719130979999,625635.32195,574,145.828,511464.39807,0
1719130980000,3507.41,3507.42,3507.41,3507.42,36.385,1719131039999,127617.31038,432,19.753,69282.06726,0
1719131040000,3507.42,3507.42,3506.54,3506.55,158.074,1719131099999,554339.14201,619,20.279,71109.46926,0
1719131100000,3506.55,3506.55,3505.83,3505.84,457.621,1719131159999,1604470.47784,1276,72.086,252736.42594,0
1719131160000,3505.84,3505.84,3505.71,3505.83,177.147,1719131219999,621039.64963,542,44.854,157247.76462,0
1719131220000,3505.83,3506.57,3505.29,3505.53,910.323,1719131279999,3191446.40765,1336,282.684,991121.41000,0
1719131280000,3505.53,3505.84,3505.46,3505.84,94.834,1719131339999,332444.09097,398,43.663,153061.88617,0
1719131340000,3505.83,3505.84,3505.83,3505.84,72.822,1719131399999,255302.05358,484,50.132,175754.77088,0
1719131400000,3505.84,3506.03,3505.27,3506.03,509.643,1719131459999,1786529.53825,1077,342.057,1199055.52109,0
1719131460000,3506.03,3507.35,3506.02,3507.35,292.451,1719131519999,1025572.97366,494,256.622,899921.19798,0
1719131520000,3507.35,3507.35,3505.87,3506.09,262.127,1719131579999,919177.96948,908,56.199,197039.73299,0
1719131580000,3506.09,3506.09,3505.55,3505.80,308.395,1719131639999,1081143.82418,706,123.354,432428.89265,0
1719131640000,3505.79,3505.80,3505.79,3505.80,39.436,1719131699999,138254.60140,320,26.696,93590.83680,0
1719131700000,3505.80,3505.80,3505.00,3505.20,754.015,1719131759999,2642952.35850,1134,168.820,591732.15181,0
1719131760000,3505.20,3505.21,3504.33,3505.00,684.041,1719131819999,2397398.62098,1335,217.994,764011.28609,0
1719131820000,3505.00,3505.21,3504.67,3504.68,462.156,1719131879999,1619862.10485,838,194.071,680251.06836,0
1719131880000,3504.67,3504.68,3503.35,3504.37,1754.790,1719131939999,6148532.54232,2263,890.299,3119380.05848,0
1719131940000,3504.38,3506.30,3504.25,3506.20,1191.907,1719131999999,4177882.40097,918,683.028,2394118.35274,0
1719132000000,3506.19,3506.20,3505.74,3505.88,429.032,1719132059999,1504135.43726,581,198.043,694302.98913,0
1719132060000,3505.87,3505.88,3505.38,3505.88,226.516,1719132119999,794073.69374,376,172.083,603248.75527,0
1719132120000,3505.88,3506.54,3505.87,3506.54,314.217,1719132179999,1101621.59780,688,229.374,804173.00282,0
1719132180000,3506.54,3506.54,3505.96,3505.96,147.179,1719132239999,516039.20840,519,79.784,279733.38112,0
1719132240000,3505.97,3506.59,3505.96,3506.59,240.175,1719132299999,842093.01300,633,189.865,665693.55760,0
1719132300000,3506.59,3507.28,3506.58,3507.28,302.823,1719132359999,1062021.77291,797,276.322,969081.63307,0
1719132360000,3507.27,3507.39,3506.90,3507.38,293.887,1719132419999,1030748.80753,622,256.302,898927.31621,0
1719132420000,3507.39,3507.39,3505.80,3505.96,191.776,1719132479999,672439.06049,697,61.096,214197.56628,0
1719132480000,3505.96,3505.96,3505.62,3505.63,127.347,1719132539999,446454.21754,470,37.772,132422.65007,0
1719132540000,3505.63,3506.00,3505.62,3506.00,203.956,1719132599999,714997.60834,446,165.171,579032.07082,0
1719132600000,3506.00,3506.00,3505.00,3505.01,305.946,1719132659999,1072522.46981,627,26.300,92194.25253,0
1719132660000,3505.01,3505.01,3504.66,3504.66,240.636,1719132719999,843413.90577,613,21.750,76233.92262,0
1719132720000,3504.67,3504.84,3504.15,3504.34,296.264,1719132779999,1038228.30022,527,193.715,678852.96668,0
1719132780000,3504.34,3504.34,3504.25,3504.25,158.817,1719132839999,556547.23317,596,22.120,77515.99800,0
1719132840000,3504.25,3504.26,3503.00,3503.46,1215.389,1719132899999,4257905.19434,1158,388.390,1360569.29980,0
1719132900000,3503.46,3503.47,3503.00,3503.00,528.825,1719132959999,1852516.67948,641,56.481,197859.44549,0
1719132960000,3503.01,3503.25,3502.39,3503.24,2652.499,1719133019999,9291513.82909,1604,898.989,3149035.30344,0
1719133020000,3503.24,3504.19,3503.24,3504.19,591.913,1719133079999,2073884.19457,879,437.958,1534471.62587,0
1719133080000,3504.18,3504.46,3503.83,3503.84,254.617,1719133139999,892222.49370,797,112.779,395196.27851,0
1719133140000,3503.83,3505.53,3503.83,3505.53,968.731,1719133199999,3395047.29608,832,944.647,3310645.82335,0
1719133200000,3505.52,3505.98,3504.96,3505.98,371.988,1719133259999,1304017.35911,1035,228.980,802709.28413,0
1719133260000,3505.97,3506.67,3505.97,3506.67,594.049,1719133319999,2082857.86961,560,575.563,2018044.93745,0
1719133320000,3506.66,3506.67,3505.31,3505.32,319.351,1719133379999,1119677.67921,848,135.167,473880.63001,0
1719133380000,3505.32,3505.76,3505.31,3505.76,201.778,1719133439999,707303.69533,309,187.323,656634.20740,0
1719133440000,3505.76,3505.76,3505.19,3505.20,315.542,1719133499999,1106138.59617,335,49.499,173506.25606,0
1719133500000,3505.20,3505.58,3504.81,3504.81,659.396,1719133559999,2311438.25108,833,342.292,1199858.98262,0
1719133560000,3504.82,3504.82,3503.72,3504.20,926.236,1719133619999,3245434.57052,1083,537.904,1884696.59185,0
1719133620000,3504.19,3504.24,3503.77,3504.24,254.044,1719133679999,890198.26590,435,92.969,325763.72965,0
1719133680000,3504.23,3505.23,3504.23,3505.23,131.298,1719133739999,460135.27531,460,90.070,315652.32945,0
1719133740000,3505.23,3505.70,3504.52,3504.52,1057.788,1719133799999,3707710.57288,879,635.207,2226552.09227,0
1719133800000,3504.52,3504.52,3503.16,3503.76,900.710,1719133859999,3155676.19568,958,284.875,997995.72029,0
1719133860000,3503.75,3504.36,3503.75,3504.36,1094.299,1719133919999,3834252.44851,631,962.648,3372950.57184,0
1719133920000,3504.35,3505.78,3504.35,3505.78,1313.415,1719133979999,4603563.22884,903,865.018,3031768.14950,0
1719133980000,3505.77,3505.78,3505.00,3505.01,627.405,1719134039999,2199263.47477,825,125.980,441589.66941,0
1719134040000,3505.00,3505.01,3504.10,3504.73,1335.032,1719134099999,4678723.08859,737,575.683,2017487.23293,0
1719134100000,3504.73,3505.48,3504.73,3505.31,204.748,1719134159999,717684.99800,635,139.411,488653.75487,0
1719134160000,3505.31,3505.91,3505.31,3505.91,159.672,1719134219999,559775.61645,450,154.224,540675.47325,0
1719134220000,3505.91,3505.91,3505.90,3505.90,119.344,1719134279999,418409.13631,326,100.671,352943.46561,0
1719134280000,3505.90,3505.90,3503.76,3504.67,531.180,1719134339999,1861551.63991,1053,171.337,600418.73729,0
1719134340000,3504.67,3505.43,3504.56,3505.20,522.814,1719134399999,1832535.21095,731,273.944,960196.96839,0
1719134400000,3505.20,3505.43,3505.19,3505.43,67.938,1719134459999,238150.49526,299,61.037,213959.69856,0
1719134460000,3505.43,3505.43,3505.07,3505.08,85.999,1719134519999,301443.20508,382,33.115,116070.76165,0
1719134520000,3505.08,3505.40,3505.07,3505.40,185.561,1719134579999,650405.99812,357,139.649,489481.22428,0
1719134580000,3505.40,3505.84,3505.39,3505.84,163.610,1719134639999,573535.03538,445,148.025,518898.24030,0
1719134640000,3505.84,3506.22,3505.83,3505.84,175.270,1719134699999,614526.37569,529,73.519,257769.42172,0
1719134700000,3505.84,3505.84,3504.62,3504.62,428.771,1719134759999,1502878.16767,608,49.958,175112.11899,0
1719134760000,3504.62,3505.49,3504.46,3505.49,777.921,1719134819999,2726392.15583,601,479.476,1680406.11990,0
1719134820000,3505.48,3506.42,3505.48,3506.42,488.170,1719134879999,1711513.94876,494,481.738,1688964.12312,0
1719134880000,3506.42,3506.42,3505.60,3505.60,353.839,1719134939999,1240606.11745,508,122.918,430946.29560,0
1719134940000,3505.61,3505.61,3504.26,3504.54,1108.864,1719134999999,3886175.97569,1198,737.592,2584894.45426,0
1719135000000,3504.53,3504.53,3503.00,3503.00,488.311,1719135059999,1710815.62669,1142,163.911,574260.15286,0
1719135060000,3503.00,3503.00,3500.51,3500.51,1369.621,1719135119999,4795814.66035,2223,242.024,847343.47855,0
1719135120000,3500.51,3500.88,3498.48,3499.81,2876.172,1719135179999,10065480.90285,3690,1004.461,3515449.38508,0
1719135180000,3499.81,3500.35,3499.65,3499.81,658.054,1719135239999,2303153.11299,818,475.994,1665928.34842,0
1719135240000,3499.81,3501.27,3499.81,3499.95,666.360,1719135299999,2332648.12212,920,350.558,1227195.36240,0
1719135300000,3499.95,3499.95,3498.82,3499.75,922.198,1719135359999,3227238.65362,1080,451.517,1580060.28803,0
1719135360000,3499.75,3501.21,3499.74,3501.21,489.878,1719135419999,1714747.17130,736,231.043,808763.04717,0
1719135420000,3501.21,3501.73,3501.20,3501.72,292.286,1719135479999,1023473.43757,541,202.171,707925.63348,0
1719135480000,3501.73,3501.73,3500.56,3500.57,348.388,1719135539999,1219729.44070,667,68.192,238728.62081,0
1719135540000,3500.57,3500.99,3500.17,3500.99,177.594,1719135599999,621673.01091,481,106.685,373458.01149,0
1719135600000,3500.98,3500.98,3500.38,3500.55,178.873,1719135659999,626141.43505,543,70.595,247110.66945,0
1719135660000,3500.55,3500.75,3500.19,3500.75,235.476,1719135719999,824290.76867,489,145.462,509202.20464,0
1719135720000,3500.75,3500.75,3497.01,3497.38,3019.864,1719135779999,10563988.47144,3447,515.464,1803199.57788,0
1719135780000,3497.38,3499.20,3497.38,3498.37,1680.599,1719135839999,5879465.83461,1360,1221.150,4272077.43880,0
1719135840000,3498.37,3500.62,3498.36,3500.60,939.503,1719135899999,3288256.38945,958,825.141,2888002.64680,0
1719135900000,3500.60,3500.60,3498.42,3498.90,646.568,1719135959999,2262607.57227,1099,181.549,635286.00526,0
1719135960000,3498.91,3499.93,3498.32,3499.51,1644.502,1719136019999,5754342.13223,1615,731.721,2560284.21480,0
1719136020000,3499.51,3499.51,3497.40,3497.95,4676.554,1719136079999,16361751.65402,1323,313.528,1096840.97353,0
1719136080000,3497.96,3498.84,3497.44,3498.83,937.454,1719136139999,3279295.54698,1015,461.425,1614130.18258,0
1719136140000,3498.84,3500.39,3498.83,3499.66,3126.154,1719136199999,10939612.45343,1386,2691.671,9418992.40204,0
1719136200000,3499.65,3499.94,3499.33,3499.94,261.386,1719136259999,914776.85110,512,144.249,504835.09366,0
1719136260000,3499.93,3500.11,3499.08,3499.66,822.271,1719136319999,2877775.99531,906,160.210,560696.23751,0
1719136320000,3499.66,3499.66,3498.41,3498.42,1333.226,1719136379999,4664981.74899,1319,476.996,1669008.80213,0
1719136380000,3498.41,3498.59,3498.09,3498.58,369.775,1719136439999,1293589.41806,727,136.303,476834.95111,0
1719136440000,3498.58,3499.53,3498.03,3499.53,1724.807,1719136499999,6034295.54874,1078,942.490,3297469.02085,0
1719136500000,3499.52,3500.38,3499.52,3500.37,856.365,1719136559999,2997238.83294,839,524.983,1837414.64689,0
1719136560000,3500.37,3500.70,3500.37,3500.49,137.152,1719136619999,480115.14475,465,78.539,274932.03488,0
1719136620000,3500.50,3501.41,3500.49,3500.84,289.027,1719136679999,1011842.40838,878,219.066,766909.87735,0
1719136680000,3500.83,3501.20,3500.50,3501.20,327.648,1719136739999,1147073.01125,823,153.507,537409.28445,0
1719136740000,3501.20,3501.20,3500.51,3501.19,162.122,1719136799999,567552.12151,503,104.249,364942.78434,0
1719136800000,3501.20,3501.20,3500.92,3501.01,146.149,1719136859999,511671.10098,480,107.043,374760.41223,0
1719136860000,3501.01,3501.02,3499.71,3499.71,326.958,1719136919999,1144503.47779,706,63.793,223325.05152,0
1719136920000,3499.72,3499.72,3498.44,3499.00,1082.150,1719136979999,3786577.45148,1038,471.808,1650923.05208,0
1719136980000,3498.99,3498.99,3498.23,3498.98,585.613,1719137039999,2048760.02067,649,320.621,1121683.12983,0
1719137040000,3498.98,3499.13,3498.23,3498.24,249.512,1719137099999,872951.83236,643,122.567,428832.39575,0
1719137100000,3498.23,3498.36,3498.05,3498.36,272.867,1719137159999,954532.18741,594,102.708,359283.58272,0
1719137160000,3498.36,3499.48,3498.36,3498.54,481.510,1719137219999,1684827.63070,621,389.126,1361582.55560,0
1719137220000,3498.55,3498.55,3497.12,3497.33,502.925,1719137279999,1759163.49689,967,152.112,532068.63352,0
1719137280000,3497.33,3497.33,3495.11,3495.27,1156.197,1719137339999,4041859.58539,1988,326.637,1141937.72252,0
1719137340000,3495.27,3495.64,3494.25,3494.46,1219.949,1719137399999,4263354.31259,1492,309.576,1081907.00942,0
1719137400000,3494.46,3495.05,3494.23,3494.24,695.305,1719137459999,2429772.80724,848,291.455,1018527.96883,0
1719137460000,3494.23,3495.15,3494.23,3494.66,791.217,1719137519999,2764815.60758,926,581.297,2031239.89524,0
1719137520000,3494.66,3496.00,3494.64,3494.95,951.236,1719137579999,3324620.80915,1182,777.002,2715642.27780,0
1719137580000,3494.95,3495.99,3494.95,3495.99,509.233,1719137639999,1780068.61963,751,312.202,1091324.66135,0
1719137640000,3495.99,3496.09,3494.70,3494.70,693.779,1719137699999,2425401.42959,1116,336.269,1175598.43572,0
1719137700000,3494.70,3494.71,3494.24,3494.26,579.615,1719137759999,2025373.43186,1045,197.455,689969.55265,0
1719137760000,3494.25,3496.72,3494.04,3496.01,2445.980,1719137819999,8549047.10343,2523,1219.042,4260631.83768,0
1719137820000,3496.01,3496.11,3495.56,3496.05,680.962,1719137879999,2380507.62780,644,415.786,1453463.44877,0
1719137880000,3496.06,3496.06,3495.86,3495.87,389.817,1719137939999,1362753.50004,420,112.965,394911.09221,0
1719137940000,3495.87,3496.39,3495.86,3496.39,723.077,1719137999999,2527955.79076,634,668.352,2336621.90934,0
1719138000000,3496.39,3496.39,3495.73,3495.74,754.267,1719138059999,2637159.95153,553,67.100,234596.32510,0
1719138060000,3495.74,3499.30,3494.93,3498.01,2556.602,1719138119999,8942110.36152,2244,1595.540,5580916.84747,0
1719138120000,3498.01,3498.47,3496.90,3498.16,594.752,1719138179999,2080142.96776,814,322.345,1127440.59917,0
1719138180000,3498.17,3498.18,3497.77,3498.17,305.303,1719138239999,1067926.37506,450,148.971,521086.05537,0
1719138240000,3498.17,3498.17,3497.54,3497.55,103.597,1719138299999,362348.89704,366,47.438,165917.90068,0
1719138300000,3497.55,3497.55,3497.20,3497.37,272.316,1719138359999,952391.57698,474,181.366,634303.55681,0
1719138360000,3497.42,3497.42,3496.27,3496.28,147.948,1719138419999,517334.00825,545,52.008,181865.75225,0
1719138420000,3496.27,3497.05,3496.27,3496.36,187.800,1719138479999,656688.94188,522,121.526,424950.75445,0
1719138480000,3496.36,3496.93,3496.36,3496.48,145.294,1719138539999,508032.95490,407,70.966,248147.31663,0
1719138540000,3496.49,3496.97,3496.48,3496.97,186.951,1719138599999,653681.93204,346,151.653,530258.86238,0
1719138600000,3496.97,3497.21,3496.68,3496.69,262.085,1719138659999,916477.48987,442,169.237,591802.71986,0
1719138660000,3496.68,3496.69,3495.87,3496.13,586.504,1719138719999,2050549.98600,784,135.986,475397.00947,0
1719138720000,3496.13,3496.42,3496.12,3496.30,155.804,1719138779999,544743.63093,360,54.891,191913.02568,0
1719138780000,3496.31,3496.81,3495.37,3495.65,585.841,1719138839999,2048001.99425,698,352.523,1232357.83237,0
1719138840000,3495.65,3495.99,3495.10,3495.99,209.413,1719138899999,731974.69453,666,43.454,151897.29193,0
1719138900000,3495.99,3496.82,3495.98,3496.82,231.770,1719138959999,810414.07669,582,128.116,447958.96858,0
1719138960000,3496.82,3496.82,3496.06,3496.07,242.792,1719139019999,848922.02177,463,121.299,424101.40166,0
1719139020000,3496.06,3496.07,3495.34,3495.70,274.222,1719139079999,958541.67592,535,134.125,468827.53619,0
1719139080000,3495.69,3495.84,3495.44,3495.58,322.409,1719139139999,1127038.19752,480,137.182,479539.23225,0
1719139140000,3495.58,3495.59,3495.17,3495.59,205.714,1719139199999,719041.88726,386,114.616,400609.54783,0
1719139200000,3495.59,3495.68,3495.09,3495.09,240.068,1719139259999,839116.89719,420,90.714,317088.33959,0
1719139260000,3495.09,3495.10,3494.35,3494.36,543.936,1719139319999,1901003.23301,757,85.690,299466.02480,0
1719139320000,3494.36,3494.60,3492.94,3492.95,1318.999,1719139379999,4608390.75771,1297,263.467,920602.17489,0
1719139380000,3492.95,3494.93,3492.94,3494.72,868.742,1719139439999,3035297.43636,928,777.424,2716268.18322,0
1719139440000,3494.71,3494.72,3494.12,3494.12,119.025,1719139499999,415947.73510,377,72.131,252073.85456,0
1719139500000,3494.06,3494.07,3491.86,3493.01,1458.602,1719139559999,5094806.35012,2275,514.493,1797100.49694,0
1719139560000,3493.00,3493.01,3490.30,3490.34,1512.725,1719139619999,5281815.10084,2430,400.746,1399257.60902,0
1719139620000,3490.30,3490.96,3490.06,3490.50,1720.991,1719139679999,6006991.83669,1292,759.047,2649369.19629,0
1719139680000,3490.50,3492.96,3490.50,3492.96,850.040,1719139739999,2967966.77943,1562,668.420,2333850.27572,0
1719139740000,3492.95,3493.83,3492.95,3493.40,794.037,1719139799999,2773885.67481,944,443.399,1548965.70985,0
1719139800000,3493.40,3493.42,3492.42,3492.42,806.136,1719139859999,2815909.02974,1175,165.599,578496.57496,0
1719139860000,3492.42,3492.69,3491.54,3491.97,662.823,1719139919999,2314577.83465,1168,410.699,1434177.15621,0
1719139920000,3491.97,3492.97,3491.00,3492.97,385.866,1719139979999,1347406.75763,980,281.615,983408.86903,0
1719139980000,3492.97,3493.42,3492.96,3493.42,262.717,1719140039999,917763.70408,551,241.732,844455.17292,0
1719140040000,3493.42,3493.42,3493.41,3493.42,209.955,1719140099999,733460.31991,609,142.336,497239.42912,0
1719140100000,3493.42,3493.89,3493.41,3493.50,676.585,1719140159999,2363636.37713,589,574.501,2006984.52086,0
1719140160000,3493.49,3493.68,3492.79,3493.68,338.302,1719140219999,1181749.46800,626,136.128,475530.84163,0
1719140220000,3493.68,3493.68,3492.82,3492.83,114.568,1719140279999,400200.99857,433,32.661,114085.63174,0
1719140280000,3492.83,3493.18,3492.82,3493.18,100.571,1719140339999,351292.64316,394,74.848,261440.74545,0
1719140340000,3493.17,3493.46,3492.02,3492.02,284.527,1719140399999,993817.66048,542,41.663,145534.12493,0
1719140400000,3492.02,3492.03,3491.01,3491.59,439.487,1719140459999,1534459.29883,1016,183.567,640895.59553,0
1719140460000,3491.60,3491.60,3490.21,3490.57,1114.780,1719140519999,3891295.93502,1433,703.058,2454060.79000,0
1719140520000,3490.56,3490.56,3486.06,3487.15,6777.305,1719140579999,23641615.20127,5661,1829.611,6382172.81353,0
1719140580000,3487.15,3490.28,3486.92,3488.71,1878.082,1719140639999,6551512.16092,2009,1115.688,3892302.85561,0
1719140640000,3488.71,3489.28,3487.59,3488.39,918.710,1719140699999,3204997.77873,1525,426.723,1488591.45195,0
1719140700000,3488.39,3490.65,3488.39,3490.64,743.326,1719140759999,2594418.16174,1360,294.093,1026384.81354,0
1719140760000,3490.65,3491.35,3490.65,3491.35,280.803,1719140819999,980322.55297,998,253.740,885843.33596,0
1719140820000,3491.35,3492.48,3491.34,3492.08,666.378,1719140879999,2326991.31454,1365,310.411,1083851.06838,0
1719140880000,3492.08,3493.43,3492.08,3493.21,537.653,1719140939999,1877905.77809,1233,442.130,1544271.93894,0
1719140940000,3493.20,3494.24,3493.20,3494.14,707.687,1719140999999,2472563.10859,1058,541.991,1893661.43162,0
1719141000000,3494.14,3494.42,3493.20,3493.53,923.324,1719141059999,3225737.91497,753,188.555,658743.11872,0
1719141060000,3493.54,3493.54,3492.62,3493.11,686.493,1719141119999,2398084.28842,723,141.151,493014.68178,0
1719141120000,3493.12,3493.12,3492.06,3492.58,588.618,1719141179999,2055902.11273,1165,173.760,606898.30942,0
1719141180000,3492.58,3492.93,3492.41,3492.42,213.058,1719141239999,744119.65664,555,151.532,529237.98072,0
1719141240000,3492.42,3493.43,3492.41,3493.12,291.815,1719141299999,1019283.96355,996,220.404,769863.07175,0
1719141300000,3493.11,3494.98,3493.00,3494.97,647.289,1719141359999,2261585.47187,1300,522.495,1825665.20166,0
1719141360000,3494.97,3495.05,3494.19,3495.04,1435.522,1719141419999,5016724.38890,1951,933.756,3263208.65808,0
1719141420000,3495.05,3495.05,3493.76,3494.45,1081.300,1719141479999,3778488.42179,1414,427.109,1492448.53556,0
1719141480000,3494.44,3495.18,3494.30,3495.18,668.374,1719141539999,2335920.22841,794,466.626,1630809.81143,0
1719141540000,3495.17,3495.60,3494.52,3495.44,707.538,1719141599999,2473010.59275,937,266.784,932408.52269,0
1719141600000,3495.43,3495.68,3495.27,3495.39,462.232,1719141659999,1615738.10474,873,214.473,749681.59078,0
1719141660000,3495.40,3495.68,3494.65,3494.99,829.977,1719141719999,2901049.69783,753,342.887,1198472.57603,0
1719141720000,3494.99,3495.80,3494.98,3495.79,486.071,1719141779999,1699046.98838,492,326.405,1140950.94802,0
1719141780000,3495.80,3496.00,3494.34,3494.34,1233.107,1719141839999,4310380.21950,1295,845.754,2956471.23873,0
1719141840000,3494.34,3494.40,3493.50,3494.40,573.142,1719141899999,2002454.22416,811,342.695,1197290.65067,0
1719141900000,3494.39,3496.00,3494.39,3495.00,415.308,1719141959999,1451691.34405,766,186.781,652885.41628,0
1719141960000,3495.00,3495.66,3494.99,3495.46,310.766,1719142019999,1086227.66123,315,263.108,919634.69730,0
1719142020000,3495.46,3496.05,3495.46,3496.04,258.426,1719142079999,903399.38311,411,218.085,762378.11217,0
1719142080000,3496.04,3496.04,3493.65,3493.65,578.529,1719142139999,2022017.74633,713,98.980,345924.31644,0
1719142140000,3493.65,3493.66,3493.51,3493.52,92.604,1719142199999,323522.36046,338,45.605,159326.48060,0
1719142200000,3493.51,3493.51,3491.57,3491.57,870.959,1719142259999,3041945.36684,1319,182.839,638619.57385,0
1719142260000,3491.58,3491.58,3491.11,3491.58,328.462,1719142319999,1146784.72566,690,198.907,694459.39201,0
1719142320000,3491.58,3493.14,3491.58,3493.13,379.130,1719142379999,1324028.62126,849,268.830,938803.40767,0
1719142380000,3493.14,3493.97,3493.13,3493.72,252.084,1719142439999,880702.98568,578,164.868,575995.28450,0
1719142440000,3493.72,3494.64,3493.72,3494.28,450.476,1719142499999,1574065.13621,601,386.366,1350044.42523,0
1719142500000,3494.27,3494.28,3494.27,3494.27,166.199,1719142559999,580745.23890,267,105.917,370103.65476,0
1719142560000,3494.27,3494.28,3494.27,3494.27,269.799,1719142619999,942751.79667,365,124.494,435016.89432,0
1719142620000,3494.27,3494.88,3494.27,3494.88,208.322,1719142679999,727945.44884,413,184.295,643988.09015,0
1719142680000,3494.88,3496.25,3494.87,3496.09,329.496,1719142739999,1151810.87921,723,223.798,782294.78065,0
1719142740000,3496.08,3497.33,3495.90,3495.92,1823.416,1719142799999,6375884.72200,1458,1237.369,4326799.26244,0
1719142800000,3495.92,3496.28,3495.92,3496.27,240.030,1719142859999,839159.10351,329,205.572,718688.36005,0
1719142860000,3496.28,3496.78,3496.27,3496.32,538.154,1719142919999,1881670.23361,437,160.956,562761.38267,0
1719142920000,3496.32,3496.78,3495.27,3495.72,601.495,1719142979999,2102783.30849,827,288.392,1008202.04772,0
1719142980000,3495.72,3495.73,3492.60,3492.60,1003.995,1719143039999,3507888.14304,1013,301.998,1054878.16743,0
1719143040000,3492.60,3492.86,3492.60,3492.85,149.190,1719143099999,521066.41764,377,71.319,249093.32067,0
1719143100000,3492.85,3492.85,3492.13,3492.13,191.176,1719143159999,667678.41396,506,58.197,203249.93971,0
1719143160000,3492.13,3492.15,3492.13,3492.14,222.072,1719143219999,775506.98833,290,135.708,473912.02108,0
1719143220000,3492.14,3492.15,3491.21,3492.08,400.908,1719143279999,1399834.55353,692,110.773,386770.69378,0
1719143280000,3492.08,3492.46,3491.89,3492.45,221.302,1719143339999,772798.89439,483,81.711,285347.01235,0
1719143340000,3492.45,3493.67,3492.45,3493.66,225.421,1719143399999,787443.25462,385,175.706,613775.57627,0
1719143400000,3493.66,3493.78,3493.15,3493.49,231.705,1719143459999,809452.96635,454,102.257,357231.16299,0
1719143460000,3493.48,3493.78,3493.31,3493.32,218.491,1719143519999,763283.60482,347,172.402,602272.03294,0
1719143520000,3493.32,3494.98,3493.31,3494.97,624.217,1719143579999,2181348.89958,843,574.844,2008807.96190,0
1719143580000,3494.97,3496.22,3494.97,3495.00,716.548,1719143639999,2504865.70320,906,356.958,1247843.66769,0
1719143640000,3495.00,3495.29,3494.70,3495.12,193.425,1719143699999,676002.10154,459,163.310,570745.67770,0
1719143700000,3495.12,3495.80,3495.12,3495.80,159.833,1719143759999,558678.25185,472,131.627,460091.37953,0
1719143760000,3495.79,3495.80,3495.29,3495.80,289.805,1719143819999,1013004.46284,407,231.482,809130.80703,0
1719143820000,3495.79,3496.58,3495.32,3496.58,323.699,1719143879999,1131642.56128,615,219.794,768398.56258,0
1719143880000,3496.57,3496.85,3496.25,3496.84,312.406,1719143939999,1092333.15865,722,216.283,756235.72582,0
1719143940000,3496.84,3496.89,3496.47,3496.89,240.283,1719143999999,840180.53539,568,133.301,466107.94863,0
1719144000000,3496.88,3497.48,3495.78,3496.34,768.062,1719144059999,2685655.82615,1715,528.080,1846555.45560,0
1719144060000,3496.33,3497.07,3496.33,3496.51,585.373,1719144119999,2046936.22298,954,417.207,1458875.49789,0
1719144120000,3496.51,3496.91,3496.04,3496.90,402.173,1719144179999,1406184.41441,747,360.016,1258778.51070,0
1719144180000,3496.90,3497.20,3496.52,3497.19,382.321,1719144239999,1336928.93812,774,286.529,1001959.20258,0
1719144240000,3497.19,3497.20,3496.77,3496.90,313.619,1719144299999,1096749.21432,634,119.549,418056.86350,0
1719144300000,3496.90,3497.50,3496.40,3497.48,351.559,1719144359999,1229408.07527,946,244.398,854676.35657,0
1719144360000,3497.49,3497.79,3496.86,3496.86,355.001,1719144419999,1241539.91421,665,119.788,418954.96955,0
1719144420000,3496.88,3497.50,3496.78,3497.50,276.121,1719144479999,965622.30610,740,190.650,666711.83277,0
1719144480000,3497.49,3497.98,3497.49,3497.97,308.894,1719144539999,1080455.74421,456,283.221,990653.77730,0
1719144540000,3497.98,3497.98,3497.56,3497.57,257.829,1719144599999,901861.17811,578,90.460,316417.28273,0
1719144600000,3497.56,3497.57,3496.81,3496.81,168.571,1719144659999,589482.29217,635,117.096,409471.53617,0
1719144660000,3496.82,3497.13,3496.60,3496.96,195.984,1719144719999,685317.74459,443,113.641,397375.07917,0
1719144720000,3496.96,3496.96,3496.85,3496.86,119.579,1719144779999,418159.96424,200,35.356,123637.70006,0
1719144780000,3496.85,3496.86,3495.46,3495.46,270.647,1719144839999,946180.80677,723,37.339,130530.43428,0
1719144840000,3495.47,3495.96,3495.40,3495.95,199.947,1719144899999,698900.49112,538,86.621,302777.69590,0
1719144900000,3495.95,3495.96,3495.07,3495.47,149.118,1719144959999,521235.23178,437,57.372,200539.17398,0
1719144960000,3495.46,3495.95,3495.46,3495.47,180.818,1719145019999,632096.85399,323,116.876,408568.22739,0
1719145020000,3495.48,3496.30,3495.47,3495.90,153.964,1719145079999,538248.04641,377,102.915,359786.81918,0
1719145080000,3495.90,3496.32,3495.14,3495.48,357.637,1719145139999,1250176.20022,471,159.276,556755.48410,0
1719145140000,3495.48,3495.49,3494.63,3495.00,307.854,1719145199999,1075935.55389,629,99.633,348190.61827,0
1719145200000,3494.99,3495.94,3494.99,3495.93,82.865,1719145259999,289620.53363,293,53.483,186927.54861,0
1719145260000,3495.94,3495.94,3495.93,3495.94,105.766,1719145319999,369751.54279,192,101.041,353233.27354,0
1719145320000,3495.94,3497.67,3495.94,3497.67,567.348,1719145379999,1984090.32389,754,462.877,1618729.47042,0
1719145380000,3497.66,3497.83,3497.26,3497.26,450.162,1719145439999,1574513.10173,504,264.801,926200.19608,0
1719145440000,3497.27,3497.27,3496.79,3496.79,231.645,1719145499999,810056.93405,287,21.700,75880.56282,0
1719145500000,3496.80,3497.66,3496.79,3497.66,214.169,1719145559999,748962.78382,460,188.972,660845.75026,0
1719145560000,3497.65,3498.16,3497.65,3498.15,251.545,1719145619999,879893.58465,641,229.147,801544.83671,0
1719145620000,3498.16,3498.16,3498.15,3498.16,121.687,1719145679999,425680.24408,137,86.503,302601.33448,0
1719145680000,3498.16,3498.16,3498.15,3498.15,114.831,1719145739999,401696.49559,145,43.294,151449.33904,0
1719145740000,3498.15,3498.93,3498.15,3498.74,800.732,1719145799999,2801272.97861,662,671.101,2347727.48288,0
1719145800000,3498.73,3499.91,3498.73,3499.41,1108.746,1719145859999,3879826.70348,1511,847.584,2965931.84555,0
1719145860000,3499.41,3500.00,3499.41,3499.72,1039.879,1719145919999,3639176.58480,986,553.149,1935811.72937,0
1719145920000,3499.72,3499.73,3498.42,3499.08,517.875,1719145979999,1812158.90831,781,87.360,305677.43583,0
1719145980000,3499.08,3499.08,3498.90,3498.90,288.102,1719146039999,1008061.18065,302,161.348,564544.81927,0
1719146040000,3498.91,3498.91,3498.50,3498.51,252.011,1719146099999,881685.83900,306,44.958,157289.37312,0
1719146100000,3498.51,3499.60,3498.51,3499.59,758.919,1719146159999,2655438.85821,769,387.745,1356705.91413,0
1719146160000,3499.59,3499.80,3499.59,3499.80,320.217,1719146219999,1120673.81827,300,276.382,967260.78622,0
1719146220000,3499.80,3499.80,3499.79,3499.80,161.137,1719146279999,563946.71588,251,105.465,369106.40700,0
1719146280000,3499.80,3501.35,3499.79,3501.35,1208.325,1719146339999,4229809.04197,1509,889.055,3112167.86995,0
1719146340000,3501.35,3501.77,3501.34,3501.59,302.267,1719146399999,1058431.17440,535,195.711,685303.45930,0
1719146400000,3501.60,3502.55,3501.59,3502.04,1112.878,1719146459999,3897570.85013,1344,578.257,2025120.58723,0
1719146460000,3502.03,3502.12,3499.63,3499.91,1748.629,1719146519999,6121600.25355,1383,666.139,2331912.69936,0
1719146520000,3499.92,3502.05,3499.91,3502.05,664.102,1719146579999,2325379.36934,771,611.596,2141555.63987,0
1719146580000,3502.04,3502.13,3499.33,3499.33,1077.139,1719146639999,3770980.29673,1203,178.069,623590.94336,0
1719146640000,3499.33,3499.63,3498.48,3499.63,1391.329,1719146699999,4868233.24126,1551,303.069,1060369.63315,0
1719146700000,3499.63,3500.79,3499.62,3500.79,1578.839,1719146759999,5525988.32548,1092,985.664,3449940.48988,0
1719146760000,3500.79,3500.87,3499.59,3500.03,788.165,1719146819999,2759043.43658,797,327.659,1146975.07257,0
1719146820000,3500.02,3501.00,3500.02,3500.49,275.363,1719146879999,963955.46874,454,236.327,827301.31170,0
1719146880000,3500.50,3500.85,3499.97,3499.97,162.763,1719146939999,569759.52455,334,72.405,253457.02450,0
1719146940000,3499.97,3500.69,3499.97,3500.69,569.988,1719146999999,1995084.12520,389,359.408,1257989.41282,0
1719147000000,3500.68,3501.00,3499.48,3499.48,484.212,1719147059999,1694875.00300,822,78.336,274215.51265,0
1719147060000,3499.49,3499.49,3498.00,3498.16,804.899,1719147119999,2815980.53563,725,26.276,91936.31837,0
1719147120000,3498.17,3498.90,3498.00,3498.68,327.112,1719147179999,1144293.01448,641,94.557,330782.82773,0
1719147180000,3498.62,3498.90,3498.48,3498.48,274.043,1719147239999,958791.50461,406,132.731,464384.95276,0
1719147240000,3498.48,3498.99,3497.88,3497.88,289.437,1719147299999,1012519.26197,615,50.767,177616.80113,0
1719147300000,3497.88,3498.75,3497.83,3498.35,138.325,1719147359999,483898.67589,737,56.113,196287.03015,0
1719147360000,3498.35,3498.71,3497.46,3497.47,489.849,1719147419999,1713525.40295,808,34.813,121781.95487,0
1719147420000,3497.46,3498.36,3497.46,3498.15,480.611,1719147479999,1681292.75326,577,172.469,603308.76671,0
1719147480000,3498.15,3498.84,3498.07,3498.83,240.524,1719147539999,841454.16765,534,124.602,435906.34084,0
1719147540000,3498.84,3498.84,3497.50,3498.83,632.401,1719147599999,2212228.08976,784,256.140,895989.10462,0
1719147600000,3498.84,3501.29,3498.83,3500.49,1249.566,1719147659999,4373799.73336,1638,796.735,2788630.99999,0
1719147660000,3500.50,3500.50,3498.45,3498.46,1700.993,1719147719999,5952384.36087,1442,242.221,847618.93080,0
1719147720000,3498.45,3500.68,3498.45,3500.38,1239.931,1719147779999,4338741.30187,1407,819.471,2867407.46706,0
1719147780000,3500.38,3502.09,3500.23,3502.09,1715.746,1719147839999,6006387.58123,1043,682.028,2388044.94915,0
1719147840000,3502.09,3502.57,3500.65,3500.65,1675.854,1719147899999,5868459.02640,1145,436.660,1529234.87852,0
1719147900000,3500.66,3502.00,3500.50,3501.99,1422.518,1719147959999,4980464.42361,921,1240.360,4342775.59643,0
1719147960000,3501.99,3503.09,3501.64,3501.64,1698.956,1719148019999,5950589.07430,1492,1273.798,4461463.72316,0
1719148020000,3501.64,3501.64,3499.82,3500.03,674.909,1719148079999,2362520.74827,786,80.274,280966.94944,0
1719148080000,3500.03,3500.65,3498.68,3498.68,1455.246,1719148139999,5092436.45737,1103,571.572,1999896.15688,0
1719148140000,3498.69,3500.40,3498.68,3500.40,857.214,1719148199999,2999508.20090,919,805.661,2819124.29208,0
1719148200000,3500.40,3501.72,3500.39,3501.69,1837.722,1719148259999,6434107.26871,1214,1536.031,5377818.61027,0
1719148260000,3501.69,3501.77,3499.49,3499.88,1428.491,1719148319999,4999949.49501,1194,863.532,3022112.71411,0
1719148320000,3499.89,3499.89,3498.72,3498.86,382.376,1719148379999,1337960.52071,576,151.502,530083.81593,0
1719148380000,3498.86,3499.51,3496.50,3496.88,2355.530,1719148439999,8239138.49253,1896,637.186,2228500.52058,0
1719148440000,3496.87,3498.68,3496.87,3498.56,1118.326,1719148499999,3911832.78188,845,945.399,3306885.39150,0
1719148500000,3498.56,3498.83,3496.78,3496.78,1581.059,1719148559999,5530877.67587,1170,560.694,1961548.76510,0
1719148560000,3496.78,3497.87,3495.65,3497.86,2326.723,1719148619999,8135462.87543,1650,1185.365,4144900.87317,0
1719148620000,3497.87,3498.96,3497.78,3497.78,1394.981,1719148679999,4880684.99446,1039,816.698,2857349.42457,0
1719148680000,3497.78,3497.78,3494.31,3494.31,1067.542,1719148739999,3731806.10127,1424,130.271,455423.59448,0
1719148740000,3494.32,3495.13,3493.08,3494.63,2399.655,1719148799999,8384989.94268,1768,490.947,1715393.84836,0
1719148800000,3494.61,3494.61,3494.00,3494.46,886.245,1719148859999,3096708.72168,645,463.322,1618938.50868,0
1719148860000,3494.45,3496.59,3494.45,3496.51,1688.470,1719148919999,5902834.76645,1042,1441.526,5039486.97172,0
1719148920000,3496.52,3496.99,3494.05,3494.12,1284.791,1719148979999,4490888.18650,1012,271.293,948183.64871,0
1719148980000,3494.11,3494.12,3493.40,3493.86,1353.523,1719149039999,4728742.67449,858,607.564,2122551.19862,0
1719149040000,3493.85,3495.52,3493.24,3495.51,1443.789,1719149099999,5044811.43803,1386,877.506,3066118.51632,0
1719149100000,3495.52,3497.51,3495.52,3497.51,1494.619,1719149159999,5226102.69432,1614,1355.081,4738178.93367,0
1719149160000,3497.51,3497.73,3494.43,3494.43,1252.145,1719149219999,4378210.74165,1106,169.087,591196.42513,0
1719149220000,3494.43,3496.51,3493.55,3496.51,1535.138,1719149279999,5364535.36596,1234,885.906,3096032.69576,0
1719149280000,3496.51,3497.68,3495.64,3495.64,1190.705,1719149339999,4163503.81340,1240,517.291,1809022.26212,0
1719149340000,3495.65,3495.65,3494.48,3495.44,1661.300,1719149399999,5806754.56023,1432,601.120,2100938.73862,0
1719149400000,3495.45,3497.00,3494.64,3497.00,703.939,1719149459999,2461122.52351,985,556.818,1946860.91614,0
1719149460000,3496.99,3497.18,3495.19,3495.19,2061.998,1719149519999,7210111.56105,1307,834.806,2919138.04967,0
1719149520000,3495.18,3495.18,3492.86,3494.33,1854.834,1719149579999,6479863.11240,1702,554.735,1937785.17199,0
1719149580000,3494.32,3495.60,3493.00,3495.60,3063.974,1719149639999,10705268.99690,1601,727.712,2542533.41320,0
1719149640000,3495.59,3499.53,3495.59,3499.53,2400.301,1719149699999,8396333.19306,1863,2175.740,7610689.34078,0
1719149700000,3499.53,3501.49,3499.52,3500.19,2688.475,1719149759999,9411037.40144,2206,1857.960,6503586.75623,0
1719149760000,3500.19,3500.20,3498.27,3498.76,1160.033,1719149819999,4058749.54786,1038,679.966,2379006.66473,0
1719149820000,3498.76,3498.77,3496.57,3496.57,801.197,1719149879999,2802726.91152,1001,295.401,1033484.30011,0
1719149880000,3496.56,3498.00,3496.56,3497.99,662.538,1719149939999,2316933.64093,650,627.570,2194644.84737,0
1719149940000,3498.00,3498.56,3496.90,3497.07,1732.114,1719149999999,6057772.54002,814,1038.633,3632133.03141,0
1719150000000,3497.08,3497.39,3496.40,3496.96,500.322,1719150059999,1749670.59860,724,351.629,1229688.27854,0
1719150060000,3496.95,3496.95,3496.34,3496.34,751.580,1719150119999,2628146.42621,1164,418.163,1462256.82785,0
1719150120000,3496.35,3496.35,3494.42,3494.79,1166.979,1719150179999,4078636.96877,1447,99.979,349398.49379,0
1719150180000,3494.79,3495.65,3494.16,3494.32,1172.745,1719150239999,4098434.36779,1015,500.527,1749186.10819,0
1719150240000,3494.32,3495.31,3493.99,3495.14,857.748,1719150299999,2997303.98751,799,174.805,610834.74692,0
1719150300000,3495.13,3495.33,3494.26,3494.26,444.346,1719150359999,1552944.97755,754,167.462,585293.80825,0
1719150360000,3494.26,3494.60,3492.72,3494.60,779.504,1719150419999,2723337.84992,1200,430.671,1504663.30104,0
1719150420000,3494.60,3496.34,3494.55,3494.55,1521.467,1719150479999,5318349.62898,1784,899.626,3144705.90637,0
1719150480000,3494.55,3494.56,3492.14,3492.51,1719.747,1719150539999,6007153.76157,1448,643.756,2248439.34489,0
1719150540000,3492.50,3495.00,3492.05,3494.88,1957.462,1719150599999,6838494.66729,1933,1030.958,3601944.77685,0
1719150600000,3494.89,3495.39,3492.06,3492.07,1647.668,1719150659999,5755431.58580,1714,339.390,1185724.95569,0
1719150660000,3492.07,3493.75,3492.00,3493.74,2052.795,1719150719999,7169435.31999,1566,1065.634,3721475.23076,0
1719150720000,3493.75,3496.20,3493.40,3496.20,2217.856,1719150779999,7750297.22234,1238,1261.540,4408607.43459,0
1719150780000,3496.20,3496.20,3492.21,3493.50,1714.091,1719150839999,5988610.22100,2260,320.792,1120512.75858,0
1719150840000,3493.50,3495.40,3493.33,3495.40,1728.350,1719150899999,6039516.58296,1524,932.244,3257777.44744,0
1719150900000,3495.40,3495.46,3493.69,3493.69,1526.055,1719150959999,5332920.56231,1192,514.995,1799728.10469,0
1719150960000,3493.69,3495.76,3493.68,3494.39,1454.446,1719151019999,5083367.20684,1517,1099.143,3841418.44031,0
1719151020000,3494.40,3495.61,3494.30,3494.31,577.304,1719151079999,2017799.93101,606,184.740,645703.46379,0
1719151080000,3494.31,3495.03,3493.12,3494.55,1797.822,1719151139999,6281794.85838,1508,671.748,2347299.10663,0
1719151140000,3494.56,3497.40,3494.55,3496.40,2092.211,1719151199999,7315068.79786,1293,1037.536,3627465.48489,0
1719151200000,3496.40,3496.41,3494.62,3496.40,1351.532,1719151259999,4724205.47224,1888,449.345,1570610.58161,0
1719151260000,3496.40,3497.52,3496.38,3496.57,880.326,1719151319999,3078336.39319,926,747.992,2615565.92234,0
1719151320000,3496.57,3497.58,3494.64,3494.77,1294.920,1719151379999,4527046.05466,1307,242.424,847492.08489,0
1719151380000,3494.77,3496.10,3494.59,3495.52,2000.782,1719151439999,6993705.88550,1149,439.929,1537723.78660,0
1719151440000,3495.51,3497.52,3494.92,3494.92,1487.669,1719151499999,5201077.13767,1249,598.116,2091433.49471,0
1719151500000,3494.91,3495.96,3494.44,3495.96,778.237,1719151559999,2719955.71836,842,570.914,1995430.36749,0
1719151560000,3495.96,3497.71,3495.41,3497.69,2504.863,1719151619999,8759139.82685,1471,1950.542,6820696.44700,0
1719151620000,3497.70,3498.00,3494.92,3494.92,2330.947,1719151679999,8150408.29197,1655,916.317,3204022.77952,0
1719151680000,3494.91,3496.12,3493.72,3496.12,1395.366,1719151739999,4876649.44093,1601,829.995,2901044.37506,0
1719151740000,3496.12,3497.26,3495.37,3495.37,2195.570,1719151799999,7676702.98985,1401,1451.670,5075759.08934,0
1719151800000,3495.38,3495.38,3493.42,3493.44,1506.511,1719151859999,5264064.57567,1463,501.763,1753191.04028,0
1719151860000,3493.45,3494.78,3492.70,3494.52,1261.433,1719151919999,4407486.49588,1350,308.749,1078730.94419,0
1719151920000,3494.53,3494.70,3490.19,3490.56,2802.714,1719151979999,9787331.40158,2585,793.675,2771850.53916,0
1719151980000,3490.57,3492.64,3488.63,3488.81,5386.257,1719152039999,18800724.04420,3167,1264.645,4414059.75033,0
1719152040000,3488.81,3491.50,3488.02,3491.29,4369.162,1719152099999,15247118.13231,2866,2094.985,7310875.02674,0
1719152100000,3491.28,3491.59,3487.69,3489.89,2795.111,1719152159999,9751118.95063,2416,1283.702,4478107.67240,0
1719152160000,3489.90,3490.29,3488.20,3489.96,4400.583,1719152219999,15356792.05913,2500,1588.152,5541929.28269,0
1719152220000,3489.97,3490.25,3485.42,3489.22,4648.090,1719152279999,16210056.01324,4434,1689.988,5894239.30681,0
1719152280000,3489.21,3489.21,3485.00,3486.90,4803.453,1719152339999,16745187.98260,3860,1434.718,5000990.41501,0
1719152340000,3486.89,3489.34,3486.00,3487.07,4269.208,1719152399999,14890701.04653,3203,2014.042,7025351.88469,0
1719152400000,3487.06,3487.90,3485.29,3485.29,3089.358,1719152459999,10772063.32599,2257,1244.964,4341195.57496,0
1719152460000,3485.30,3488.29,3485.29,3486.61,1981.707,1719152519999,6910349.09938,1782,1282.443,4471722.06135,0
1719152520000,3486.62,3488.01,3486.61,3487.96,779.795,1719152579999,2719311.81472,1319,546.674,1906370.05062,0
1719152580000,3487.96,3489.37,3487.35,3489.36,373.724,1719152639999,1303783.86095,779,303.617,1059208.18302,0
1719152640000,3489.37,3492.43,3489.36,3491.93,1068.847,1719152699999,3731069.09042,1418,910.892,3179605.97739,0
1719152700000,3491.93,3492.49,3490.23,3490.23,2965.808,1719152759999,10356032.38500,1785,961.477,3357296.71532,0
1719152760000,3490.23,3491.29,3489.72,3490.51,1110.987,1719152819999,3877755.96159,1081,422.649,1475174.41511,0
1719152820000,3490.51,3491.94,3490.29,3491.87,1213.646,1719152879999,4236794.46662,1025,678.567,2368856.05756,0
1719152880000,3491.86,3493.89,3491.66,3491.66,4069.182,1719152939999,14211738.17340,2192,1709.937,5972442.91419,0
1719152940000,3491.67,3492.87,3490.75,3492.86,1258.961,1719152999999,4395473.93632,1284,432.771,1510996.81203,0
1719153000000,3492.87,3494.64,3492.19,3492.19,2635.840,1719153059999,9208067.75965,2013,895.684,3129128.40814,0
1719153060000,3492.19,3495.38,3492.19,3493.61,2209.369,1719153119999,7720686.46409,2020,1533.413,5358390.51362,0
1719153120000,3493.61,3495.60,3491.52,3495.33,3352.736,1719153179999,11712425.79157,2096,1653.825,5778020.48387,0
1719153180000,3495.32,3495.47,3491.15,3493.19,2574.234,1719153239999,8992147.22448,1954,1186.351,4144534.33539,0
1719153240000,3493.19,3495.06,3491.63,3491.63,2082.985,1719153299999,7276302.77965,1893,833.350,2911661.60323,0
1719153300000,3491.63,3495.22,3491.57,3492.96,3470.798,1719153359999,12127477.04232,2278,1894.706,6620179.30104,0
1719153360000,3492.96,3495.37,3491.90,3495.29,2913.385,1719153419999,10177894.69098,1982,2043.922,7140719.61601,0
1719153420000,3495.28,3495.43,3492.76,3494.48,2001.540,1719153479999,6993836.70132,1333,941.026,3288219.61904,0
1719153480000,3494.49,3496.38,3494.31,3494.82,4417.144,1719153539999,15438509.20487,2412,3931.703,13741730.79752,0
1719153540000,3494.81,3494.82,3494.60,3494.62,190.159,1719153599999,664537.11917,318,81.755,285704.04563,0
1719153600000,3494.63,3494.63,3493.98,3494.00,597.971,1719153659999,2089443.97782,702,136.637,477429.28412,0
1719153660000,3494.00,3494.00,3492.47,3492.47,1130.501,1719153719999,3949116.54935,1052,167.032,583454.91017,0
1719153720000,3492.47,3492.62,3491.39,3491.46,649.617,1719153779999,2268476.32127,1333,154.980,541178.81039,0
1719153780000,3491.46,3493.24,3491.46,3492.42,1090.136,1719153839999,3807264.68208,1263,563.430,1967645.87097,0
1719153840000,3492.42,3492.42,3489.91,3489.92,1888.734,1719153899999,6593642.59099,2427,367.289,1282223.96615,0
1719153900000,3489.91,3491.33,3489.46,3489.73,3376.284,1719153959999,11785355.64490,2467,1965.992,6862116.00830,0
1719153960000,3489.70,3489.70,3487.06,3489.01,1940.209,1719154019999,6767841.38337,1917,944.287,3293715.00747,0
1719154020000,3489.01,3489.23,3485.32,3485.67,3497.750,1719154079999,12197644.11436,3128,1298.241,4527069.53653,0
1719154080000,3485.66,3489.20,3485.66,3486.48,2787.640,1719154139999,9722620.30244,2616,1345.739,4693726.92550,0
1719154140000,3486.47,3487.60,3483.73,3487.06,5700.694,1719154199999,19867379.12529,4433,2505.392,8731937.47585,0
1719154200000,3487.07,3489.21,3486.05,3486.06,2695.030,1719154259999,9399601.17491,2035,1322.783,4613914.29395,0
1719154260000,3486.06,3488.49,3485.20,3487.55,6206.151,1719154319999,21638122.83518,2340,3573.522,12458169.71969,0
1719154320000,3487.56,3489.44,3485.24,3485.24,1424.924,1719154379999,4969127.74196,1427,491.949,1716075.95242,0
1719154380000,3485.24,3486.12,3480.60,3483.20,6606.955,1719154439999,23013703.76253,5794,3087.366,10756020.27100,0
1719154440000,3483.21,3483.62,3477.69,3482.03,11072.911,1719154499999,38535580.45838,7734,3945.783,13731604.88840,0
1719154500000,3482.03,3486.00,3482.03,3484.22,3340.869,1719154559999,11640840.96282,2696,1840.316,6411960.09291,0
1719154560000,3484.21,3484.22,3481.56,3483.50,4210.244,1719154619999,14661627.01348,2756,1723.665,6002366.88185,0
1719154620000,3483.49,3483.74,3482.52,3482.99,1072.247,1719154679999,3734635.45113,1277,505.448,1760487.45208,0
1719154680000,3483.00,3483.30,3482.46,3482.80,1018.398,1719154739999,3546921.98486,1443,597.502,2081018.50651,0
1719154740000,3482.79,3483.66,3482.43,3483.49,786.895,1719154799999,2740866.94232,993,425.231,1481172.05744,0
1719154800000,3483.48,3483.49,3481.03,3482.49,6997.375,1719154859999,24367062.00079,3244,1457.206,5074113.66745,0
1719154860000,3482.50,3482.50,3480.32,3481.47,4306.116,1719154919999,14989932.44092,2830,2310.899,8044579.60912,0
1719154920000,3481.46,3482.09,3480.37,3482.09,1944.599,1719154979999,6769700.88527,1798,961.499,3347252.43747,0
1719154980000,3482.09,3482.10,3476.07,3477.57,5804.438,1719155039999,20189461.90825,5065,940.933,3272923.27980,0
1719155040000,3477.56,3479.49,3475.20,3478.51,5915.665,1719155099999,20569153.62793,5314,2875.830,10000842.15443,0
1719155100000,3478.50,3478.84,3477.00,3478.84,1106.322,1719155159999,3847672.68807,1851,595.320,2070433.66299,0
1719155160000,3478.84,3479.50,3476.79,3478.05,2746.341,1719155219999,9550509.72709,2269,1478.740,5142169.32570,0
1719155220000,3478.05,3482.27,3477.79,3480.84,2822.749,1719155279999,9824113.45160,2066,1564.039,5442378.33852,0
1719155280000,3480.80,3482.23,3478.60,3479.62,3449.574,1719155339999,12005336.84947,2401,1697.670,5907942.06837,0
1719155340000,3479.61,3483.20,3478.97,3483.20,3971.821,1719155399999,13829645.31955,2522,2376.878,8275808.26445,0
1719155400000,3483.19,3483.59,3479.84,3481.89,4672.891,1719155459999,16267970.02353,2470,1790.302,6232075.29597,0
1719155460000,3481.89,3483.85,3480.41,3482.80,3494.971,1719155519999,12169894.59098,2714,2183.209,7602519.97870,0
1719155520000,3482.79,3484.74,3480.51,3480.54,3869.195,1719155579999,13475472.99648,2366,1421.225,4950780.53293,0
1719155580000,3480.54,3485.16,3480.53,3485.16,4506.185,1719155639999,15697416.21960,2571,1783.696,6213674.91509,0
1719155640000,3485.16,3485.46,3481.88,3482.99,3852.950,1719155699999,13421196.26551,2319,1775.570,6185364.66162,0
1719155700000,3482.99,3486.36,3482.61,3485.23,4364.447,1719155759999,15207110.85125,3414,2861.286,9969810.06695,0
1719155760000,3485.22,3486.61,3483.19,3486.00,3367.561,1719155819999,11735632.13119,3391,1805.023,6290791.47748,0
1719155820000,3486.00,3489.11,3484.38,3484.38,5546.446,1719155879999,19338780.88912,3841,3266.807,11391589.33471,0
1719155880000,3484.39,3487.96,3484.39,3485.53,2996.306,1719155939999,10446402.29105,2847,1644.656,5733638.41667,0
1719155940000,3485.54,3488.15,3485.08,3485.43,3547.411,1719155999999,12368548.61726,2261,2305.824,8039446.77995,0
1719156000000,3485.43,3486.95,3484.51,3486.95,1612.181,1719156059999,5619353.97500,2098,1060.821,3697734.84693,0
1719156060000,3486.96,3488.38,3484.20,3484.20,2926.660,1719156119999,10203653.26087,2513,1109.112,3867008.62460,0
1719156120000,3484.21,3485.26,3481.75,3483.87,9679.897,1719156179999,33722137.58514,4007,2514.899,8760716.32394,0
1719156180000,3483.87,3483.88,3480.44,3480.44,3082.566,1719156239999,10733527.55691,2709,1344.653,4681529.00955,0
1719156240000,3480.44,3483.00,3479.67,3481.62,4773.986,1719156299999,16620473.88256,3546,2911.755,10137164.24538,0
1719156300000,3481.62,3481.62,3478.38,3479.83,4021.198,1719156359999,13991646.38578,2087,1798.147,6256025.87288,0
1719156360000,3479.82,3480.17,3478.47,3479.98,800.935,1719156419999,2786743.72769,1517,466.778,1624018.09833,0
1719156420000,3479.97,3482.21,3479.20,3481.38,793.090,1719156479999,2760253.96362,1086,408.171,1420760.31476,0
1719156480000,3481.39,3481.90,3481.01,3481.32,460.342,1719156539999,1602567.84712,741,260.688,907508.89477,0
1719156540000,3481.32,3482.68,3481.31,3482.06,520.223,1719156599999,1811488.51031,702,296.067,1030922.62032,0
1719156600000,3482.07,3482.52,3481.01,3482.11,1231.515,1719156659999,4287676.51308,1513,544.580,1895994.16642,0
1719156660000,3482.10,3482.17,3481.09,3481.85,269.404,1719156719999,937963.92582,587,127.707,444616.73782,0
1719156720000,3481.85,3481.85,3480.08,3481.06,1280.904,1719156779999,4458910.71685,1010,220.987,769224.09572,0
1719156780000,3481.05,3481.48,3479.25,3479.28,629.963,1719156839999,2192576.83139,880,168.425,586177.07522,0
1719156840000,3479.28,3480.01,3479.00,3479.01,594.616,1719156899999,2068939.63747,1152,124.446,433039.90238,0
1719156900000,3479.00,3479.54,3478.30,3478.90,1043.046,1719156959999,3628535.61660,1559,448.074,1558729.20995,0
1719156960000,3478.89,3480.92,3478.59,3479.17,1312.888,1719157019999,4568532.95747,1372,946.580,3293962.11845,0
1719157020000,3479.18,3481.06,3479.18,3481.06,694.681,1719157079999,2417536.18107,761,549.486,1912205.68973,0
1719157080000,3481.05,3482.00,3480.41,3481.55,301.839,1719157139999,1050754.40612,606,245.638,855095.20385,0
1719157140000,3481.55,3481.56,3480.83,3481.56,302.915,1719157199999,1054533.61844,589,192.938,671685.62883,0
1719157200000,3481.55,3481.55,3480.06,3480.21,504.709,1719157259999,1756820.39430,1031,282.781,984310.57841,0
1719157260000,3480.21,3480.71,3478.65,3480.04,2022.971,1719157319999,7039279.94737,1600,500.692,1742307.84328,0
1719157320000,3480.04,3480.50,3478.14,3478.50,815.711,1719157379999,2837868.78685,988,304.145,1058063.59709,0
1719157380000,3478.50,3479.87,3476.00,3477.47,2891.851,1719157439999,10055679.99403,2421,753.548,2620148.12892,0
1719157440000,3477.46,3478.00,3475.54,3477.99,1498.740,1719157499999,5210593.68207,2101,569.756,1981044.29144,0
1719157500000,3477.99,3478.22,3476.59,3478.22,1064.614,1719157559999,3702081.03323,1263,366.225,1273552.53520,0
1719157560000,3478.22,3478.61,3475.00,3476.13,1633.598,1719157619999,5679193.36379,2131,834.543,2901528.28699,0
1719157620000,3476.13,3476.14,3470.07,3472.05,7328.568,1719157679999,25448344.19645,8025,2243.570,7790924.68496,0
1719157680000,3472.04,3476.57,3471.14,3472.90,2480.016,1719157739999,8614477.22097,3551,1250.416,4343101.12109,0
1719157740000,3472.90,3474.61,3471.93,3473.64,4103.363,1719157799999,14250976.16908,2939,2727.479,9472465.61420,0
1719157800000,3473.64,3474.88,3472.22,3472.39,1938.991,1719157859999,6735423.53983,2507,1079.541,3750033.87791,0
1719157860000,3472.39,3474.42,3471.07,3471.73,3854.150,1719157919999,13384732.55902,2401,2919.183,10138210.41096,0
1719157920000,3471.73,3471.73,3470.41,3471.09,873.766,1719157979999,3033041.03731,1395,372.690,1293625.07028,0
1719157980000,3471.10,3471.87,3471.09,3471.60,531.670,1719158039999,1845700.04472,922,345.617,1199824.24260,0
1719158040000,3471.60,3472.00,3471.33,3471.33,500.692,1719158099999,1738260.12560,807,297.390,1032462.62593,0
1719158100000,3471.33,3471.72,3470.53,3471.72,534.246,1719158159999,1854488.69915,918,177.225,615200.75016,0
1719158160000,3471.71,3472.00,3471.71,3472.00,471.970,1719158219999,1638669.73788,484,360.562,1251862.65224,0
1719158220000,3472.00,3472.73,3471.34,3472.14,2265.477,1719158279999,7865683.85795,1516,1872.551,6501408.54888,0
1719158280000,3472.15,3474.43,3471.77,3474.01,1020.612,1719158339999,3544761.70201,1265,777.316,2699771.83088,0
1719158340000,3474.00,3474.78,3472.26,3473.00,2403.931,1719158399999,8349662.69621,1696,1098.910,3816491.92975,0
1719158400000,3472.99,3474.34,3472.01,3474.29,1666.167,1719158459999,5787203.30428,2332,1182.031,4105608.84957,0
1719158460000,3474.29,3476.92,3474.28,3475.62,1641.232,1719158519999,5704454.10302,2236,840.575,2921604.49578,0
1719158520000,3475.63,3476.00,3472.80,3473.95,1953.107,1719158579999,6785478.79775,2128,600.658,2086416.98667,0
1719158580000,3473.95,3476.10,3473.95,3475.80,2006.406,1719158639999,6971063.25520,1658,1856.386,6449766.72714,0
1719158640000,3475.81,3475.81,3474.38,3474.74,813.127,1719158699999,2825530.79618,1168,435.490,1513270.77391,0
1719158700000,3474.75,3475.58,3474.09,3474.53,1005.529,1719158759999,3493952.95788,1466,655.353,2277189.34660,0
1719158760000,3474.53,3475.00,3473.29,3473.51,749.302,1719158819999,2603178.43859,1414,282.922,982903.75801,0
1719158820000,3473.51,3473.75,3471.65,3471.65,632.831,1719158879999,2197877.85323,1190,97.274,337861.30617,0
1719158880000,3471.66,3471.66,3466.00,3468.81,8387.150,1719158939999,29087772.12783,7073,2517.830,8731533.15864,0
1719158940000,3468.80,3472.83,3468.71,3472.15,2381.877,1719158999999,8266424.71564,2630,1611.650,5593554.72645,0
1719159000000,3472.14,3473.07,3470.33,3473.01,1304.896,1719159059999,4530581.50836,1642,800.789,2780411.87196,0
1719159060000,3473.00,3474.69,3473.00,3474.69,1584.567,1719159119999,5504534.03410,1773,1401.862,4869876.32471,0
1719159120000,3474.68,3477.49,3474.68,3476.92,1877.745,1719159179999,6527239.97165,2123,1290.622,4486078.57177,0
1719159180000,3476.91,3477.39,3476.19,3476.20,731.658,1719159239999,2543778.08676,1070,353.366,1228539.29096,0
1719159240000,3476.20,3477.51,3476.19,3477.29,619.016,1719159299999,2152312.62832,810,480.945,1672283.64594,0
1719159300000,3477.29,3479.14,3476.74,3478.81,1445.654,1719159359999,5027687.75755,1806,568.199,1976207.18211,0
1719159360000,3478.80,3480.83,3478.80,3480.57,1689.683,1719159419999,5880063.29794,2044,1336.760,4651953.25804,0
1719159420000,3480.58,3480.58,3479.14,3480.48,912.720,1719159479999,3176100.21905,992,627.597,2183934.84128,0
1719159480000,3480.48,3480.89,3478.99,3480.89,717.334,1719159539999,2496111.83362,854,433.822,1509640.20395,0
1719159540000,3480.88,3481.20,3479.66,3479.66,409.932,1719159599999,1426819.45062,758,210.097,731280.43278,0
1719159600000,3479.67,3479.98,3477.60,3478.03,903.851,1719159659999,3144033.88918,1253,506.194,1760832.73459,0
1719159660000,3478.03,3479.42,3477.61,3478.08,488.002,1719159719999,1697532.21727,823,260.922,907682.83755,0
1719159720000,3478.08,3478.08,3474.88,3476.30,2651.172,1719159779999,9216045.84903,1983,439.097,1526348.10013,0
1719159780000,3476.30,3477.18,3475.28,3475.28,324.153,1719159839999,1126885.39825,781,117.814,409584.86348,0
1719159840000,3475.29,3475.89,3474.51,3474.51,466.828,1719159899999,1622302.12183,977,178.381,619923.44737,0
1719159900000,3474.51,3476.64,3473.76,3475.63,2282.132,1719159959999,7931207.68109,2297,1620.554,5632276.43783,0
1719159960000,3475.64,3476.00,3475.33,3475.64,412.388,1719160019999,1433298.71153,472,191.203,664529.77067,0
1719160020000,3475.64,3477.68,3475.64,3476.87,237.904,1719160079999,827215.18322,1039,138.527,481636.26585,0
1719160080000,3476.87,3477.28,3475.69,3475.69,164.775,1719160139999,572815.64135,476,26.013,90424.69076,0
1719160140000,3475.69,3476.54,3475.03,3475.03,290.399,1719160199999,1009414.27877,779,87.407,303829.25959,0
1719160200000,3475.03,3475.90,3474.60,3475.90,607.246,1719160259999,2110132.10149,941,403.032,1400507.04776,0
1719160260000,3475.91,3477.98,3475.91,3477.47,376.992,1719160319999,1310944.54149,1053,202.418,703837.37816,0
1719160320000,3477.47,3478.35,3477.35,3478.35,544.758,1719160379999,1894529.75842,824,221.664,770910.97619,0
1719160380000,3478.35,3478.35,3477.15,3477.15,195.446,1719160439999,679735.04318,384,49.430,171927.20871,0
1719160440000,3477.15,3478.00,3476.59,3477.99,205.909,1719160499999,715990.22408,702,126.681,440489.12860,0
1719160500000,3478.00,3478.00,3477.06,3477.24,543.427,1719160559999,1889726.12954,998,385.343,1339979.11050,0
1719160560000,3477.24,3477.93,3477.05,3477.63,311.138,1719160619999,1081922.77395,633,124.561,433145.19235,0
1719160620000,3477.63,3478.32,3477.50,3478.08,221.676,1719160679999,770994.86865,530,161.545,561849.43194,0
1719160680000,3478.08,3478.32,3477.36,3478.32,165.828,1719160739999,576739.36302,826,91.680,318866.44697,0
1719160740000,3478.32,3479.54,3478.31,3478.31,654.915,1719160799999,2278309.40904,1450,250.057,869913.90836,0
1719160800000,3478.31,3478.32,3476.88,3477.00,1025.716,1719160859999,3566800.18361,1205,195.016,678092.74763,0
1719160860000,3477.00,3477.00,3476.47,3476.99,411.062,1719160919999,1429159.85537,814,300.314,1044110.76919,0
1719160920000,3476.99,3477.70,3476.27,3476.97,470.096,1719160979999,1634556.26029,982,281.980,980446.42278,0
1719160980000,3476.97,3477.26,3476.85,3476.91,212.750,1719161039999,739737.82920,570,31.087,108086.19688,0
1719161040000,3476.91,3476.92,3476.18,3476.86,355.847,1719161099999,1237139.41440,675,146.802,510370.79793,0
1719161100000,3476.86,3477.39,3475.11,3475.75,425.313,1719161159999,1478523.19436,950,126.778,440723.06476,0
1719161160000,3475.75,3475.76,3475.00,3475.58,188.964,1719161219999,656716.42368,641,113.071,392960.67097,0
1719161220000,3475.59,3476.49,3475.36,3476.46,210.032,1719161279999,730039.03038,525,138.458,481264.76550,0
1719161280000,3476.46,3476.80,3475.79,3475.80,116.640,1719161339999,405451.39820,397,74.354,258455.59479,0
1719161340000,3475.80,3475.80,3475.25,3475.72,144.658,1719161399999,502772.39971,585,57.169,198695.61545,0
1719161400000,3475.73,3475.73,3473.47,3473.66,916.560,1719161459999,3184448.92331,1248,157.999,548848.53013,0
1719161460000,3473.66,3473.99,3468.90,3468.90,1746.613,1719161519999,6063202.47184,2762,179.434,623052.07101,0
1719161520000,3468.91,3470.48,3467.06,3469.58,3364.383,1719161579999,11669233.63923,4006,1333.033,4623560.52241,0
1719161580000,3469.58,3469.79,3465.00,3465.89,4222.421,1719161639999,14636616.73023,4645,1245.661,4318783.58660,0
1719161640000,3465.88,3467.00,3462.45,3465.92,5725.040,1719161699999,19836104.29930,5666,1826.848,6330323.31787,0
1719161700000,3465.93,3466.00,3460.00,3461.06,8468.702,1719161759999,29323067.86521,6755,2816.075,9751136.39072,0
1719161760000,3461.06,3462.00,3460.00,3461.18,3428.381,1719161819999,11865401.98658,3585,1755.872,6076691.78038,0
1719161820000,3461.18,3465.18,3460.66,3461.67,2262.305,1719161879999,7834986.82946,2682,1571.496,5442615.74747,0
1719161880000,3461.67,3462.95,3460.83,3462.83,1623.712,1719161939999,5621301.39162,2265,499.399,1728949.25269,0
1719161940000,3462.83,3462.90,3461.11,3461.51,1695.046,1719161999999,5868462.45251,1840,603.533,2089642.57948,0
1719162000000,3461.51,3464.62,3461.25,3463.03,2508.620,1719162059999,8687954.97634,2624,1148.372,3977091.34598,0
1719162060000,3463.03,3464.00,3460.19,3460.87,1579.323,1719162119999,5467530.04447,2772,633.335,2192333.88742,0
1719162120000,3460.87,3464.12,3460.73,3462.00,1861.367,1719162179999,6444198.77674,2259,846.820,2931774.25510,0
1719162180000,3462.00,3463.20,3460.75,3461.25,1119.802,1719162239999,3876579.85241,1588,705.264,2441582.55966,0
1719162240000,3461.26,3464.62,3461.25,3464.62,977.570,1719162299999,3385928.36184,1576,818.721,2835705.96080,0
1719162300000,3464.61,3466.00,3464.20,3466.00,1123.650,1719162359999,3893655.66806,1195,859.057,2976823.43999,0
1719162360000,3465.99,3467.99,3465.99,3466.20,1707.435,1719162419999,5919324.37311,1939,1297.290,4497235.66044,0
1719162420000,3466.21,3466.21,3464.12,3464.12,661.677,1719162479999,2292786.71873,1431,260.396,902256.59992,0
1719162480000,3464.12,3467.17,3464.12,3467.16,1080.014,1719162539999,3743030.40462,1180,970.547,3363624.96311,0
1719162540000,3467.17,3469.43,3467.16,3469.02,824.843,1719162599999,2861110.59265,1064,617.477,2141846.01300,0
1719162600000,3469.02,3469.43,3469.00,3469.39,735.839,1719162659999,2552717.65758,1034,473.715,1643362.69500,0
1719162660000,3469.39,3470.38,3469.14,3469.47,721.798,1719162719999,2504473.84197,1166,499.821,1734276.22315,0
1719162720000,3469.47,3470.28,3468.62,3468.76,669.710,1719162779999,2323635.82365,886,290.274,1007135.04742,0
1719162780000,3468.75,3470.56,3468.75,3469.53,622.841,1719162839999,2161343.35989,787,468.739,1626599.52859,0
1719162840000,3469.52,3471.52,3469.52,3471.51,761.758,1719162899999,2643736.05513,1153,624.214,2166331.41859,0
1719162900000,3471.51,3472.75,3471.02,3472.75,1097.676,1719162959999,3810816.98262,1460,961.207,3337077.81363,0
1719162960000,3472.75,3474.71,3472.24,3474.71,1420.144,1719163019999,4932836.14729,1991,1012.507,3516876.26517,0
1719163020000,3474.71,3478.00,3474.70,3477.43,1760.125,1719163079999,6119049.38086,2416,1218.709,4236621.44258,0
1719163080000,3477.42,3478.87,3476.02,3478.87,1295.713,1719163139999,4505811.95278,1758,631.205,2195103.04249,0
1719163140000,3478.87,3478.99,3477.33,3477.37,1448.649,1719163199999,5039109.91873,1419,770.803,2681230.90600,0
1719163200000,3477.38,3478.75,3477.37,3478.59,429.972,1719163259999,1495564.66269,972,244.180,849293.06094,0
1719163260000,3478.59,3478.59,3475.50,3475.79,2390.822,1719163319999,8311422.68772,2323,462.026,1605993.42807,0
1719163320000,3475.80,3475.80,3473.40,3473.40,772.530,1719163379999,2683888.45294,1224,178.948,621696.85405,0
1719163380000,3473.38,3473.39,3470.66,3470.67,582.963,1719163439999,2024129.13038,1584,161.175,559561.83638,0
1719163440000,3470.66,3473.15,3470.66,3472.46,1027.180,1719163499999,3566355.42088,1554,810.515,2814005.38578,0
1719163500000,3472.46,3472.46,3468.75,3468.89,1053.136,1719163559999,3654255.82902,1712,178.534,619442.41561,0
1719163560000,3468.89,3471.94,3468.88,3470.90,919.811,1719163619999,3192269.87369,1449,775.504,2691399.18078,0
1719163620000,3470.91,3471.37,3469.71,3470.86,336.587,1719163679999,1168206.17756,1163,178.662,620108.59896,0
1719163680000,3470.87,3470.87,3469.25,3469.25,395.509,1719163739999,1372502.83855,897,111.765,387850.70833,0
1719163740000,3469.26,3471.37,3469.25,3471.00,214.773,1719163799999,745362.44075,829,166.536,577951.84330,0
1719163800000,3471.01,3471.70,3470.01,3470.27,555.061,1719163859999,1926361.37848,870,273.479,949088.86711,0
1719163860000,3470.27,3470.75,3470.02,3470.38,459.257,1719163919999,1593856.84855,555,252.414,875994.61767,0
1719163920000,3470.38,3474.00,3470.37,3472.33,806.853,1719163979999,2801830.30332,1327,520.491,1807235.03659,0
1719163980000,3472.34,3472.34,3471.35,3472.11,295.504,1719164039999,1025933.13522,644,190.341,660825.43354,0
1719164040000,3472.11,3473.92,3472.10,3473.55,897.026,1719164099999,3115557.80245,820,792.691,2753119.63982,0
1719164100000,3473.55,3474.90,3472.60,3474.84,1143.774,1719164159999,3973522.76451,1004,956.336,3322479.98796,0
1719164160000,3474.83,3476.33,3474.55,3474.68,1901.948,1719164219999,6609977.25014,1509,1470.987,5112237.36120,0
1719164220000,3474.67,3474.68,3473.86,3474.68,258.100,1719164279999,896682.89556,569,179.402,623269.28194,0
1719164280000,3474.67,3474.68,3474.25,3474.25,103.229,1719164339999,358656.42734,305,40.679,141329.77456,0
1719164340000,3474.25,3474.68,3474.08,3474.33,193.432,1719164399999,672053.88209,382,115.321,400664.63449,0
1719164400000,3474.33,3474.34,3468.98,3469.52,717.595,1719164459999,2490490.08271,1539,91.335,316926.82007,0
1719164460000,3469.52,3471.00,3469.00,3470.57,629.516,1719164519999,2184438.87812,959,318.025,1103528.56436,0
1719164520000,3470.57,3470.60,3469.03,3469.03,275.203,1719164579999,954907.72865,607,124.466,431860.90354,0
1719164580000,3469.04,3470.91,3469.03,3470.24,347.751,1719164639999,1206631.49707,772,200.810,696705.89470,0
1719164640000,3470.25,3470.60,3469.40,3470.04,361.924,1719164699999,1255899.22922,585,91.946,319047.99883,0
1719164700000,3470.04,3470.05,3468.08,3468.42,703.563,1719164759999,2440381.44693,1196,132.863,460823.78669,0
1719164760000,3468.41,3470.17,3468.41,3469.07,351.191,1719164819999,1218364.35303,835,194.071,673233.19183,0
1719164820000,3469.06,3470.75,3469.06,3470.20,659.590,1719164879999,2288742.61786,667,570.334,1978986.30975,0
1719164880000,3470.20,3470.20,3468.68,3469.88,437.056,1719164939999,1516341.40152,826,240.023,832690.04834,0
1719164940000,3469.88,3469.88,3469.10,3469.39,287.494,1719164999999,997453.77998,553,131.813,457310.20796,0
1719165000000,3469.39,3471.31,3469.24,3470.72,417.300,1719165059999,1448216.16693,962,296.950,1030507.11560,0
1719165060000,3470.73,3471.56,3470.72,3471.06,500.111,1719165119999,1735871.44681,633,384.949,1336129.00677,0
1719165120000,3471.06,3472.01,3471.05,3472.00,169.411,1719165179999,588126.23765,399,144.848,502859.26717,0
1719165180000,3472.00,3472.86,3472.00,3472.79,235.749,1719165239999,818588.61572,503,162.929,565716.81944,0
1719165240000,3472.78,3473.18,3472.19,3473.18,338.898,1719165299999,1176892.91219,561,250.434,869696.11743,0
1719165300000,3473.17,3473.18,3471.07,3471.87,421.281,1719165359999,1462697.40974,825,155.129,538530.28132,0
1719165360000,3471.86,3471.87,3471.46,3471.72,224.100,1719165419999,778014.09836,367,165.326,573962.50038,0
1719165420000,3471.73,3472.13,3471.47,3471.47,133.062,1719165479999,461975.28276,426,60.511,210088.25100,0
1719165480000,3471.47,3472.13,3471.33,3471.82,337.985,1719165539999,1173416.38784,606,126.148,437939.43999,0
1719165540000,3471.82,3472.41,3471.33,3471.33,305.381,1719165599999,1060267.05200,514,192.449,668180.44645,0
1719165600000,3471.34,3472.97,3471.01,3472.95,722.966,1719165659999,2509998.61334,898,312.328,1084400.64980,0
1719165660000,3472.95,3473.96,3472.94,3473.96,368.023,1719165719999,1278304.02157,640,285.835,992824.17575,0
1719165720000,3474.00,3476.24,3473.72,3474.28,654.419,1719165779999,2273760.23954,1136,483.003,1678111.12058,0
1719165780000,3474.28,3474.29,3473.08,3473.10,386.599,1719165839999,1342875.88340,655,233.930,812529.50229,0
1719165840000,3473.11,3474.35,3473.10,3474.35,270.632,1719165899999,940080.84195,559,159.499,554040.58054,0
1719165900000,3474.35,3474.35,3472.75,3473.38,357.910,1719165959999,1243189.89914,585,154.975,538257.48706,0
1719165960000,3473.38,3473.96,3472.92,3473.42,352.247,1719166019999,1223459.50777,679,242.894,843629.54791,0
1719166020000,3473.42,3473.78,3473.10,3473.78,248.259,1719166079999,862306.99197,453,215.043,746937.01608,0
1719166080000,3473.78,3474.61,3473.34,3474.16,553.090,1719166139999,1921328.81111,554,304.559,1057947.46810,0
1719166140000,3474.17,3474.17,3473.00,3473.41,598.166,1719166199999,2077934.21622,737,127.079,441411.57835,0
1719166200000,3473.40,3473.41,3471.83,3472.40,473.553,1719166259999,1644321.64036,981,205.423,713278.61589,0
1719166260000,3472.40,3472.41,3471.53,3471.55,124.980,1719166319999,433925.68882,416,34.841,120969.63325,0
1719166320000,3471.54,3472.38,3471.54,3472.37,127.827,1719166379999,443779.62046,439,87.859,305022.20082,0
1719166380000,3472.38,3474.19,3472.37,3472.85,510.446,1719166439999,1772906.33370,1028,212.770,738962.78535,0
1719166440000,3472.85,3474.20,3472.85,3473.89,205.241,1719166499999,712953.38782,549,171.646,596245.54560,0
1719166500000,3473.89,3474.17,3471.73,3472.49,360.657,1719166559999,1252355.57315,733,125.225,434810.80335,0
1719166560000,3472.48,3473.11,3471.29,3471.96,337.365,1719166619999,1171421.53271,882,94.656,328680.84756,0
1719166620000,3471.96,3473.28,3471.96,3473.27,339.604,1719166679999,1179343.21058,537,288.985,1003554.67787,0
1719166680000,3473.28,3473.28,3473.27,3473.28,104.940,1719166739999,364485.65844,238,70.464,244741.20192,0
1719166740000,3473.27,3474.05,3472.72,3472.72,233.348,1719166799999,810512.19500,531,130.215,452287.13444,0
1719166800000,3472.72,3473.33,3472.47,3473.04,218.057,1719166859999,757275.00069,575,150.841,523830.36213,0
1719166860000,3473.05,3475.27,3473.05,3474.53,270.846,1719166919999,941153.23276,651,194.144,674607.77822,0
1719166920000,3474.53,3475.24,3474.16,3475.24,212.352,1719166979999,737868.35639,548,153.258,532538.43778,0
1719166980000,3475.23,3475.67,3474.91,3474.91,248.106,1719167039999,862246.79453,566,156.798,544901.20360,0
1719167040000,3474.91,3475.32,3473.31,3473.31,275.690,1719167099999,958007.92347,570,185.917,646079.59108,0
1719167100000,3473.31,3473.31,3471.72,3471.72,206.608,1719167159999,717375.85499,492,31.877,110675.25540,0
1719167160000,3471.72,3472.49,3471.72,3472.25,208.851,1719167219999,725167.69565,458,100.772,349882.15338,0
1719167220000,3472.25,3472.49,3471.69,3472.31,169.663,1719167279999,589089.57321,390,47.885,166253.80232,0
1719167280000,3472.30,3472.30,3471.72,3472.19,190.050,1719167339999,659832.93295,245,92.970,322780.97897,0
1719167340000,3472.19,3472.20,3471.77,3472.08,223.756,1719167399999,776872.05878,591,86.394,299943.86610,0
1719167400000,3472.07,3472.08,3470.69,3471.59,457.473,1719167459999,1587946.51929,771,174.152,604485.07249,0
1719167460000,3471.59,3472.00,3471.14,3471.15,267.530,1719167519999,928721.20121,600,98.616,342342.66138,0
1719167520000,3471.14,3472.00,3471.14,3471.81,243.513,1719167579999,845426.98985,492,88.583,307522.18654,0
1719167580000,3471.80,3473.27,3471.80,3473.02,296.206,1719167639999,1028638.78096,411,86.604,300743.43282,0
1719167640000,3473.03,3473.30,3473.02,3473.30,97.763,1719167699999,339547.75482,160,70.800,245898.73572,0
1719167700000,3473.29,3473.80,3473.29,3473.78,197.526,1719167759999,686129.60201,373,75.483,262192.58494,0
1719167760000,3473.77,3473.78,3472.75,3473.73,419.165,1719167819999,1455947.80460,603,101.927,354019.16933,0
1719167820000,3473.73,3475.19,3473.73,3475.18,217.344,1719167879999,755186.69739,550,178.572,620462.72918,0
1719167880000,3475.19,3475.19,3474.50,3474.50,212.469,1719167939999,738315.52603,316,112.000,389206.87965,0
1719167940000,3474.50,3475.10,3474.50,3475.09,112.400,1719167999999,390583.99674,286,70.212,243984.53422,0
1719168000000,3475.10,3475.10,3473.73,3473.81,866.690,1719168059999,3011234.01617,808,164.599,571830.14793,0
1719168060000,3473.82,3475.03,3473.81,3475.00,179.099,1719168119999,622254.56765,475,145.677,506121.98808,0
1719168120000,3475.00,3475.49,3474.99,3475.49,143.950,1719168179999,500244.19768,336,97.529,338918.06202,0
1719168180000,3475.49,3476.77,3475.44,3476.52,1076.574,1719168239999,3742354.44182,1151,955.565,3321703.42504,0
1719168240000,3476.52,3477.35,3476.51,3477.17,579.212,1719168299999,2014015.98492,658,282.004,980549.15273,0
1719168300000,3477.17,3477.17,3476.09,3476.10,372.044,1719168359999,1293413.93505,785,258.639,899160.76767,0
1719168360000,3476.09,3476.10,3475.42,3475.65,164.138,1719168419999,570487.83552,409,58.993,205032.14958,0
1719168420000,3475.65,3475.95,3475.20,3475.94,483.482,1719168479999,1680399.10839,666,127.992,444842.61191,0
1719168480000,3475.94,3475.95,3475.94,3475.94,66.257,1719168539999,230305.71783,138,36.125,125568.69375,0
1719168540000,3475.95,3476.47,3475.65,3475.77,259.941,1719168599999,903544.61711,664,185.688,645446.49675,0
1719168600000,3475.77,3475.85,3475.33,3475.33,350.559,1719168659999,1218391.58561,508,232.509,808100.54531,0
1719168660000,3475.33,3475.66,3474.56,3474.90,862.699,1719168719999,2998142.50676,580,370.715,1288227.13738,0
1719168720000,3474.92,3475.09,3474.92,3474.95,29.527,1719168779999,102606.98833,198,15.084,52417.21268,0
1719168780000,3474.96,3475.09,3474.60,3474.61,254.120,1719168839999,883071.78804,289,85.534,297230.74840,0
1719168840000,3474.61,3474.61,3473.68,3473.69,253.200,1719168899999,879644.13564,679,38.772,134700.26693,0
1719168900000,3473.69,3475.69,3473.68,3475.69,252.887,1719168959999,878598.54262,629,185.000,642743.75407,0
1719168960000,3475.69,3475.69,3475.26,3475.69,277.194,1719169019999,963368.02030,519,235.962,820067.05463,0
1719169020000,3475.68,3476.77,3475.68,3476.77,281.178,1719169079999,977469.13564,453,259.505,902123.46492,0
1719169080000,3476.77,3476.77,3476.31,3476.63,116.959,1719169139999,406609.44930,318,62.009,215569.92486,0
1719169140000,3476.62,3476.63,3476.32,3476.32,117.066,1719169199999,406984.98966,234,73.715,256273.14865,0
1719169200000,3476.33,3476.80,3475.01,3476.41,1032.649,1719169259999,3589555.31101,1498,609.102,2117238.24917,0
1719169260000,3476.41,3477.34,3476.40,3477.34,245.622,1719169319999,853924.23103,434,163.265,567616.20346,0
1719169320000,3477.34,3478.00,3477.34,3478.00,251.250,1719169379999,873813.21578,649,205.885,716040.06855,0
1719169380000,3478.00,3478.29,3477.99,3478.28,637.104,1719169439999,2215892.84133,888,353.822,1230615.68776,0
1719169440000,3478.29,3478.79,3478.29,3478.74,284.685,1719169499999,990295.37884,795,216.586,753403.50468,0
1719169500000,3478.73,3479.52,3478.73,3478.75,889.741,1719169559999,3095589.70333,1370,587.831,2045171.56861,0
1719169560000,3478.75,3478.76,3477.76,3477.76,288.284,1719169619999,1002736.05441,681,67.127,233482.50845,0
1719169620000,3477.77,3478.20,3477.35,3477.35,489.159,1719169679999,1701219.25368,695,245.635,854280.17118,0
1719169680000,3477.35,3478.20,3477.35,3478.19,267.505,1719169739999,930261.88306,434,126.039,438313.31621,0
1719169740000,3478.19,3478.21,3477.87,3478.21,123.027,1719169799999,427890.82563,370,80.444,279783.43961,0
1719169800000,3478.21,3478.21,3476.62,3476.62,477.664,1719169859999,1660971.82146,606,74.597,259391.12593,0
1719169860000,3476.63,3476.63,3476.21,3476.21,142.623,1719169919999,495810.34505,299,76.261,265107.85121,0
1719169920000,3476.21,3476.22,3476.21,3476.22,102.754,1719169979999,357195.07436,219,59.202,205799.17644,0
1719169980000,3476.21,3476.51,3475.55,3476.21,1078.838,1719170039999,3750213.37727,950,208.068,723238.40377,0
1719170040000,3476.21,3477.00,3476.20,3477.00,183.707,1719170099999,638682.80036,412,107.804,374795.51355,0
1719170100000,3477.00,3477.36,3476.00,3476.99,372.072,1719170159999,1293509.76609,616,135.437,470860.40084,0
1719170160000,3476.98,3477.41,3476.59,3477.12,153.586,1719170219999,534037.04967,658,73.179,254454.21798,0
1719170220000,3477.13,3477.93,3477.12,3477.71,332.941,1719170279999,1157869.34600,586,277.773,966008.55053,0
1719170280000,3477.72,3478.80,3477.71,3478.74,244.693,1719170339999,851067.57441,498,191.864,667308.50329,0
1719170340000,3478.75,3479.17,3478.59,3478.88,328.715,1719170399999,1143566.18871,517,75.647,263174.77005,0
1719170400000,3478.89,3479.29,3478.65,3479.29,384.068,1719170459999,1336153.01111,576,133.395,464073.99746,0
1719170460000,3479.29,3479.97,3479.00,3479.02,409.078,1719170519999,1423356.66164,811,246.887,859015.87144,0
1719170520000,3479.02,3479.80,3479.02,3479.79,177.593,1719170579999,617907.41868,421,133.412,464185.63279,0
1719170580000,3479.79,3479.80,3479.00,3479.20,232.340,1719170639999,808398.23242,482,102.851,357852.72227,0
1719170640000,3479.20,3480.75,3479.20,3480.12,440.823,1719170699999,1534143.83413,1036,364.382,1268120.55188,0
1719170700000,3480.13,3480.13,3478.46,3478.46,423.011,1719170759999,1471779.35537,641,136.876,476209.88207,0
1719170760000,3478.46,3478.93,3478.46,3478.92,75.842,1719170819999,263833.41383,247,51.128,177862.75691,0
1719170820000,3478.92,3479.00,3478.42,3478.90,169.648,1719170879999,590131.22593,474,104.294,362788.06034,0
1719170880000,3478.90,3478.91,3478.48,3478.48,107.346,1719170939999,373433.66812,251,39.592,137728.29380,0
1719170940000,3478.48,3478.85,3478.48,3478.85,76.366,1719170999999,265640.57725,331,60.844,211647.61069,0
1719171000000,3478.87,3478.88,3477.91,3477.91,326.956,1719171059999,1137234.40100,648,100.995,351302.27898,0
1719171060000,3477.92,3478.07,3476.60,3476.60,356.491,1719171119999,1239671.93439,708,93.068,323650.12505,0
1719171120000,3476.61,3476.61,3474.55,3475.00,546.394,1719171179999,1898808.46013,1077,200.266,695914.47983,0
1719171180000,3475.00,3475.98,3475.00,3475.69,241.769,1719171239999,840328.61198,476,158.592,551211.94758,0
1719171240000,3475.69,3475.95,3475.12,3475.95,191.228,1719171299999,664576.07931,565,103.293,358973.14013,0
1719171300000,3475.94,3475.95,3474.66,3474.99,265.099,1719171359999,921236.52999,655,152.280,529159.79295,0
1719171360000,3475.00,3475.90,3474.99,3475.79,283.106,1719171419999,983927.08070,403,204.100,709323.24098,0
1719171420000,3475.78,3475.79,3475.03,3475.61,132.786,1719171479999,461479.58547,300,95.206,330872.42616,0
1719171480000,3475.61,3475.61,3475.00,3475.21,210.093,1719171539999,730149.99348,323,21.651,75241.13168,0
1719171540000,3475.21,3475.22,3474.00,3474.65,253.180,1719171599999,879682.37810,505,53.244,185007.42748,0
1719171600000,3474.64,3475.75,3474.64,3475.75,348.242,1719171659999,1210289.32903,443,237.078,823941.22224,0
1719171660000,3475.75,3475.98,3475.52,3475.97,240.623,1719171719999,836328.06480,522,70.397,244672.31066,0
1719171720000,3475.97,3475.97,3475.52,3475.90,98.845,1719171779999,343548.84768,493,46.807,162679.97042,0
1719171780000,3475.89,3476.59,3475.89,3476.58,282.990,1719171839999,983756.10079,425,246.405,856575.15800,0
1719171840000,3476.58,3476.66,3476.58,3476.66,136.020,1719171899999,472891.81152,205,118.390,411598.66648,0
1719171900000,3476.65,3477.43,3476.11,3476.60,622.886,1719171959999,2165610.77177,867,274.220,953385.64777,0
1719171960000,3476.60,3476.88,3476.57,3476.86,183.192,1719172019999,636905.36207,413,125.840,437507.12443,0
1719172020000,3476.86,3476.86,3475.63,3475.63,167.530,1719172079999,582355.94892,580,40.388,140382.20472,0
1719172080000,3475.63,3475.92,3475.63,3475.72,255.028,1719172139999,886441.68720,343,73.932,256971.72383,0
1719172140000,3475.71,3476.88,3475.71,3476.74,159.484,1719172199999,554423.19496,292,69.165,240432.72398,0
1719172200000,3476.74,3476.75,3476.30,3476.74,401.125,1719172259999,1394462.06142,393,94.395,328151.96042,0
1719172260000,3476.73,3476.93,3476.73,3476.93,83.027,1719172319999,288677.62249,188,39.495,137320.39710,0
1719172320000,3476.93,3476.93,3476.36,3476.56,168.518,1719172379999,585860.78629,318,17.812,61921.99363,0
1719172380000,3476.56,3478.00,3476.56,3478.00,157.748,1719172439999,548519.72864,417,153.957,535336.94558,0
1719172440000,3478.00,3478.00,3477.81,3477.82,91.518,1719172499999,318298.60459,282,15.380,53491.63820,0
1719172500000,3477.82,3478.08,3477.81,3478.07,58.091,1719172559999,202031.92192,200,36.554,127129.68627,0
1719172560000,3478.08,3478.08,3478.07,3478.07,29.730,1719172619999,103403.18984,183,16.874,58689.12192,0
1719172620000,3478.07,3478.08,3478.07,3478.07,85.965,1719172679999,298992.85439,332,56.684,197151.48672,0
1719172680000,3478.07,3478.34,3478.07,3478.34,193.130,1719172739999,671740.68149,478,150.617,523874.43589,0
1719172740000,3478.34,3478.88,3478.33,3478.87,217.080,1719172799999,755120.81798,384,162.570,565516.32086,0
1719172800000,3478.87,3479.11,3477.55,3478.30,449.726,1719172859999,1564322.59468,1056,169.696,590234.74878,0
1719172860000,3478.29,3478.81,3478.29,3478.80,283.314,1719172919999,985482.65226,432,240.656,837099.61041,0
1719172920000,3478.81,3478.92,3478.80,3478.92,96.352,1719172979999,335193.05322,329,52.498,182631.90562,0
1719172980000,3478.91,3478.92,3478.12,3478.12,127.473,1719173039999,443444.45996,414,27.450,95488.90723,0
1719173040000,3478.12,3478.42,3477.55,3477.56,216.066,1719173099999,751439.37338,350,24.105,83834.83118,0
1719173100000,3477.56,3477.61,3476.29,3477.60,387.682,1719173159999,1348005.55059,770,190.224,661402.36097,0
1719173160000,3477.60,3477.69,3477.60,3477.68,67.933,1719173219999,236248.39788,282,28.953,100688.43540,0
1719173220000,3477.68,3477.69,3477.00,3477.00,391.099,1719173279999,1360078.59953,349,18.290,63595.47830,0
1719173280000,3477.01,3477.31,3477.00,3477.30,70.047,1719173339999,243567.12830,232,37.638,130872.63020,0
1719173340000,3477.30,3477.31,3477.00,3477.01,135.991,1719173399999,472877.00738,272,15.902,55293.45628,0
1719173400000,3477.00,3477.01,3475.45,3475.45,703.023,1719173459999,2443824.11036,992,98.728,343182.02994,0
1719173460000,3475.45,3475.73,3475.07,3475.38,658.895,1719173519999,2289794.45220,780,556.704,1934634.04573,0
1719173520000,3475.39,3475.73,3475.38,3475.72,61.785,1719173579999,214733.51866,222,36.736,127676.04652,0
1719173580000,3475.73,3476.00,3475.72,3475.99,126.062,1719173639999,438162.34490,273,58.520,203402.85941,0
1719173640000,3476.00,3476.09,3475.55,3476.09,200.665,1719173699999,697488.78596,350,85.038,295571.42009,0
1719173700000,3476.09,3476.15,3474.51,3474.51,532.408,1719173759999,1850280.15772,860,98.904,343720.42661,0
1719173760000,3474.51,3474.86,3474.51,3474.86,156.735,1719173819999,544584.98804,301,81.825,284306.19513,0
1719173820000,3474.86,3474.86,3474.85,3474.86,154.665,1719173879999,537438.24622,289,57.097,198404.08142,0
1719173880000,3474.85,3474.88,3473.23,3473.23,447.911,1719173939999,1556137.45305,722,56.460,196141.01718,0
1719173940000,3473.23,3473.24,3471.13,3471.13,682.931,1719173999999,2371270.08261,1152,90.798,315271.28027,0
1719174000000,3471.13,3471.13,3468.52,3469.34,2182.228,1719174059999,7571793.55754,2097,327.043,1134509.13241,0
1719174060000,3469.34,3469.80,3467.83,3467.91,1346.123,1719174119999,4669465.22731,1349,201.437,698829.56058,0
1719174120000,3467.91,3468.82,3466.61,3466.76,2643.257,1719174179999,9166484.01829,1988,288.262,999645.51815,0
1719174180000,3466.76,3467.77,3466.76,3467.41,284.511,1719174239999,986534.49598,805,109.222,378711.33301,0
1719174240000,3467.40,3467.83,3467.24,3467.60,379.333,1719174299999,1315388.60171,658,227.523,788969.02793,0
1719174300000,3467.60,3467.60,3466.30,3466.65,884.968,1719174359999,3067978.68793,1452,443.374,1537056.48739,0
1719174360000,3466.64,3468.50,3466.29,3466.30,1258.513,1719174419999,4363479.31803,1548,549.234,1904297.22867,0
1719174420000,3466.30,3466.57,3466.29,3466.57,273.949,1719174479999,949641.52847,609,77.761,269554.84609,0
1719174480000,3466.56,3467.01,3465.92,3467.01,682.859,1719174539999,2367045.73287,1326,416.404,1443478.53022,0
1719174540000,3467.01,3467.01,3466.34,3466.35,200.173,1719174599999,693953.36227,529,75.089,260296.40811,0
1719174600000,3466.35,3466.35,3465.18,3465.18,1097.831,1719174659999,3804491.05330,1689,441.093,1528584.82158,0
1719174660000,3465.18,3465.19,3463.54,3464.94,1009.229,1719174719999,3496407.06459,2139,383.501,1328538.87794,0
1719174720000,3464.94,3464.95,3460.18,3461.34,2311.809,1719174779999,8002428.96008,2858,389.968,1350136.05455,0
1719174780000,3461.34,3462.89,3450.58,3450.58,12080.104,1719174839999,41743640.07616,10770,2556.101,8834708.47000,0
1719174840000,3450.58,3451.83,3397.87,3433.55,94638.719,1719174899999,324208437.15692,81060,29973.711,102763747.94154,0
1719174900000,3433.55,3440.00,3430.77,3440.00,10843.969,1719174959999,37254380.25980,13499,6697.404,23009532.48646,0
1719174960000,3439.99,3441.23,3432.65,3436.79,8002.357,1719175019999,27506156.57908,9247,3928.966,13505603.52954,0
1719175020000,3436.79,3437.11,3431.17,3437.11,4831.450,1719175079999,16594853.72531,5922,2581.697,8867217.47964,0
1719175080000,3437.10,3441.00,3435.38,3439.39,3558.375,1719175139999,12235479.23291,4243,2250.732,7738656.57275,0
1719175140000,3439.39,3439.41,3436.08,3439.29,1743.985,1719175199999,5995662.96084,2617,892.006,3066479.56838,0
1719175200000,3439.30,3439.30,3427.60,3427.76,5383.684,1719175259999,18487713.25120,6393,2053.004,7051777.84607,0
1719175260000,3427.76,3433.54,3427.15,3431.65,5076.513,1719175319999,17419388.83315,5678,3531.083,12116957.54179,0
1719175320000,3431.64,3434.27,3430.24,3430.60,2658.762,1719175379999,9128267.26616,3480,1365.224,4687260.12433,0
1719175380000,3430.60,3436.23,3429.70,3436.23,4065.881,1719175439999,13961218.72606,4414,2996.414,10290111.23726,0
1719175440000,3436.22,3436.36,3432.00,3432.01,2750.353,1719175499999,9446403.43355,3246,1096.683,3766215.32810,0
1719175500000,3432.00,3434.63,3430.01,3434.58,1847.867,1719175559999,6342866.04032,3548,1224.787,4204066.22501,0
1719175560000,3434.58,3441.99,3434.23,3441.22,4520.750,1719175619999,15545325.34008,5620,3407.694,11718080.73227,0
1719175620000,3441.21,3443.32,3438.16,3438.75,3519.139,1719175679999,12110113.50381,4623,1647.576,5670333.16065,0
1719175680000,3438.75,3440.61,3436.15,3439.00,1986.625,1719175739999,6830936.04489,3055,1276.542,4389426.69964,0
1719175740000,3439.00,3439.99,3438.02,3438.46,1388.140,1719175799999,4773544.48247,2374,787.698,2708689.13655,0
1719175800000,3438.47,3439.33,3436.40,3436.40,1732.053,1719175859999,5954783.05687,2049,602.680,2071786.56637,0
1719175860000,3436.39,3436.39,3434.12,3435.17,1307.995,1719175919999,4493469.67396,2186,588.479,2021560.58211,0
1719175920000,3435.16,3439.63,3435.16,3439.58,856.532,1719175979999,2944793.87833,2047,603.814,2075808.15578,0
1719175980000,3439.59,3439.59,3435.97,3435.97,990.116,1719176039999,3404032.57751,1892,179.036,615546.92075,0
1719176040000,3435.98,3437.83,3435.96,3435.96,547.686,1719176099999,1882307.79427,1337,208.031,714948.44667,0
1719176100000,3435.96,3436.94,3434.12,3436.18,1144.259,1719176159999,3931059.85974,1899,833.970,2865061.90946,0
1719176160000,3436.17,3436.83,3433.03,3433.04,865.629,1719176219999,2973229.34298,1761,335.360,1151887.57288,0
1719176220000,3433.03,3434.60,3432.38,3432.38,900.419,1719176279999,3091349.87064,1633,451.477,1550026.39488,0
1719176280000,3432.38,3434.07,3432.30,3433.95,718.690,1719176339999,2467505.13057,1452,420.986,1445375.28124,0
1719176340000,3433.96,3435.07,3433.85,3434.13,626.788,1719176399999,2152629.32126,1326,248.237,852555.65087,0
1719176400000,3434.14,3434.80,3432.15,3434.14,1285.478,1719176459999,4413457.31095,2471,417.176,1432309.72175,0
1719176460000,3434.14,3437.88,3434.13,3437.65,1920.082,1719176519999,6598026.72536,2877,1293.225,4443945.03414,0
1719176520000,3437.65,3439.03,3437.25,3437.91,1251.498,1719176579999,4302842.44645,2135,573.515,1971794.91697,0
1719176580000,3437.91,3438.09,3435.57,3435.78,848.231,1719176639999,2915605.79637,1484,446.843,1536031.15406,0
1719176640000,3435.78,3435.79,3434.00,3434.00,650.368,1719176699999,2234053.49235,1402,134.694,462666.80724,0
1719176700000,3434.00,3435.14,3430.00,3430.71,2253.598,1719176759999,7732889.72892,2495,236.650,812423.35251,0
1719176760000,3430.71,3431.28,3429.00,3430.59,2393.234,1719176819999,8208930.80301,3995,854.214,2929989.89186,0
1719176820000,3430.60,3431.98,3430.23,3431.50,1518.060,1719176879999,5208404.01872,1686,1086.400,3727431.07579,0
1719176880000,3431.50,3431.50,3426.61,3428.27,2848.826,1719176939999,9767484.78067,3553,531.918,1823389.27372,0
1719176940000,3428.27,3428.56,3426.27,3426.48,1331.685,1719176999999,4564041.53957,1507,513.793,1760907.59522,0
1719177000000,3426.48,3426.48,3418.37,3421.65,8329.993,1719177059999,28505635.74995,8941,2528.755,8652675.55541,0
1719177060000,3421.65,3425.50,3421.65,3424.91,2498.622,1719177119999,8555210.55979,3309,1712.546,5863593.40609,0
1719177120000,3424.92,3426.00,3423.84,3425.59,1226.355,1719177179999,4200368.14260,2034,747.646,2560832.51021,0
1719177180000,3425.59,3427.09,3424.35,3425.13,1783.841,1719177239999,6111139.54298,2650,1142.607,3914507.22791,0
1719177240000,3425.14,3427.20,3424.60,3427.15,1440.331,1719177299999,4935058.48862,1865,1093.183,3745693.53624,0
1719177300000,3427.14,3427.15,3424.22,3424.62,2867.666,1719177359999,9823798.17559,3234,2107.155,7218405.29867,0
1719177360000,3424.61,3426.09,3423.61,3423.61,901.736,1719177419999,3088143.91594,1940,344.264,1179065.02593,0
1719177420000,3423.62,3423.92,3419.99,3420.83,1693.108,1719177479999,5792615.97782,2698,517.385,1770019.07488,0
1719177480000,3420.84,3420.84,3415.41,3417.68,3921.207,1719177539999,13399656.73167,4575,1156.510,3951642.32541,0
1719177540000,3417.69,3418.15,3412.78,3413.35,4285.194,1719177599999,14636598.08747,4655,878.270,3000305.39405,0
1719177600000,3413.35,3413.56,3405.15,3409.22,11680.144,1719177659999,39818844.72088,11938,3652.074,12450463.67043,0
1719177660000,3409.22,3419.14,3409.22,3419.14,3129.953,1719177719999,10694199.04549,4313,2195.609,7501315.30028,0
1719177720000,3419.13,3426.52,3419.13,3422.09,3201.174,1719177779999,10960504.00667,5298,2188.664,7493719.61904,0
1719177780000,3422.10,3423.24,3417.52,3420.84,1538.545,1719177839999,5262409.02024,3307,590.453,2019969.13111,0
1719177840000,3420.84,3420.99,3416.66,3416.69,1240.210,1719177899999,4239471.14665,2366,466.591,1594906.73786,0
1719177900000,3416.68,3423.80,3416.68,3423.36,1181.129,1719177959999,4040142.29727,2270,858.061,2934871.38468,0
1719177960000,3423.36,3423.97,3420.54,3423.96,1146.539,1719178019999,3923334.99774,2162,580.645,1986671.60819,0
1719178020000,3423.96,3428.28,3423.81,3428.01,3005.006,1719178079999,10295422.47330,3839,2419.958,8291222.35646,0
1719178080000,3428.02,3430.33,3426.10,3426.10,2582.516,1719178139999,8854602.85521,3229,1723.574,5909691.29157,0
1719178140000,3426.10,3426.10,3423.23,3423.23,1108.043,1719178199999,3794199.38710,1563,61.724,211409.76928,0
1719178200000,3423.23,3427.50,3420.00,3427.29,5015.380,1719178259999,17166538.84954,4976,2215.181,7584346.25160,0
1719178260000,3427.28,3429.97,3427.28,3429.30,1934.402,1719178319999,6632786.59105,2549,1478.947,5071246.04705,0
1719178320000,3429.29,3429.30,3423.66,3424.28,1335.103,1719178379999,4574567.13743,1837,402.270,1378196.15725,0
1719178380000,3424.28,3427.18,3423.41,3423.42,1043.209,1719178439999,3573830.74457,1983,549.325,1881873.84696,0
1719178440000,3423.42,3424.04,3421.32,3424.03,799.925,1719178499999,2737887.87404,1610,374.333,1281257.74932,0
1719178500000,3424.03,3424.40,3423.28,3423.28,446.255,1719178559999,1527956.16404,965,172.972,592218.20244,0
1719178560000,3423.27,3425.55,3423.03,3425.55,657.870,1719178619999,2252635.78706,1205,519.967,1780511.36287,0
1719178620000,3425.55,3428.41,3425.55,3428.40,1031.304,1719178679999,3533820.54152,1662,877.387,3006424.48439,0
1719178680000,3428.41,3430.82,3428.41,3430.30,1888.250,1719178739999,6475968.75325,2887,1354.956,4646936.87225,0
1719178740000,3430.30,3431.36,3428.22,3430.06,2758.021,1719178799999,9458514.52916,3273,1691.219,5799845.23849,0
1719178800000,3430.07,3432.07,3428.87,3428.87,1842.891,1719178859999,6322751.84666,2529,1318.248,4522645.24714,0
1719178860000,3428.87,3432.65,3428.85,3431.86,2693.996,1719178919999,9243260.79737,2948,1959.919,6724734.95110,0
1719178920000,3431.86,3431.87,3428.84,3428.94,778.355,1719178979999,2669743.06546,1393,209.040,717097.44872,0
1719178980000,3428.94,3430.19,3428.94,3430.19,364.107,1719179039999,1248713.66567,848,274.305,940737.16076,0
1719179040000,3430.20,3433.08,3430.19,3432.99,1725.430,1719179099999,5922266.48411,2448,813.641,2792479.87683,0
1719179100000,3433.00,3433.01,3428.02,3428.02,1661.126,1719179159999,5698604.13232,1852,222.928,764646.49687,0
1719179160000,3428.02,3428.03,3427.37,3427.61,509.600,1719179219999,1746826.33731,1125,145.893,500101.96596,0
1719179220000,3427.61,3430.45,3427.61,3430.44,473.596,1719179279999,1623962.10998,1035,300.640,1030748.01652,0
1719179280000,3430.43,3430.43,3427.95,3427.95,317.436,1719179339999,1088547.85351,1069,102.491,351497.32475,0
1719179340000,3427.95,3430.74,3427.95,3430.74,582.690,1719179399999,1998151.59564,1254,440.185,1509480.17488,0
1719179400000,3430.74,3430.75,3429.83,3429.84,718.253,1719179459999,2463745.34509,1090,125.260,429657.08802,0
1719179460000,3429.84,3429.87,3429.61,3429.61,236.565,1719179519999,811376.42933,647,107.202,367687.41620,0
1719179520000,3429.62,3430.18,3426.50,3426.56,1511.168,1719179579999,5180111.02155,1649,293.197,1005266.45193,0
1719179580000,3426.57,3430.18,3426.12,3430.18,2138.722,1719179639999,7332207.81399,2162,1847.143,6332684.76286,0
1719179640000,3430.17,3430.36,3429.27,3429.37,1772.306,1719179699999,6079038.98618,865,154.365,529411.06923,0
1719179700000,3429.37,3430.18,3429.37,3429.82,912.708,1719179759999,3130261.20164,1199,604.951,2074768.20826,0
1719179760000,3429.82,3430.70,3429.48,3430.64,751.528,1719179819999,2577764.39399,1080,507.989,1742466.06216,0
1719179820000,3430.64,3432.45,3430.64,3432.38,965.599,1719179879999,3313909.64231,1857,591.766,2030858.50895,0
1719179880000,3432.38,3432.97,3431.47,3431.47,473.507,1719179939999,1625185.09586,1470,211.909,727332.61350,0
1719179940000,3431.48,3434.02,3431.47,3433.78,935.019,1719179999999,3210177.73302,1863,809.421,2778948.58186,0
1719180000000,3433.78,3433.85,3429.17,3429.40,1211.553,1719180059999,4156695.57738,2012,327.019,1121732.10095,0
1719180060000,3429.39,3429.77,3427.41,3428.97,896.238,1719180119999,3072674.94964,1883,451.062,1546402.20153,0
1719180120000,3428.96,3428.97,3422.72,3426.01,4953.463,1719180179999,16964809.33646,4333,1336.897,4578378.39784,0
1719180180000,3426.00,3426.01,3422.59,3423.58,1650.084,1719180239999,5650292.41249,2449,857.144,2935022.16162,0
1719180240000,3423.58,3424.25,3420.91,3422.09,3733.032,1719180299999,12774988.75985,3251,972.364,3327263.19571,0
1719180300000,3422.09,3422.38,3420.91,3421.62,805.759,1719180359999,2756983.71411,1556,305.732,1046049.55535,0
1719180360000,3421.62,3421.62,3418.79,3419.10,4727.598,1719180419999,16167838.12410,3361,1283.539,4388787.00701,0
1719180420000,3419.10,3419.31,3418.02,3418.95,1339.642,1719180479999,4579924.32480,1611,502.402,1717555.11719,0
1719180480000,3418.94,3421.94,3418.49,3421.42,2474.436,1719180539999,8462134.18764,1929,1970.464,6738459.06561,0
1719180540000,3421.49,3421.50,3416.01,3416.24,1739.301,1719180599999,5944474.82939,2174,206.202,704745.65796,0
1719180600000,3416.23,3419.35,3415.58,3418.99,1288.455,1719180659999,4402544.97379,2136,503.191,1719426.68247,0
1719180660000,3418.99,3419.24,3415.86,3416.85,2154.128,1719180719999,7361139.39752,1972,443.844,1516397.42282,0
1719180720000,3416.85,3420.30,3416.84,3419.60,1746.528,1719180779999,5970015.75218,1857,1311.461,4482157.41336,0
1719180780000,3419.60,3420.69,3419.23,3419.24,444.113,1719180839999,1518748.87339,1056,216.247,739508.56907,0
1719180840000,3419.24,3419.24,3415.41,3416.42,3014.591,1719180899999,10299052.17676,2195,2148.385,7339190.12069,0
1719180900000,3416.42,3416.42,3414.02,3414.90,1704.924,1719180959999,5822507.72190,2691,591.429,2019687.63654,0
1719180960000,3414.90,3417.63,3414.89,3417.63,1540.007,1719181019999,5260826.32955,1876,1231.137,4205706.37149,0
1719181020000,3417.63,3420.23,3416.36,3419.63,1741.955,1719181079999,5955482.72821,1807,1365.692,4669429.47301,0
1719181080000,3419.63,3419.64,3418.05,3418.72,767.333,1719181139999,2623424.07520,1154,447.792,1530970.60754,0
1719181140000,3418.71,3419.45,3417.78,3419.45,469.739,1719181199999,1605796.80253,894,252.439,862960.17826,0
1719181200000,3419.45,3419.45,3417.81,3418.75,494.791,1719181259999,1691406.72501,859,260.659,891011.14661,0
1719181260000,3418.75,3419.33,3418.36,3418.50,354.787,1719181319999,1212951.63268,654,228.162,780031.24359,0
1719181320000,3418.49,3421.56,3418.49,3421.55,475.397,1719181379999,1625980.20330,1138,369.033,1262284.53957,0
1719181380000,3421.56,3421.63,3420.79,3421.35,576.756,1719181439999,1973180.44287,791,242.132,828367.49477,0
1719181440000,3421.35,3422.00,3419.11,3419.11,290.598,1719181499999,994120.79774,973,131.689,450542.10804,0
1719181500000,3419.11,3419.61,3415.74,3417.19,2186.462,1719181559999,7471724.27551,2370,480.877,1643113.48215,0
1719181560000,3417.19,3417.88,3414.60,3415.92,1082.765,1719181619999,3698388.57402,1764,505.160,1725390.61884,0
1719181620000,3415.92,3417.60,3415.40,3417.16,952.133,1719181679999,3252529.00096,1194,494.878,1690544.06498,0
1719181680000,3417.17,3418.16,3416.83,3418.16,520.329,1719181739999,1778099.46128,990,293.828,1004092.32390,0
1719181740000,3418.15,3418.88,3417.18,3417.49,1304.851,1719181799999,4460258.85435,1426,938.065,3206531.76227,0
1719181800000,3417.49,3418.00,3414.30,3417.14,1211.945,1719181859999,4140901.85834,1763,264.048,902000.89369,0
1719181860000,3417.13,3418.00,3415.78,3418.00,613.793,1719181919999,2097357.97479,1138,271.843,928878.61740,0
1719181920000,3418.00,3420.55,3417.99,3419.29,1099.031,1719181979999,3757852.25023,1644,779.014,2663352.66702,0
1719181980000,3419.29,3421.00,3418.50,3419.95,744.366,1719182039999,2545330.73162,1426,363.755,1243856.27283,0
1719182040000,3419.95,3419.95,3418.00,3418.01,334.583,1719182099999,1143917.13168,859,145.288,496727.70367,0
1719182100000,3418.00,3418.00,3410.67,3413.86,4137.916,1719182159999,14123869.87166,4640,973.741,3323067.78384,0
1719182160000,3413.86,3414.79,3412.39,3413.60,1966.932,1719182219999,6714123.65185,2656,924.621,3156377.21861,0
1719182220000,3413.60,3415.44,3412.81,3415.30,1416.405,1719182279999,4835499.05934,1592,747.585,2552218.43828,0
1719182280000,3415.31,3418.18,3414.68,3418.18,790.204,1719182339999,2699654.62171,1539,367.905,1257037.01944,0
1719182340000,3418.18,3419.38,3417.20,3419.38,1092.108,1719182399999,3733653.99829,1546,590.431,2018478.52358,0
1719182400000,3419.38,3419.70,3418.50,3418.82,623.850,1719182459999,2133087.33973,1277,247.121,844931.64136,0
1719182460000,3418.82,3419.09,3417.25,3419.08,794.684,1719182519999,2716395.54449,1010,488.996,1671543.76462,0
1719182520000,3419.08,3420.52,3417.97,3420.52,586.263,1719182579999,2004553.94339,1570,381.435,1304326.07354,0
1719182580000,3420.52,3421.60,3420.52,3421.33,455.894,1719182639999,1559760.58944,906,291.550,997494.86959,0
1719182640000,3421.32,3422.37,3421.22,3421.66,644.259,1719182699999,2204533.27964,1020,480.381,1643744.75288,0
1719182700000,3421.68,3421.70,3419.00,3419.00,1468.080,1719182759999,5021906.25215,1675,365.553,1250183.30997,0
1719182760000,3419.00,3421.52,3418.52,3421.18,500.438,1719182819999,1711584.58595,1287,361.800,1237380.27149,0
1719182820000,3421.18,3422.42,3421.18,3422.02,497.145,1719182879999,1701221.51249,1184,258.812,885623.87718,0
1719182880000,3422.01,3422.65,3421.52,3422.65,605.890,1719182939999,2073371.25059,838,302.472,1035031.42496,0
1719182940000,3422.64,3423.44,3422.25,3423.43,288.620,1719182999999,987869.78310,921,215.408,737288.75996,0
1719183000000,3423.44,3423.44,3422.00,3422.95,464.112,1719183059999,1588638.60079,895,348.393,1192542.87461,0
1719183060000,3422.95,3423.40,3421.44,3421.97,649.499,1719183119999,2222752.26001,942,281.855,964543.93974,0
1719183120000,3421.97,3422.60,3421.80,3422.25,299.968,1719183179999,1026507.51900,692,224.723,769006.19146,0
1719183180000,3422.25,3425.33,3421.98,3424.48,2130.778,1719183239999,7295284.02274,2602,1664.083,5697239.77468,0
1719183240000,3424.49,3425.40,3423.47,3423.91,870.574,1719183299999,2981319.51573,1133,386.309,1322878.37978,0
1719183300000,3423.92,3424.20,3420.98,3421.02,863.606,1719183359999,2955177.43710,1164,360.901,1235014.48667,0
1719183360000,3421.02,3421.32,3420.18,3421.29,993.197,1719183419999,3397588.21171,1430,480.462,1643562.93867,0
1719183420000,3421.28,3423.20,3421.02,3422.97,849.633,1719183479999,2907580.99188,1082,755.799,2586460.22747,0
1719183480000,3422.88,3423.33,3422.01,3422.73,306.102,1719183539999,1047699.98210,718,189.164,647438.63598,0
1719183540000,3422.72,3424.58,3422.72,3424.36,554.888,1719183599999,1899927.75007,896,425.135,1455611.25338,0
1719183600000,3424.36,3426.00,3423.78,3426.00,647.854,1719183659999,2218780.23675,1219,483.279,1655184.72497,0
1719183660000,3426.00,3426.00,3424.10,3424.78,925.785,1719183719999,3170628.33860,1306,465.948,1595682.93881,0
1719183720000,3424.79,3425.99,3424.04,3424.04,800.868,1719183779999,2743041.36917,1070,538.073,1842974.49517,0
1719183780000,3424.04,3425.47,3422.00,3422.72,1344.882,1719183839999,4605231.35659,1725,451.986,1547508.68001,0
1719183840000,3422.72,3423.76,3422.57,3422.57,657.134,1719183899999,2249403.26101,791,193.338,661814.58102,0
1719183900000,3422.57,3422.65,3420.67,3420.67,1263.175,1719183959999,4322099.66778,1519,397.521,1360123.47167,0
1719183960000,3420.67,3421.55,3417.71,3421.05,1448.895,1719184019999,4954662.73347,2379,635.885,2174597.46341,0
1719184020000,3421.05,3423.54,3420.90,3423.16,1242.947,1719184079999,4254040.96265,1720,925.169,3166393.54726,0
1719184080000,3423.16,3423.63,3422.87,3423.51,476.935,1719184139999,1632586.72182,787,260.870,892971.66360,0
1719184140000,3423.51,3424.00,3422.41,3422.51,1598.342,1719184199999,5471096.61890,1545,921.241,3153280.24763,0
1719184200000,3422.52,3424.92,3422.51,3424.52,524.947,1719184259999,1797301.19797,1058,416.786,1426956.92060,0
1719184260000,3424.52,3424.69,3422.05,3422.75,893.345,1719184319999,3058365.88553,1189,207.848,711517.81006,0
1719184320000,3422.75,3425.94,3422.57,3424.70,4078.319,1719184379999,13967417.18025,2922,3235.755,11081878.62276,0
1719184380000,3424.69,3425.72,3424.69,3425.04,500.747,1719184439999,1715146.13527,764,206.396,706911.36723,0
1719184440000,3425.04,3425.53,3425.04,3425.50,381.167,1719184499999,1305661.81061,543,155.855,533855.48114,0
1719184500000,3425.50,3425.78,3423.68,3423.68,637.780,1719184559999,2184057.07961,1059,249.528,854525.05922,0
1719184560000,3423.68,3424.36,3421.70,3423.37,2098.868,1719184619999,7184590.58777,2150,810.483,2774206.97521,0
1719184620000,3423.37,3423.68,3421.00,3421.00,724.911,1719184679999,2480979.02141,1152,153.479,525265.86281,0
1719184680000,3421.00,3421.00,3418.23,3419.31,1719.545,1719184739999,5880126.75991,1848,412.518,1410678.58303,0
1719184740000,3419.30,3422.27,3418.36,3422.26,1359.795,1719184799999,4650351.39322,1635,393.105,1344360.01711,0
1719184800000,3422.26,3424.50,3421.04,3424.19,1307.536,1719184859999,4475586.49401,1828,618.466,2116802.69373,0
1719184860000,3424.19,3427.42,3423.60,3427.30,2412.025,1719184919999,8262387.15805,2621,1598.723,5477001.81432,0
1719184920000,3427.29,3428.83,3426.10,3428.15,1443.943,1719184979999,4949631.11256,2376,891.034,3054336.86198,0
1719184980000,3428.15,3428.20,3425.91,3426.88,645.255,1719185039999,2211175.78384,1336,403.441,1382425.21408,0
1719185040000,3426.89,3427.96,3426.30,3427.88,657.818,1719185099999,2254617.81588,1156,303.716,1040903.41427,0
1719185100000,3427.89,3427.89,3427.07,3427.61,404.714,1719185159999,1387165.41401,1085,207.801,712225.60536,0
1719185160000,3427.61,3428.18,3427.14,3428.08,771.215,1719185219999,2643464.97119,1228,461.813,1582944.73943,0
1719185220000,3428.08,3428.14,3424.22,3425.23,1071.668,1719185279999,3671231.24970,1974,384.041,1315382.83465,0
1719185280000,3425.22,3426.09,3425.20,3425.20,375.925,1719185339999,1287800.92872,916,208.974,715864.70871,0
1719185340000,3425.21,3425.21,3422.69,3422.88,1602.321,1719185399999,5486624.42935,1884,343.287,1175591.60422,0
1719185400000,3422.88,3424.21,3421.50,3423.35,1738.037,1719185459999,5949368.34021,2136,1230.910,4213343.71569,0
1719185460000,3423.36,3424.18,3422.92,3424.18,576.655,1719185519999,1974200.98997,967,301.338,1031620.80288,0
1719185520000,3424.17,3424.73,3423.05,3423.56,773.706,1719185579999,2648990.04498,1377,303.768,1040000.54253,0
1719185580000,3423.57,3424.41,3422.22,3424.14,971.948,1719185639999,3327267.15444,1481,474.375,1623739.41127,0
1719185640000,3424.13,3424.73,3421.61,3421.69,1660.339,1719185699999,5682951.25149,2002,242.435,829849.66411,0
1719185700000,3421.69,3421.95,3418.18,3419.17,1767.101,1719185759999,6042666.64406,2638,525.510,1797014.26089,0
1719185760000,3419.18,3422.42,3418.20,3419.04,3393.866,1719185819999,11606618.04528,3248,1262.247,4315869.73651,0
1719185820000,3419.04,3423.18,3419.04,3421.60,3051.225,1719185879999,10440212.40995,3252,1028.608,3519356.57205,0
1719185880000,3421.60,3422.60,3420.41,3420.42,953.061,1719185939999,3260899.88650,1756,536.831,1836791.35809,0
1719185940000,3420.42,3420.76,3418.29,3418.40,984.441,1719185999999,3366160.02204,1622,382.509,1307903.32971,0
1719186000000,3418.41,3420.09,3416.42,3420.09,2129.768,1719186059999,7279590.69524,2732,871.581,2979273.96764,0
1719186060000,3420.09,3421.59,3419.13,3420.68,1343.675,1719186119999,4596139.30605,2037,721.018,2466338.68741,0
1719186120000,3420.67,3421.27,3419.88,3420.80,468.209,1719186179999,1601521.53757,1151,221.315,757022.37343,0
1719186180000,3420.79,3423.53,3420.56,3423.01,521.251,1719186239999,1783881.42337,1631,305.075,1044049.23032,0
1719186240000,3423.00,3423.01,3419.95,3421.12,884.749,1719186299999,3026920.48593,2194,327.762,1121157.41586,0
1719186300000,3421.12,3422.63,3420.60,3421.44,889.352,1719186359999,3042869.30008,1570,558.014,1909181.45658,0
1719186360000,3421.44,3421.44,3417.09,3417.20,1574.937,1719186419999,5383344.90509,2042,343.090,1172656.37290,0
1719186420000,3417.21,3420.80,3416.85,3420.79,949.069,1719186479999,3244619.59204,1813,641.661,2193687.41508,0
1719186480000,3420.80,3421.48,3420.21,3420.21,309.615,1719186539999,1059235.02739,847,137.873,471658.30200,0
1719186540000,3420.22,3421.28,3419.60,3420.51,398.775,1719186599999,1363943.37847,1068,261.703,895102.85230,0
1719186600000,3420.51,3420.51,3417.19,3419.01,1055.095,1719186659999,3607210.13257,2078,360.477,1232428.83425,0
1719186660000,3419.00,3423.38,3419.00,3423.38,1517.689,1719186719999,5192831.85455,2030,1184.417,4052460.58287,0
1719186720000,3423.37,3423.38,3421.09,3421.43,559.026,1719186779999,1913198.26504,1178,162.476,556003.91674,0
1719186780000,3421.42,3422.49,3420.92,3421.12,847.632,1719186839999,2900436.62151,1190,590.399,2020196.24232,0
1719186840000,3421.12,3421.25,3418.82,3418.82,946.785,1719186899999,3238102.13121,1513,286.029,978262.20334,0
1719186900000,3418.83,3419.18,3417.57,3418.58,1494.821,1719186959999,5109563.75762,1905,722.698,2470272.27482,0
1719186960000,3418.59,3420.12,3417.80,3419.00,1241.564,1719187019999,4244853.72780,1452,678.199,2318553.90711,0
1719187020000,3419.00,3419.48,3416.42,3419.39,1115.212,1719187079999,3811243.90996,1969,447.894,1530571.87273,0
1719187080000,3419.39,3420.97,3419.03,3419.27,910.824,1719187139999,3115065.78344,1455,397.156,1358262.49996,0
1719187140000,3419.27,3419.90,3419.26,3419.38,663.717,1719187199999,2269599.48287,1256,433.251,1481492.88035,0
